%x y
0.0 28.003129234360173
0.009999999999999787 27.85778698848435
0.019999999999999574 27.796990541230237
0.02999999999999936 27.792238526208976
0.040000000000000924 27.849673267921197
0.05000000000000071 27.93344720380341
0.0600000000000005 27.94221249672108
0.07000000000000028 27.947540149703574
0.08000000000000007 27.760267590434225
0.08999999999999986 27.77533061759882
0.09999999999999964 27.876669421705763
0.10999999999999943 27.884273135489984
0.120000000000001 27.868275995976205
0.13000000000000078 27.8636598728882
0.14000000000000057 27.856972686981567
0.15000000000000036 27.867826805501238
0.16000000000000014 27.853281162084123
0.16999999999999993 27.755077012310366
0.17999999999999972 27.846986314733094
0.1899999999999995 27.624576999042727
0.1999999999999993 27.748708466091763
0.21000000000000085 27.72015444594244
0.22000000000000064 27.626583666586946
0.23000000000000043 27.60154813628396
0.2400000000000002 27.60983634454686
0.25 27.60436581531486
0.2599999999999998 27.589295730501377
0.2699999999999996 27.690302430003854
0.27999999999999936 27.499207457773963
0.2900000000000009 27.51066306318625
0.3000000000000007 27.720498708417715
0.3100000000000005 27.552950020360704
0.3200000000000003 27.50411521860691
0.33000000000000007 27.49529511663491
0.33999999999999986 27.622471894001578
0.34999999999999964 27.451297639041265
0.35999999999999943 27.467516663151535
0.370000000000001 27.506886819088734
0.3800000000000008 27.616402694776973
0.39000000000000057 27.55968284684166
0.40000000000000036 27.557804232097112
0.41000000000000014 27.396124600801723
0.41999999999999993 27.39446138757816
0.4299999999999997 27.54499650666466
0.4399999999999995 27.364130442170897
0.4499999999999993 27.48605120927938
0.46000000000000085 27.326886318496236
0.47000000000000064 27.28016094486557
0.4800000000000004 27.252608220810764
0.4900000000000002 27.2808259737583
0.5 27.248591567731857
0.5099999999999998 27.232034871838664
0.5199999999999996 27.344841796567717
0.5299999999999994 27.328804229606977
0.5400000000000009 27.208300408580328
0.5500000000000007 27.225060730241154
0.5600000000000005 27.201962017204764
0.5700000000000003 27.3597099014435
0.5800000000000001 27.312106757060146
0.5899999999999999 27.16587802733465
0.5999999999999996 27.16923047127227
0.6099999999999994 27.147634923375847
0.620000000000001 27.153717919691204
0.6300000000000008 27.113253868751194
0.6400000000000006 27.145140829113828
0.6500000000000004 27.052182591309247
0.6600000000000001 27.101544216538873
0.6699999999999999 27.29740636251163
0.6799999999999997 27.145150196394944
0.6899999999999995 27.12318730287647
0.6999999999999993 27.100927633620422
0.7100000000000009 27.129197723387122
0.7200000000000006 27.275034877385675
0.7300000000000004 27.262340777546513
0.7400000000000002 27.10732789389654
0.75 27.09711935770494
0.7599999999999998 27.122211961058966
0.7699999999999996 27.12184654188617
0.7799999999999994 27.266396587538054
0.7900000000000009 27.094185834708597
0.8000000000000007 27.08440452777043
0.8100000000000005 27.114237829981317
0.8200000000000003 27.10909078336811
0.8300000000000001 27.13685659212684
0.8399999999999999 27.145572256717294
0.8499999999999996 27.1436684255643
0.8599999999999994 27.08093465695552
0.870000000000001 27.163107443007448
0.8800000000000008 27.35401771724603
0.8900000000000006 27.327374260858015
0.9000000000000004 27.148533401060917
0.9100000000000001 27.121961965172243
0.9199999999999999 27.11722909158901
0.9299999999999997 27.13213911517067
0.9399999999999995 27.298941277589833
0.9499999999999993 27.325757519537817
0.9600000000000009 27.129148535551163
0.9700000000000006 27.20672857688161
0.9800000000000004 27.1425954280269
0.9900000000000002 27.14415199839431
1.0 27.0988401544099
1.0099999999999998 27.157075098831825
1.0199999999999996 27.1020799799889
1.0299999999999994 27.070986727577555
1.040000000000001 27.135233179705473
1.0500000000000007 27.13565931809148
1.0600000000000005 27.148172822993388
1.0700000000000003 27.064983800122512
1.08 27.06947685230128
1.0899999999999999 27.1180411613552
1.0999999999999996 27.29172418944826
1.1099999999999994 27.10007323514186
1.120000000000001 27.114468690769854
1.1300000000000008 27.12381819523766
1.1400000000000006 27.10228500098648
1.1500000000000004 27.079674262114338
1.1600000000000001 27.119644357467756
1.17 27.12067039323056
1.1799999999999997 27.08665316689086
1.1899999999999995 27.11591901930572
1.1999999999999993 27.09623082503261
1.2100000000000009 27.241373393754245
1.2200000000000006 27.1049020818224
1.2300000000000004 27.02075793075847
1.2400000000000002 26.979555722627524
1.25 27.06407060032827
1.2599999999999998 27.042633837763436
1.2699999999999996 26.94955031782722
1.2799999999999994 26.975315932915862
1.290000000000001 26.937833685270682
1.3000000000000007 26.918932760466323
1.3100000000000005 26.97202938907351
1.3200000000000003 26.933657139055875
1.33 26.941269531206522
1.3399999999999999 26.984885216269742
1.3499999999999996 26.874689370831216
1.3599999999999994 27.39357558903815
1.370000000000001 26.87074605782275
1.3800000000000008 26.862600864798083
1.3900000000000006 26.825347754712
1.4000000000000004 26.8442979483334
1.4100000000000001 27.022998565825343
1.42 27.032865562584455
1.4299999999999997 27.130808395717928
1.4399999999999995 26.83357779246731
1.4499999999999993 26.78940692118414
1.4600000000000009 26.79071507074908
1.4700000000000006 26.82127295964905
1.4800000000000004 26.7920819859033
1.4900000000000002 26.74322601358078
1.5 26.78721102984444
1.5099999999999998 26.80816975405616
1.5199999999999996 26.842608890220962
1.5299999999999994 26.982086694982407
1.540000000000001 26.74263692563364
1.5500000000000007 26.763530798781574
1.5600000000000005 26.754534794874104
1.5700000000000003 26.77626219625435
1.58 26.729160793278503
1.5899999999999999 26.717320514899853
1.5999999999999996 26.721523048703745
1.6099999999999994 26.676289901179103
1.620000000000001 26.696664733445743
1.6300000000000008 26.705402220761105
1.6400000000000006 26.867939935491382
1.6500000000000004 26.827027977141967
1.6600000000000001 26.642993787672076
1.67 26.647085306229638
1.6799999999999997 26.66123489388928
1.6899999999999995 26.699610244158606
1.6999999999999993 26.63600698678963
1.7100000000000009 26.613265260519157
1.7200000000000006 26.59204434005376
1.7300000000000004 26.641913171426104
1.7400000000000002 26.620958869516663
1.75 26.594822805208572
1.7599999999999998 26.779184779425236
1.7699999999999996 26.753639712973218
1.7799999999999994 26.618719675006396
1.790000000000001 26.57309609285062
1.8000000000000007 26.57883659046719
1.8100000000000005 26.550142202318384
1.8200000000000003 26.55000032805672
1.83 26.53709422666274
1.8399999999999999 26.640269506469256
1.8499999999999996 26.57110136447087
1.8599999999999994 26.587451559064274
1.870000000000001 26.600960799352595
1.8800000000000008 26.649924338675273
1.8900000000000006 26.626254677782054
1.9000000000000004 26.56387149116913
1.9100000000000001 26.560461873569327
1.92 26.608939860505863
1.9299999999999997 26.55440983711859
1.9399999999999995 26.59852495509802
1.9499999999999993 26.564551723370542
1.9600000000000009 26.608887214739372
1.9700000000000006 26.56248264048201
1.9800000000000004 26.580715695031433
1.9900000000000002 26.805424467834953
2.0 26.666657968523396
2.01 26.643981580951557
2.0199999999999996 26.628558819136686
2.0299999999999994 26.612979175679733
2.040000000000001 26.623455493955618
2.0500000000000007 26.622809820284743
2.0600000000000005 26.60660156083609
2.0700000000000003 26.630081534227916
2.08 26.639848513536272
2.09 26.800532168621597
2.0999999999999996 26.638016891424073
2.1099999999999994 26.676565735356057
2.120000000000001 26.73588813813025
2.130000000000001 26.738869473617825
2.1400000000000006 26.821279071714308
2.1500000000000004 26.877750200587244
2.16 26.993407924378488
2.17 27.114888827643696
2.1799999999999997 27.28768923092243
2.1899999999999995 27.690204359480383
2.1999999999999993 27.775765940444103
2.210000000000001 28.17272507862509
2.2200000000000006 28.72652819628759
2.2300000000000004 29.049942233976495
2.24 29.91149759154164
2.25 30.320114781563344
2.26 31.31064944104259
2.2699999999999996 31.875138677635743
2.2799999999999994 32.77135983902581
2.290000000000001 33.6873341118896
2.3000000000000007 34.65133475206943
2.3100000000000005 35.614807998983714
2.3200000000000003 37.071999027781374
2.33 37.89154775539405
2.34 38.99267279224348
2.3499999999999996 40.204916787014405
2.3599999999999994 41.39851328462001
2.370000000000001 42.934641291547926
2.380000000000001 43.84616113632059
2.3900000000000006 45.156430043714096
2.4000000000000004 46.385307573006884
2.41 47.698466993758586
2.42 48.99001357447056
2.4299999999999997 50.62895706643923
2.4399999999999995 51.68628566960294
2.4499999999999993 53.093664996085806
2.460000000000001 54.49299196805934
2.4700000000000006 56.01919618506243
2.4800000000000004 57.51006235052266
2.49 59.05182520819494
2.5 60.723556703248676
2.51 62.338166447242564
2.5199999999999996 63.892344779379485
2.5299999999999994 65.7168762401998
2.540000000000001 67.38583449395819
2.5500000000000007 69.00762914782993
2.5600000000000005 70.70466687765102
2.5700000000000003 72.54470709920562
2.58 74.31504367400106
2.59 76.06105445001279
2.5999999999999996 77.8620500923928
2.6099999999999994 79.76056630465274
2.620000000000001 82.84609563091004
2.630000000000001 84.75281665817369
2.6400000000000006 87.03543179843422
2.6500000000000004 88.6995378176882
2.66 90.59494992372996
2.67 92.5461944266433
2.6799999999999997 94.41659861559016
2.6899999999999995 96.26155219713621
2.6999999999999993 98.26053235993103
2.710000000000001 100.11386291274286
2.7200000000000006 101.95748506303349
2.7300000000000004 103.7131491880327
2.74 105.61230042241314
2.75 107.57295764259874
2.76 109.08839574280272
2.7699999999999996 111.026441496569
2.7799999999999994 112.93024365799286
2.790000000000001 114.95014102012799
2.8000000000000007 117.03438229811013
2.8100000000000005 118.92294823215686
2.8200000000000003 120.97203484236587
2.83 122.95580697942188
2.84 124.96128363143333
2.8499999999999996 127.58716363146421
2.8599999999999994 129.50668967254063
2.870000000000001 131.21883648336595
2.880000000000001 132.97374748552176
2.8900000000000006 134.92300317578628
2.9000000000000004 136.77413644228156
2.91 138.6653632698796
2.92 140.5992702232146
2.9299999999999997 142.50819150179854
2.9399999999999995 144.5528546918058
2.9499999999999993 146.4266170740806
2.960000000000001 148.31410594514648
2.9700000000000006 150.2497248616011
2.9800000000000004 152.27863907966932
2.99 153.58653027158118
3.0 155.55043077620277
3.01 158.71717719206546
3.0199999999999996 160.7732953818342
3.0299999999999994 162.77933322999627
3.040000000000001 164.07794323126953
3.0500000000000007 166.13411209214408
3.0600000000000005 168.05280784670623
3.0700000000000003 170.18655944140193
3.08 172.15287282690053
3.09 174.1523200359689
3.0999999999999996 176.23299105463352
3.1099999999999994 178.2140983570056
3.120000000000001 180.31888511590773
3.130000000000001 182.3154008724182
3.1400000000000006 184.41623629618266
3.1500000000000004 186.5329564924633
3.16 188.40754398340488
3.17 190.24486371164252
3.1799999999999997 192.2252214846872
3.1899999999999995 194.4407097663145
3.1999999999999993 197.24468666735785
3.210000000000001 199.67604326279508
3.2200000000000006 201.77114883156923
3.2300000000000004 204.3264301921377
3.24 206.23207042361054
3.25 208.57892087892148
3.26 210.6847761365106
3.2699999999999996 212.89075195651913
3.2799999999999994 215.32178280321915
3.290000000000001 217.5926504694305
3.3000000000000007 219.82467211879035
3.3100000000000005 222.16232440612742
3.3200000000000003 224.37659803765723
3.33 226.77582363860887
3.34 228.99521574867578
3.3499999999999996 231.38206421145782
3.3599999999999994 233.6237924531619
3.370000000000001 238.22716080118985
3.380000000000001 240.62155811000213
3.3900000000000006 243.02070644332534
3.4000000000000004 245.43754300928984
3.41 247.87455074080108
3.42 250.32541026336193
3.4299999999999997 252.70189879304198
3.4399999999999995 255.17488172873442
3.4499999999999993 257.5107882037148
3.460000000000001 259.9671526494738
3.4700000000000006 262.3262857897345
3.4800000000000004 264.75309688619325
3.49 267.16676172027377
3.5 269.5656540979769
3.51 271.97344411675004
3.5199999999999996 274.37401282217473
3.5299999999999994 276.78398430962187
3.540000000000001 279.2016345140926
3.5500000000000007 281.69013947739063
3.5600000000000005 284.1106724563066
3.5700000000000003 286.4806501989832
3.58 284.6350008674492
3.59 286.88112262284596
3.5999999999999996 289.17044421529835
3.6099999999999994 291.43286008840647
3.620000000000001 293.6411920274524
3.630000000000001 295.9653044312953
3.6400000000000006 298.2422987472707
3.6500000000000004 300.52165412506895
3.66 302.67207830448103
3.67 305.014887826197
3.6799999999999997 307.26509669065194
3.6899999999999995 309.5170248339565
3.6999999999999993 311.8161306301763
3.710000000000001 314.0596939719884
3.7200000000000006 316.3181850093151
3.7300000000000004 318.58651376120326
3.74 320.94341371647954
3.75 323.20245038518755
3.76 325.3383453170144
3.7699999999999996 327.56836308474385
3.7799999999999994 329.7531337722238
3.790000000000001 332.03167626993263
3.8000000000000007 334.2574822559525
3.8100000000000005 336.4867609353705
3.8200000000000003 338.6935929290191
3.83 340.9056938965803
3.84 343.17300856724927
3.8499999999999996 345.3982679048215
3.8599999999999994 347.6351040943695
3.870000000000001 349.8161630592356
3.880000000000001 351.9866964619612
3.8900000000000006 354.1852150769651
3.9000000000000004 364.73034771958675
3.91 367.04957779821416
3.92 369.30731218354487
3.9299999999999997 371.69016849172425
3.9399999999999995 373.88485917015424
3.9499999999999993 376.21701580014764
3.960000000000001 378.5096503338135
3.9700000000000006 380.7896516496087
3.9800000000000004 383.1096396928685
3.99 385.2751666169492
4.0 387.57126003255013
4.01 389.80207178150187
4.02 392.0520840079924
4.029999999999999 394.31225272806273
4.040000000000001 396.50495605277973
4.050000000000001 398.8371364523988
4.0600000000000005 401.03133065476686
4.07 403.15849715781985
4.08 405.36958882854776
4.09 407.42025554388795
4.1 409.5901628455278
4.109999999999999 411.6406802501629
4.120000000000001 413.71902273051757
4.130000000000001 415.7641046828074
4.140000000000001 417.74186085511707
4.15 419.7841057295513
4.16 421.816845049526
4.17 423.8447573744941
4.18 425.80536061553556
4.1899999999999995 427.8471865298894
4.199999999999999 429.79769518530907
4.210000000000001 431.7749733665879
4.220000000000001 433.70864285279214
4.23 435.6788991310394
4.24 437.5697303838082
4.25 439.4596046754474
4.26 441.30303894996507
4.27 443.12799852845495
4.279999999999999 444.96034581078646
4.290000000000001 446.67964561278785
4.300000000000001 448.5028438923216
4.3100000000000005 450.2750240638513
4.32 451.9710785064901
4.33 453.73715905916305
4.34 455.4475463192486
4.35 457.1414903335459
4.359999999999999 458.83244721847524
4.370000000000001 460.45353945817635
4.380000000000001 462.15476735213014
4.390000000000001 463.7288423257019
4.4 465.3382399779811
4.41 466.90718375548215
4.42 468.29754715330637
4.43 469.71042313696705
4.4399999999999995 470.902908035643
4.449999999999999 472.0435841830941
4.460000000000001 473.1176592315861
4.470000000000001 474.1316755846476
4.48 475.0554830791712
4.49 475.845561090198
4.5 476.544995589016
4.51 477.1463056120694
4.52 477.63042954355996
4.529999999999999 477.90964283450677
4.540000000000001 478.02018485755866
4.550000000000001 477.9739843612168
4.5600000000000005 477.8832480059403
4.57 477.49259510885224
4.58 477.0224489490227
4.59 476.44576727560985
4.6 475.6453745163885
4.609999999999999 474.89774325211795
4.620000000000001 474.01567624016025
4.630000000000001 473.0483849142626
4.640000000000001 472.0675833918661
4.65 470.9128191550869
4.66 469.7229185155608
4.67 468.4685632165957
4.68 467.1367474149144
4.6899999999999995 465.6172217969937
4.699999999999999 464.01295424330164
4.710000000000001 462.40558710393805
4.720000000000001 460.7635987895143
4.73 459.0669700973756
4.74 457.443992729848
4.75 455.9456074336677
4.76 454.38135736335136
4.77 452.87536121612175
4.779999999999999 451.42852023082764
4.790000000000001 nan
4.800000000000001 nan
4.8100000000000005 nan
4.82 nan
4.83 nan
4.84 nan
4.85 nan
4.859999999999999 nan
4.870000000000001 nan
4.880000000000001 nan
4.890000000000001 nan
4.9 nan
4.91 nan
4.92 nan
4.93 nan
4.9399999999999995 nan
4.949999999999999 nan
4.960000000000001 nan
4.970000000000001 nan
4.98 nan
4.99 nan
5.0 nan
5.01 nan
5.02 nan
5.029999999999999 nan
5.040000000000001 nan
5.050000000000001 nan
5.0600000000000005 nan
5.07 nan
5.08 nan
5.09 nan
5.1 nan
5.109999999999999 nan
5.120000000000001 nan
5.130000000000001 403.2752338388462
5.140000000000001 402.2602072193473
5.15 401.2131905088258
5.16 400.1645716743568
5.17 399.1759493660748
5.18 398.16380902899374
5.1899999999999995 397.13567392679033
5.199999999999999 nan
5.210000000000001 nan
5.220000000000001 nan
5.23 nan
5.24 nan
5.25 nan
5.26 nan
5.27 nan
5.279999999999999 nan
5.290000000000001 nan
5.300000000000001 nan
5.3100000000000005 nan
5.32 nan
5.33 nan
5.34 nan
5.35 nan
5.359999999999999 nan
5.370000000000001 nan
5.380000000000001 nan
5.390000000000001 nan
5.4 nan
5.41 nan
5.420000000000002 nan
5.43 nan
5.440000000000001 nan
5.449999999999999 nan
5.460000000000001 nan
5.469999999999999 nan
5.48 nan
5.489999999999998 nan
5.5 nan
5.510000000000002 nan
5.52 nan
5.530000000000001 nan
5.539999999999999 nan
5.550000000000001 nan
5.559999999999999 nan
5.57 nan
5.580000000000002 nan
5.59 nan
5.600000000000001 nan
5.609999999999999 nan
5.620000000000001 nan
5.629999999999999 nan
5.640000000000001 nan
5.649999999999999 nan
5.66 nan
5.670000000000002 nan
5.68 nan
5.690000000000001 nan
5.699999999999999 nan
5.710000000000001 nan
5.719999999999999 nan
5.73 nan
5.739999999999998 nan
5.75 nan
5.760000000000002 nan
5.77 nan
5.780000000000001 nan
5.789999999999999 nan
5.800000000000001 nan
5.809999999999999 nan
5.82 nan
5.830000000000002 348.9495002512494
5.84 348.1673113461108
5.850000000000001 347.38144284289154
5.859999999999999 346.70723018305796
5.870000000000001 346.0013862482258
5.879999999999999 345.28475937234873
5.890000000000001 344.5053898157001
5.899999999999999 343.77327040030326
5.91 343.04456836459127
5.920000000000002 342.2682186979829
5.93 341.6062208592344
5.940000000000001 340.92806265690524
5.949999999999999 340.1442772170652
5.960000000000001 339.3881915542858
5.969999999999999 338.6027655965173
5.98 337.8361206254953
5.989999999999998 337.0914725841921
6.0 336.31825387987857
6.010000000000002 335.56579111016913
6.02 334.77212593459177
6.030000000000001 333.954602835712
6.039999999999999 333.1606309397587
6.050000000000001 332.52615141181934
6.059999999999999 331.72081892646264
6.07 330.9492797637792
6.080000000000002 nan
6.09 329.426097150541
6.100000000000001 328.6640944030651
6.109999999999999 327.8622770952861
6.120000000000001 327.09534918265854
6.129999999999999 326.32757548965753
6.140000000000001 325.57523042388766
6.149999999999999 324.6926653373351
6.16 323.94389821850586
6.170000000000002 323.15189057578317
6.18 322.37462855260554
6.190000000000001 321.6114366363445
6.199999999999999 320.80484273019795
6.210000000000001 320.02381104152505
6.219999999999999 319.28377983627973
6.23 318.4752779875746
6.239999999999998 317.6534828824237
6.25 316.8559313898711
6.260000000000002 316.07788962296894
6.27 315.2447652884219
6.280000000000001 314.4265585133409
6.289999999999999 313.6109535629761
6.300000000000001 312.76201515585984
6.309999999999999 311.9658902907612
6.32 311.06296969507116
6.330000000000002 310.29146482081194
6.34 309.4249127973224
6.350000000000001 308.59383984751406
6.359999999999999 307.76523344273653
6.370000000000001 306.8874025845278
6.379999999999999 305.9643242631799
6.390000000000001 305.0996909913146
6.399999999999999 304.22113501436667
6.41 303.3846234755626
6.420000000000002 302.5057008515391
6.43 301.63787532721994
6.440000000000001 300.75496301028966
6.449999999999999 299.8691470081722
6.460000000000001 298.9587645276743
6.469999999999999 298.02177179786327
6.48 297.1183222862956
6.489999999999998 296.25779472988165
6.5 295.3358825068028
6.510000000000002 294.4190479062701
6.52 293.5169715019658
6.530000000000001 292.5966356270508
6.539999999999999 291.6765948154526
6.550000000000001 290.73470516747403
6.559999999999999 289.8882307189404
6.57 288.88603930489927
6.580000000000002 287.95361741702607
6.59 286.9307780872853
6.600000000000001 285.9832027627692
6.609999999999999 285.1701070820275
6.620000000000001 284.1397259809304
6.629999999999999 283.17403600379936
6.640000000000001 282.27841783414203
6.649999999999999 281.25280459156795
6.66 280.34563588849113
6.670000000000002 279.3016217422861
6.68 278.3926603179152
6.690000000000001 277.4008624557638
6.699999999999999 276.44668909628643
6.710000000000001 275.5207037300481
6.719999999999999 274.51168250470363
6.73 273.5745362044825
6.739999999999998 272.61513022724813
6.75 271.65483535802474
6.760000000000002 270.6979131523914
6.77 269.7104840433341
6.780000000000001 268.711605358369
6.789999999999999 267.7876180018682
6.800000000000001 266.75021467072077
6.809999999999999 265.7639415510546
6.82 264.7940524737109
6.830000000000002 263.81543827721293
6.84 262.8364011362393
6.850000000000001 261.89019428769046
6.859999999999999 260.913413339571
6.870000000000001 259.89063900223795
6.879999999999999 250.49972818122149
6.890000000000001 249.54579147893773
6.899999999999999 248.62076298310024
6.91 247.68779367528293
6.920000000000002 246.75467840354162
6.93 245.81419567856892
6.940000000000001 244.88857781231897
6.949999999999999 243.97297493789398
6.960000000000001 243.0633583605881
6.969999999999999 242.13057526473432
6.98 241.23252745724636
6.989999999999998 240.30230288310167
7.0 239.41055952876894
7.010000000000002 238.46536760592
7.02 237.5928601296305
7.030000000000001 236.66116747159842
7.039999999999999 235.73322694574136
7.050000000000001 234.84333761301986
7.059999999999999 233.90665707417085
7.07 233.0140413872606
7.080000000000002 232.09750832382227
7.09 231.22959301060752
7.100000000000001 230.31093952734392
7.109999999999999 229.40672308851202
7.120000000000001 228.56305688169442
7.129999999999999 227.63731456489717
7.140000000000001 226.83636542555843
7.149999999999999 225.96918985758742
7.16 225.09646875372866
7.170000000000002 224.15963549396304
7.18 223.29708152909046
7.190000000000001 222.428709783974
7.199999999999999 221.54791242728243
7.210000000000001 220.70617854052398
7.219999999999999 219.83483185357784
7.23 218.98923784056552
7.239999999999998 218.07601434260306
7.25 217.19752403461203
7.260000000000002 216.37657979359864
7.27 215.49622603324104
7.280000000000001 214.61906429364362
7.289999999999999 213.77815384048006
7.300000000000001 212.9053059989976
7.309999999999999 212.075759964717
7.32 211.1824304995642
7.330000000000002 210.3684242218565
7.34 209.53044387611158
7.350000000000001 208.7234658437119
7.359999999999999 207.8823718317895
7.370000000000001 207.08153419673155
7.379999999999999 206.25501580274687
7.390000000000001 205.4173302585637
7.399999999999999 204.58996092760208
7.41 203.8082779176016
7.420000000000002 202.98336136149942
7.43 202.1849146659857
7.440000000000001 201.41280739727182
7.449999999999999 200.6173614469372
7.460000000000001 199.80078907313583
7.469999999999999 199.04134918355976
7.48 198.28470600353882
7.489999999999998 197.48885735630108
7.5 196.74064444346283
7.510000000000002 195.95344104609413
7.52 195.2669211931646
7.530000000000001 194.47106748051613
7.539999999999999 193.76223186743078
7.550000000000001 193.0275876464575
7.559999999999999 192.28590259730112
7.57 191.59824896895003
7.580000000000002 190.89278808210815
7.59 190.16755845293926
7.600000000000001 189.45304878272643
7.609999999999999 188.78956671661706
7.620000000000001 188.0649710219655
7.629999999999999 187.39974270550107
7.640000000000001 186.75116014726441
7.649999999999999 186.06956891072514
7.66 185.34817927563296
7.670000000000002 184.69953132397757
7.68 184.07404995404983
7.690000000000001 183.42763516575468
7.699999999999999 182.7792216275209
7.710000000000001 182.10918717544456
7.719999999999999 181.4819039297164
7.73 180.88788303562882
7.739999999999998 180.26743023327845
7.75 179.65553144338423
7.760000000000002 179.07674452500655
7.77 178.47033916029437
7.780000000000001 177.89071242438382
7.789999999999999 177.2659969964116
7.800000000000001 176.6735262834124
7.809999999999999 176.09149920863732
7.82 175.5044657813108
7.830000000000002 174.93904061425215
7.84 174.38880192648188
7.850000000000001 173.79699092888012
7.859999999999999 173.2608477723026
7.870000000000001 172.68749646813882
7.879999999999999 172.155529731837
7.890000000000001 171.55133093660834
7.899999999999999 171.027736158547
7.91 170.47874998534064
7.920000000000002 169.94921003172345
7.93 169.3835078187255
7.940000000000001 168.89273426716858
7.949999999999999 168.30865199303653
7.960000000000001 167.8294382896327
7.969999999999999 167.2177180153623
7.98 166.74148097923575
7.989999999999998 166.0217409788619
8.0 165.58816982203
8.010000000000002 165.02048939811095
8.02 164.52784753252848
8.030000000000001 164.0073051190584
8.04 163.528615074875
8.05 163.05471159560386
8.059999999999999 162.50032156959955
8.07 161.99586601122581
8.080000000000002 161.52361445381956
8.09 160.98430473456392
8.100000000000001 160.5208567608806
8.11 160.0375710481389
8.120000000000001 159.56475633697522
8.129999999999999 159.0645655697498
8.14 158.60169324013668
8.149999999999999 158.10714172826013
8.16 157.6526324191941
8.170000000000002 157.14909506921617
8.18 156.6691270365675
8.190000000000001 156.21467737917314
8.2 155.7678172248401
8.21 155.30359797981572
8.219999999999999 154.78820723857848
8.23 154.36054850482944
8.239999999999998 153.89809529429056
8.25 153.46143895922225
8.260000000000002 152.93358811142622
8.27 152.5030756110795
8.280000000000001 151.9792739659407
8.29 151.53145151310116
8.3 151.08357695801692
8.309999999999999 150.61238829598437
8.32 150.12213240055155
8.330000000000002 149.73768141035958
8.34 149.21827133765754
8.350000000000001 148.74234717115982
8.36 148.2849612101833
8.370000000000001 147.86743601247807
8.379999999999999 147.3795480451028
8.39 146.91509638225875
8.399999999999999 146.4010082116644
8.41 145.9786408486333
8.420000000000002 145.52724954143957
8.43 145.062937408669
8.440000000000001 144.56279726934247
8.45 144.09331400296037
8.46 143.65352505649867
8.469999999999999 143.15312239330743
8.48 142.765076099316
8.489999999999998 142.24919209274077
8.5 141.84798107974134
8.510000000000002 141.34732517690054
8.52 140.91584326955672
8.530000000000001 140.50855738714966
8.54 139.9967788474205
8.55 139.60256882563635
8.559999999999999 139.22917068764394
8.57 138.7785530146066
8.580000000000002 138.2978295386579
8.59 137.87259709364895
8.600000000000001 137.4265639844047
8.61 136.97167783204603
8.620000000000001 136.51818640714072
8.629999999999999 136.0882511752922
8.64 135.6076983745857
8.649999999999999 135.13687574856675
8.66 134.7227946524569
8.670000000000002 134.21876525663777
8.68 133.7989349125622
8.690000000000001 133.3440097820499
8.7 132.91991137256758
8.71 132.39965868656097
8.719999999999999 131.98153141959395
8.73 131.55346651766556
8.739999999999998 131.07526904349928
8.75 130.6611411667921
8.760000000000002 130.2084002158507
8.77 129.76812937259643
8.780000000000001 129.33368347858362
8.79 128.88225345027237
8.8 128.48372556588788
8.809999999999999 127.94917791314211
8.82 127.57561833156427
8.830000000000002 127.0698357074329
8.84 126.57670166147258
8.850000000000001 126.16290507537948
8.86 125.68640661685502
8.870000000000001 125.2994237411082
8.879999999999999 124.79884310901055
8.89 124.3553135346393
8.899999999999999 123.90500820756021
8.91 123.48810688795672
8.920000000000002 123.03068050511669
8.93 122.49675717674822
8.940000000000001 122.03817516968854
8.95 121.61610718501217
8.96 121.1792438690436
8.969999999999999 120.76266281768673
8.98 120.28409408581321
8.989999999999998 119.83652111108626
9.0 119.4005651484127
9.010000000000002 118.94549886869035
9.02 118.50938741295373
9.030000000000001 118.07933935964765
9.04 117.62362044133226
9.05 117.16975041944539
9.059999999999999 116.73158546150518
9.07 116.33623671878894
9.080000000000002 115.81255473827888
9.09 115.33409506828974
9.100000000000001 114.87168252599238
9.11 114.45153213457957
9.120000000000001 114.01335675470106
9.129999999999999 113.54346394816264
9.14 113.0540718699278
9.149999999999999 112.66230270598207
9.16 112.26025648585647
9.170000000000002 111.78219598489778
9.18 111.32607093816284
9.190000000000001 110.9399447648301
9.2 110.47156508247713
9.21 110.03935349480405
9.219999999999999 109.59904660895495
9.23 109.1389922894652
9.239999999999998 108.67657847825217
9.25 108.2495233585108
9.260000000000002 107.76221080717265
9.27 107.3377107827663
9.280000000000001 106.89689953184809
9.29 106.42111653095509
9.3 106.02608770747142
9.309999999999999 105.53477476905958
9.32 105.08919042544949
9.330000000000002 104.62017208071799
9.34 104.22408473146906
9.350000000000001 103.77284391594972
9.36 103.32145144536486
9.370000000000001 102.81250717436816
9.379999999999999 102.41032553721891
9.39 101.98785523535682
9.399999999999999 101.50815927454394
9.41 101.06053487350673
9.420000000000002 100.65237779190161
9.43 100.23636468659419
9.440000000000001 99.75952665716396
9.45 99.3136073877605
9.46 98.83195276072732
9.469999999999999 98.41539138025009
9.48 97.99856946850286
9.489999999999998 97.56570084644108
9.5 97.14067889991915
9.510000000000002 96.67159516253564
9.52 96.24937259762662
9.530000000000001 95.8409705272521
9.54 95.27729263143388
9.55 94.93374408471146
9.559999999999999 94.54384257998166
9.57 94.12916980123651
9.580000000000002 93.71240765452947
9.59 93.3023122322908
9.600000000000001 92.94103987639372
9.61 92.519127784044
9.620000000000001 92.07759695872419
9.629999999999999 91.69700074244622
9.64 91.2988586418801
9.649999999999999 90.81219506316222
9.66 90.53148952634919
9.670000000000002 90.13957137411478
9.68 89.67056704086161
9.690000000000001 89.28148592809914
9.7 88.99604520545518
9.71 88.50646756939622
9.719999999999999 88.1638277172998
9.73 87.87578355133563
9.739999999999998 87.49151402957179
9.75 87.04098816207622
9.760000000000002 86.70371259432481
9.77 86.34258074925887
9.780000000000001 86.13236395946885
9.79 85.71916961726237
9.8 85.28883988016017
9.809999999999999 84.93829893894062
9.82 84.6370458820777
9.830000000000002 84.20262634382263
9.84 83.87573344901735
9.850000000000001 83.55091118041489
9.86 83.29779989215024
9.870000000000001 82.85853487357357
9.879999999999999 82.54428855314447
9.89 82.21593712447233
9.899999999999999 81.89904845026024
9.91 81.5325624003639
9.920000000000002 81.19623580045018
9.93 80.94671348684153
9.940000000000001 80.66558469240026
9.95 80.32733263307594
9.96 80.00261253880107
9.969999999999999 79.87778021298973
9.98 79.63910140006885
9.989999999999998 79.33587755139156
10.0 79.05686725149509
10.010000000000002 78.77850373242691
10.02 78.48199848104213
10.030000000000001 78.23704422511815
10.04 77.9957253959551
10.05 77.69881587015293
10.059999999999999 77.45820454768956
10.07 77.23254330741466
10.080000000000002 76.9817021205768
10.09 76.73416420120893
10.100000000000001 76.45149702834757
10.11 76.21032444381379
10.120000000000001 75.96209736557867
10.129999999999999 75.742969903912
10.14 75.49878921845192
10.149999999999999 75.23304012583458
10.16 75.03507251119959
10.170000000000002 74.78836888949452
10.18 74.56251398212852
10.190000000000001 74.38355356132658
10.2 74.12362775080068
10.21 73.9037761118138
10.219999999999999 73.73325031357615
10.23 73.49875279479053
10.239999999999998 73.30209973153262
10.25 73.08441064033113
10.260000000000002 72.83464621558792
10.27 72.62845950504675
10.280000000000001 72.47544510744021
10.29 72.26626500764655
10.3 72.05679511733567
10.309999999999999 71.88452896582547
10.32 71.63652216020677
10.330000000000002 71.49903753378231
10.34 71.29195664820807
10.350000000000001 71.1110150705582
10.36 70.95217270387039
10.370000000000001 70.76412869232854
10.379999999999999 70.54247770761125
10.39 70.36607649978042
10.399999999999999 70.2149798069371
10.41 70.04890679740996
10.420000000000002 69.84981028446002
10.43 69.73930616772789
10.440000000000001 69.5231690610766
10.45 69.36041269475253
10.46 69.1876673844065
10.469999999999999 69.07303799898143
10.48 68.8957967584775
10.489999999999998 68.7162238657113
10.5 68.55592934526123
10.510000000000002 68.45335665486124
10.52 68.32734926531839
10.530000000000001 68.10505123933973
10.54 68.03467891548283
10.55 67.88844979772819
10.559999999999999 67.74996563362355
10.57 67.63193546926935
10.580000000000002 67.52989865419524
10.59 67.40602850090585
10.600000000000001 67.24686668262943
10.61 67.13850218485943
10.620000000000001 67.03673222221063
10.629999999999999 66.93186347640048
10.64 66.82871611008986
10.649999999999999 66.73841082560548
10.66 66.66387047444825
10.670000000000002 66.4990289111346
10.68 66.4385424404507
10.690000000000001 66.33103680347573
10.7 66.25243233470592
10.71 66.15246968214525
10.719999999999999 66.05338234353889
10.73 65.9620290096623
10.739999999999998 65.85567611700728
10.75 65.77428214415085
10.760000000000002 65.67347433802239
10.77 65.56859047598297
10.780000000000001 65.42693044100224
10.79 65.38789242574535
10.8 65.35266674538356
10.809999999999999 65.27605545272766
10.82 65.20819149419964
10.830000000000002 65.1070324771546
10.84 64.99377141707136
10.850000000000001 64.91480001119263
10.86 64.8643054168413
10.870000000000001 64.80557127714172
10.879999999999999 64.65740306222631
10.89 64.6321592035319
10.899999999999999 64.60103134162642
10.91 64.51395650190962
10.920000000000002 64.43465436887095
10.93 64.38708699655648
10.940000000000001 64.30354449274401
10.95 64.20934613615105
10.96 64.14879470958755
10.969999999999999 64.13101851965763
10.98 64.04449790220863
10.989999999999998 63.96180790233059
11.0 63.854833886008436
11.010000000000002 63.80034688568692
11.02 63.73778671899881
11.030000000000001 63.64544263710587
11.04 63.573922637486476
11.05 63.53980768384773
11.059999999999999 63.398629606871225
11.07 63.43701929311888
11.080000000000002 63.28979923362354
11.09 63.21951543455572
11.100000000000001 63.17236619400755
11.11 63.0664550826633
11.120000000000001 62.94725213506166
11.129999999999999 62.99437329797734
11.14 62.85275608185008
11.149999999999999 62.787789637139404
11.16 62.7671290100993
11.170000000000002 62.722609433508616
11.18 62.63929076799086
11.190000000000001 62.53138041830534
11.2 62.524390072218694
11.21 62.51175230097229
11.219999999999999 62.49047897570564
11.23 62.37484708445643
11.239999999999998 62.3695660912682
11.25 62.11154916199932
11.260000000000002 62.22049876600432
11.27 62.00477564225733
11.280000000000001 61.910527389617236
11.29 61.85414397037999
11.3 61.88473215642985
11.309999999999999 61.81480166605822
11.32 61.840057069105654
11.330000000000002 61.821999368400995
11.34 61.75251707770484
11.350000000000001 61.72535954485429
11.36 61.73328975994114
11.370000000000001 61.6765358774109
11.379999999999999 61.695044300238585
11.39 61.609765435773284
11.399999999999999 61.58102402919947
11.41 61.51871096509964
11.420000000000002 61.51446833689367
11.43 61.5149159216607
11.440000000000001 61.47817735075468
11.45 61.40916120432427
11.46 61.328969539271576
11.469999999999999 61.336642069791694
11.48 61.263164602967905
11.489999999999998 61.294106124910314
11.5 61.3141834940737
11.510000000000002 61.206182826546694
11.52 61.09492369948246
11.530000000000001 61.07604690007782
11.54 61.105808605259504
11.55 60.92603593046942
11.559999999999999 60.97645094799229
11.57 60.86969382289941
11.580000000000002 60.86672818505747
11.59 60.90876665705308
11.600000000000001 60.90810657827973
11.61 60.88221069073046
11.620000000000001 60.84779805050364
11.629999999999999 60.79139362074076
11.64 60.74377231578853
11.649999999999999 60.68670948000459
11.66 60.62628830963284
11.670000000000002 60.5578150283426
11.68 60.55173649714807
11.690000000000001 60.48459019707556
11.7 60.48518467112363
11.71 60.47480888761113
11.719999999999999 60.514919722776185
11.73 60.468807046909056
11.739999999999998 60.383032678503504
11.75 60.371958651699266
11.760000000000002 60.4018153050053
11.77 60.330162033401265
11.780000000000001 60.373270744770274
11.79 60.356076808183516
11.8 60.295847767445565
11.809999999999999 60.305192802050485
11.82 60.31639026461017
11.830000000000002 60.284578311894286
11.84 60.1974078543755
11.850000000000001 60.17561010170798
11.86 60.19930085769811
11.870000000000001 60.21470596803586
11.879999999999999 60.214865730225405
11.89 60.135790944340314
11.899999999999999 60.130106008072175
11.91 60.296352000264676
11.920000000000002 60.21202997781142
11.93 60.214036954521006
11.940000000000001 60.168902679585486
11.95 60.10335753693405
11.96 60.17182760344646
11.969999999999999 60.166224599538886
11.98 60.13255340045969
11.989999999999998 60.062637384766425
12.0 60.019320865488496
12.010000000000002 60.031375499800916
12.02 60.04409080135698
12.030000000000001 60.03881258760309
12.04 60.01297680084652
12.05 60.03653904355424
12.059999999999999 60.01937702538482
12.07 60.01620221274443
12.080000000000002 59.95627215280524
12.09 59.94935590032456
12.100000000000001 59.94051174686578
12.11 59.95419803990809
12.120000000000001 59.92181526961113
12.129999999999999 59.96333198242447
12.14 59.943731115803004
12.149999999999999 59.93789794478962
12.16 59.997240240548365
12.170000000000002 60.028111703720306
12.18 59.99320946533948
12.190000000000001 59.949557896644635
12.2 59.8961524551881
12.21 59.93343773127718
12.219999999999999 59.87760951242673
12.23 59.851909053898154
12.239999999999998 59.917323584285484
12.25 59.9083873646487
12.260000000000002 59.846711183656026
12.27 59.88866568701014
12.280000000000001 59.97400390889797
12.29 59.98318447317742
12.3 59.890570598681755
12.309999999999999 59.8739904532865
12.32 59.903944868107715
12.330000000000002 59.91356967704432
12.34 59.82118252004827
12.350000000000001 59.86793870919077
12.36 59.8429518195297
12.370000000000001 59.8309337940201
12.379999999999999 59.86354986602696
12.39 59.844859078377006
12.399999999999999 59.88366733485478
12.41 59.872419639145264
12.420000000000002 59.91319562477986
12.43 59.86376631547424
12.440000000000001 59.90053457081614
12.45 59.85998019613743
12.46 59.871857036664586
12.469999999999999 59.93253692519245
12.48 59.867430906896246
12.489999999999998 59.93999122023546
12.5 59.844457013197975
12.510000000000002 59.98117016122032
12.52 59.92852724472958
12.530000000000001 59.97943183587631
12.54 59.95940943006789
12.55 60.01571627960628
12.559999999999999 60.031186690046795
12.57 60.04157171859772
12.580000000000002 60.09086425326261
12.59 60.09112993126713
12.600000000000001 60.0767026947237
12.61 59.99980469331034
12.620000000000001 60.081891197741136
12.629999999999999 60.12198779181219
12.64 60.13953448164571
12.649999999999999 60.1731945426707
12.66 60.12789400850153
12.670000000000002 60.122371223331854
12.68 60.18359180310417
12.690000000000001 60.23743171278592
12.7 60.16938417485767
12.71 60.157160822239376
12.719999999999999 60.22877612770101
12.73 60.206443350690606
12.739999999999998 60.23767860216608
12.75 60.313811662537304
12.760000000000002 60.23620162214793
12.77 60.230591145776245
12.780000000000001 60.297926650851494
12.79 60.33721656396648
12.8 60.256138445302696
12.809999999999999 60.31145460605694
12.82 60.38224362496889
12.830000000000002 60.35239755792293
12.84 60.385614774530296
12.850000000000001 60.36659084962189
12.86 60.36950987607209
12.870000000000001 60.43979438395025
12.879999999999999 60.42710126713514
12.89 60.39402241998139
12.899999999999999 60.37775633868962
12.91 60.389686240453365
12.920000000000002 60.43259526712812
12.93 60.398755775904995
12.940000000000001 60.440313477763794
12.95 60.47785227635064
12.96 60.43858311789267
12.969999999999999 60.485578656203344
12.98 60.46645738215872
12.989999999999998 60.41573582312285
13.0 60.453343046168854
13.010000000000002 60.4811304181286
13.02 60.52280829954731
13.030000000000001 60.48433666202757
13.04 60.45591865873379
13.05 60.515987580173565
13.059999999999999 60.541039534393306
13.07 60.49152940719111
13.080000000000002 60.48811443849055
13.09 60.492628633840084
13.100000000000001 60.50766635829268
13.11 60.4983928018125
13.120000000000001 60.51355636116189
13.129999999999999 60.41837045832162
13.14 60.405116721590346
13.149999999999999 60.41074392598095
13.16 60.40358524934152
13.170000000000002 60.33429097997946
13.18 60.3963763409764
13.190000000000001 60.38727848283136
13.2 60.44383815473434
13.21 60.401896787740725
13.219999999999999 60.39983809743741
13.23 60.35740770919176
13.239999999999998 60.37806029553347
13.25 60.28611193536558
13.260000000000002 60.35933170003239
13.27 60.38826550038971
13.280000000000001 60.34919114097977
13.29 60.37295179212926
13.3 60.34754889298484
13.309999999999999 60.3726781631989
13.32 60.25870509443782
13.330000000000002 60.28221794271752
13.34 60.22312948535041
13.350000000000001 60.23195764925141
13.36 60.3262786939575
13.370000000000001 60.27621618510844
13.379999999999999 60.26412391854625
13.39 60.22414914575309
13.399999999999999 60.258556909402856
13.41 60.2660907623363
13.420000000000002 60.20072319117233
13.43 60.1767078471446
13.440000000000001 60.218621128546744
13.45 60.23464095995239
13.46 60.23856042629755
13.469999999999999 60.205425452445624
13.48 60.250645813998744
13.489999999999998 60.19805452580049
13.5 60.17457488354037
13.510000000000002 60.16783492571194
13.52 60.214633251208184
13.530000000000001 60.21302001268356
13.54 60.19934487989983
13.55 60.22025402816859
13.559999999999999 60.232039578643935
13.57 60.21603377239164
13.580000000000002 60.179935043854044
13.59 60.1262927383256
13.600000000000001 60.18573998370851
13.61 60.14645549610213
13.620000000000001 60.16582219072003
13.629999999999999 60.11289581401083
13.64 60.170168206062215
13.649999999999999 60.16156668345296
13.66 60.15533294866312
13.670000000000002 60.156447218881056
13.68 60.121677384200225
13.690000000000001 60.17691487231187
13.7 60.15838737141913
13.71 60.15308504020399
13.719999999999999 60.12318668796004
13.73 60.12706675045421
13.739999999999998 60.18787357892276
13.75 60.14071577901525
13.760000000000002 60.124442954372476
13.77 60.11590406745691
13.780000000000001 60.07438276822331
13.79 60.07652133768227
13.8 60.03991416602443
13.809999999999999 60.043756119736145
13.82 60.01637352388063
13.830000000000002 60.01484542954723
13.84 59.96948630529978
13.850000000000001 60.00754156258395
13.86 60.007501692531875
13.870000000000001 59.88094511453872
13.879999999999999 59.86518543840403
13.89 59.78068357234676
13.899999999999999 59.874071646688776
13.91 59.820880169681686
13.920000000000002 59.69696548725257
13.93 59.74922372114165
13.940000000000001 59.68077164242643
13.95 59.67515655119884
13.96 59.626473569238115
13.969999999999999 59.66651049116195
13.98 59.650754594028555
13.989999999999998 59.646274437575045
14.0 59.514533590383586
14.010000000000002 59.603273120281656
14.02 59.56689765948778
14.030000000000001 59.4793821401426
14.04 59.44698661927974
14.05 59.54208424328193
14.059999999999999 59.49625101017852
14.07 59.42781274163226
14.080000000000002 59.41240795315714
14.09 59.50388925191362
14.100000000000001 59.399185103713165
14.11 59.388481955869274
14.120000000000001 59.36203648036752
14.129999999999999 59.33490372676092
14.14 59.37231840519248
14.149999999999999 59.38615552207001
14.16 59.360820041855604
14.170000000000002 59.387012909592556
14.18 59.36841919718859
14.190000000000001 59.3212274634555
14.2 59.34878571701753
