%x y
0.0 29.63669631425164
0.009999999999999787 29.60947479810146
0.019999999999999574 29.589532085884052
0.02999999999999936 29.586170059599077
0.03999999999999915 29.526171982019157
0.049999999999998934 29.545239312888466
0.0600000000000005 29.56879429101621
0.07000000000000028 29.615382941229953
0.08000000000000007 29.588264722422803
0.08999999999999986 29.635428958702942
0.09999999999999964 29.594097211943748
0.10999999999999943 29.577392014243305
0.11999999999999922 29.61994723717035
0.129999999999999 29.619736613017558
0.14000000000000057 29.60788920242785
0.15000000000000036 29.634547197055845
0.16000000000000014 29.621962302682455
0.16999999999999993 29.62225282031189
0.17999999999999972 29.601744076921356
0.1899999999999995 29.60199429597144
0.1999999999999993 29.59255683910263
0.20999999999999908 29.5886542005002
0.22000000000000064 29.56632709530574
0.23000000000000043 29.634381734469873
0.2400000000000002 29.535230474054867
0.25 29.53546952735183
0.2599999999999998 29.609257481636362
0.2699999999999996 29.606601924297614
0.27999999999999936 29.57000611261541
0.28999999999999915 29.569391955185974
0.29999999999999893 29.630464761263525
0.3100000000000005 29.59489636274646
0.3200000000000003 29.603405269033306
0.33000000000000007 29.56397328063752
0.33999999999999986 29.589972810392737
0.34999999999999964 29.674660704970016
0.35999999999999943 29.642327162625328
0.3699999999999992 29.57009402246783
0.379999999999999 29.658591148533873
0.39000000000000057 29.58808382392848
0.40000000000000036 29.55771349133034
0.41000000000000014 29.53840891576709
0.41999999999999993 29.5610670738657
0.4299999999999997 29.552519426846203
0.4399999999999995 29.573804800717035
0.4499999999999993 29.5374559432601
0.4599999999999991 29.594445477733128
0.47000000000000064 29.532520667321545
0.4800000000000004 29.5231859393692
0.4900000000000002 29.541777681071782
0.5 29.498440726703862
0.5099999999999998 29.50729238286718
0.5199999999999996 29.510997701276956
0.5299999999999994 29.514703451483786
0.5399999999999991 29.512300907311353
0.5499999999999989 29.500816332692622
0.5600000000000005 29.475520371076442
0.5700000000000003 29.42943093317802
0.5800000000000001 29.444422788633275
0.5899999999999999 29.414497201792138
0.5999999999999996 29.426877047829016
0.6099999999999994 29.329226271165247
0.6199999999999992 29.35169367094518
0.629999999999999 29.351884441983206
0.6400000000000006 29.38199585166057
0.6500000000000004 29.36064757598016
0.6600000000000001 29.398886980781867
0.6699999999999999 29.40197056696155
0.6799999999999997 29.409793759301472
0.6899999999999995 29.38673483842809
0.6999999999999993 29.334103188815153
0.7099999999999991 29.366226888351278
0.7200000000000006 29.365626246236523
0.7300000000000004 29.392537344075315
0.7400000000000002 29.40036534161072
0.75 29.38204583758668
0.7599999999999998 29.47197081663148
0.7699999999999996 29.459507633700497
0.7799999999999994 29.44246354604888
0.7899999999999991 29.4579735113466
0.7999999999999989 29.477152551182662
0.8100000000000005 29.483413328477617
0.8200000000000003 29.517720053756793
0.8300000000000001 29.468551855899324
0.8399999999999999 29.589665409919835
0.8499999999999996 29.594753928318
0.8599999999999994 29.566388354563866
0.8699999999999992 29.517516571171683
0.879999999999999 29.58817411245731
0.8900000000000006 29.552056468427
0.9000000000000004 29.569343324749774
0.9100000000000001 29.571267661944816
0.9199999999999999 29.5445049573335
0.9299999999999997 29.510380513479934
0.9399999999999995 29.55747387633841
0.9499999999999993 29.50998469269342
0.9599999999999991 29.53134377975246
0.9700000000000006 29.50322044750933
0.9800000000000004 29.615610611728066
0.9900000000000002 29.554498050854097
1.0 29.539971240318636
1.0099999999999998 29.557980612940444
1.0199999999999996 29.585380806778513
1.0299999999999994 29.50117555445225
1.0399999999999991 29.541553380470795
1.049999999999999 29.578892646824507
1.0600000000000005 29.58639470789121
1.0700000000000003 29.48659868789285
1.08 29.511879988421732
1.0899999999999999 29.566517131564353
1.0999999999999996 29.523043509306216
1.1099999999999994 29.448097985957453
1.1199999999999992 29.42729347262378
1.129999999999999 29.43558724152186
1.1400000000000006 29.42926027001878
1.1500000000000004 29.433813697120897
1.1600000000000001 29.44055010816026
1.17 29.449586421943074
1.1799999999999997 29.409544382737792
1.1899999999999995 29.40073926366121
1.1999999999999993 29.380423667444244
1.209999999999999 29.378070691988874
1.2200000000000006 29.38486959965254
1.2300000000000004 29.350144294884778
1.2400000000000002 29.311912420689662
1.25 29.328254660058448
1.2599999999999998 29.20189580369191
1.2699999999999996 29.297860013898244
1.2799999999999994 29.230057481215738
1.2899999999999991 29.244210933802194
1.299999999999999 29.209642991118145
1.3100000000000005 29.26954043826523
1.3200000000000003 29.201163164424127
1.33 29.25369547337917
1.3399999999999999 29.24197220967804
1.3499999999999996 29.216960349656304
1.3599999999999994 29.274676283719366
1.3699999999999992 29.294164786748194
1.379999999999999 29.240425315171457
1.3900000000000006 29.227663883703528
1.4000000000000004 29.24182701655476
1.4100000000000001 29.24382594505032
1.42 29.2568776131777
1.4299999999999997 29.246171691871947
1.4399999999999995 29.2520892056294
1.4499999999999993 29.201087264894138
1.459999999999999 29.277342155705384
1.4700000000000006 29.24959198598433
1.4800000000000004 29.297819329588727
1.4900000000000002 29.2728677081317
1.5 29.29847337496352
1.5099999999999998 29.329482703529386
1.5199999999999996 29.310613901675517
1.5299999999999994 29.313441111516926
1.5399999999999991 29.326578134697254
1.549999999999999 29.368898896928542
1.5600000000000005 29.40397958487027
1.5700000000000003 29.431785095659922
1.58 29.440051678333656
1.5899999999999999 29.4737001639955
1.5999999999999996 29.506038278969577
1.6099999999999994 29.51935482208113
1.6199999999999992 29.4965741874303
1.629999999999999 29.539578519767318
1.6400000000000006 29.548554647360024
1.6500000000000004 29.561499921226996
1.6600000000000001 29.548495329060717
1.67 29.562971789096167
1.6799999999999997 29.637109759818774
1.6899999999999995 29.68427925873734
1.6999999999999993 29.666807979670764
1.709999999999999 29.677931203310912
1.7200000000000006 29.731987854126267
1.7300000000000004 29.52764028978941
1.7400000000000002 29.513683342254552
1.75 29.547261251539826
1.7599999999999998 29.56401838773076
1.7699999999999996 29.587455369594675
1.7799999999999994 29.554237272052028
1.7899999999999991 29.556740245207706
1.799999999999999 29.632604595713154
1.8100000000000005 29.62261667076728
1.8200000000000003 29.636974950326177
1.83 29.63544059283181
1.8399999999999999 29.690715555881507
1.8499999999999996 29.724772032377476
1.8599999999999994 29.730950002715915
1.8699999999999992 29.719960075997783
1.879999999999999 29.70098734697193
1.8900000000000006 29.764538739951178
1.9000000000000004 29.707491668418623
1.9100000000000001 29.91628910870425
1.92 29.93382963708304
1.9299999999999997 29.949943011698167
1.9399999999999995 29.912143130046843
1.9499999999999993 29.95257340190922
1.959999999999999 29.906721992504732
1.9700000000000006 29.897600094336816
1.9800000000000004 29.985876890654264
1.9900000000000002 29.760345007843302
2.0 30.05564003070675
2.01 30.095252595830015
2.0199999999999996 30.02827043773143
2.0299999999999994 30.04059111410553
2.039999999999999 30.04319375991402
2.049999999999999 29.674510728556996
2.0600000000000005 29.562152924404614
2.0700000000000003 29.9579900188316
2.08 29.94659998103416
2.09 30.001412166634587
2.0999999999999996 30.150868437419817
2.1099999999999994 30.234813740254516
2.119999999999999 30.33785851047878
2.129999999999999 30.457384170801475
2.1400000000000006 30.64808002791608
2.1500000000000004 30.676645890485176
2.16 30.852298084930645
2.17 30.925410446846058
2.1799999999999997 31.04195054706003
2.1899999999999995 31.236410390406427
2.1999999999999993 31.325970938961582
2.209999999999999 31.44284654430644
2.2200000000000006 31.633298222301335
2.2300000000000004 31.823787089077907
2.24 32.04363161042525
2.25 32.18577126817686
2.26 32.37014835145677
2.2699999999999996 32.837292650825034
2.2799999999999994 33.043042017217246
2.289999999999999 32.88208121693497
2.299999999999999 33.05543872963237
2.3100000000000005 33.17862866682927
2.3200000000000003 33.4097182600905
2.33 33.43522364473084
2.34 33.70832508898057
2.3499999999999996 33.81896198088181
2.3599999999999994 33.9746469602417
2.369999999999999 33.99894736027973
2.379999999999999 34.036632828637515
2.3900000000000006 34.24991667580589
2.4000000000000004 34.35929037361515
2.41 34.5350923466832
2.42 34.73553549880444
2.4299999999999997 35.02917417649065
2.4399999999999995 35.233888038470354
2.4499999999999993 35.44655459561157
2.459999999999999 35.606485595499464
2.4700000000000006 35.859306267230494
2.4800000000000004 36.095042352908145
2.49 36.4259287484428
2.5 36.78518152376459
2.51 37.09201043622767
2.5199999999999996 37.46567122200982
2.5299999999999994 37.88218678126804
2.539999999999999 38.27362106395091
2.549999999999999 38.70216316712667
2.5600000000000005 39.12564757661166
2.5700000000000003 39.62537950479758
2.58 40.11597206741531
2.59 40.54595983951911
2.5999999999999996 41.03612580483028
2.6099999999999994 41.49171378967267
2.619999999999999 42.04650078441327
2.629999999999999 42.593820872555305
2.6400000000000006 43.176284098532676
2.6500000000000004 43.767245952738264
2.66 44.296398574886496
2.67 44.848807960942814
2.6799999999999997 45.46447717150006
2.6899999999999995 45.95573702556223
2.6999999999999993 46.762221823168744
2.709999999999999 47.4166621745817
2.7200000000000006 48.001758145279034
2.7300000000000004 48.577724585608166
2.74 49.170478192243664
2.75 49.84442207625676
2.76 50.6086537043301
2.7699999999999996 50.79408898877891
2.7799999999999994 51.43458664303084
2.789999999999999 52.0919483740854
2.799999999999999 53.059646412098644
2.8100000000000005 53.75601559802928
2.8200000000000003 54.316826158166165
2.83 54.94226639401067
2.84 55.600174499000985
2.8499999999999996 56.13743143762801
2.8599999999999994 56.83689474949289
2.869999999999999 57.444687160692396
2.879999999999999 58.023469702195946
2.8900000000000006 58.48869078024127
2.9000000000000004 59.20921858773424
2.91 59.458833608128565
2.92 59.872652643283004
2.9299999999999997 60.73495618842621
2.9399999999999995 61.27143463632493
2.9499999999999993 61.794105796544926
2.959999999999999 62.34206613650623
2.9700000000000006 62.9637173436774
2.9800000000000004 63.453644446199924
2.99 63.845222040591246
3.0 64.37761465656325
3.01 64.8886724002962
3.0199999999999996 65.51993248075232
3.0299999999999994 65.99005395016243
3.039999999999999 66.06305150532096
3.049999999999999 66.96464419588983
3.0600000000000005 67.3807842368621
3.0700000000000003 67.83631221747913
3.08 68.21542877933781
3.09 68.67712742546507
3.0999999999999996 68.77613922920219
3.1099999999999994 69.55498085420538
3.119999999999999 69.97455264210953
3.129999999999999 70.14574489370875
3.1400000000000006 70.90648548128644
3.1500000000000004 71.33324434915157
3.16 71.42776823708287
3.17 72.16283271475785
3.1799999999999997 72.50758051084635
3.1899999999999995 72.91477360789938
3.1999999999999993 73.31437346627746
3.209999999999999 73.67751386873294
3.2200000000000006 73.97852995603589
3.2300000000000004 74.27597791526756
3.24 74.28295815032757
3.25 74.6124162041346
3.26 75.25655935336017
3.2699999999999996 75.24282132624816
3.2799999999999994 75.55028420050041
3.289999999999999 76.18383785997736
3.299999999999999 76.52955310913325
3.3100000000000005 76.84828432182348
3.3200000000000003 77.02206704692097
3.33 77.34919656834919
3.34 77.89668427532546
3.3499999999999996 78.10653754389645
3.3599999999999994 78.06132880027711
3.369999999999999 78.33883562232273
3.379999999999999 78.60494170062768
3.3900000000000006 79.16350733439194
3.4000000000000004 79.34180446091518
3.41 79.6248033985717
3.42 79.59061420974038
3.4299999999999997 79.83455838288515
3.4399999999999995 79.32355294692091
3.4499999999999993 79.52733161555349
3.459999999999999 79.60098758628507
3.4700000000000006 80.07852514115164
3.4800000000000004 79.89874953770098
3.49 79.99807620857301
3.5 80.08696382251216
3.51 79.50840203759488
3.5199999999999996 79.51597338191084
3.5299999999999994 79.5990372788275
3.539999999999999 79.89518504686745
3.549999999999999 80.07306674234435
3.5600000000000005 80.25381081271911
3.5700000000000003 80.50034172280726
3.58 80.45966357279491
3.59 80.60695551418785
3.5999999999999996 80.72620822751955
3.6099999999999994 80.8521172152087
3.619999999999999 80.84902434617581
3.629999999999999 80.95481130256695
3.6400000000000006 80.95864651658894
3.6500000000000004 80.88191807328806
3.66 81.07534278411839
3.67 80.95880635842347
3.6799999999999997 80.86262582713994
3.6899999999999995 80.7725595548932
3.6999999999999993 80.71556118461424
3.709999999999999 80.62768470701603
3.7200000000000006 80.57012262766665
3.7300000000000004 80.40232186341026
3.74 80.28752851569993
3.75 80.09601801562624
3.76 79.92698338655401
3.7699999999999996 80.05800185920407
3.7799999999999994 79.92615327485981
3.789999999999999 79.71437896130595
3.799999999999999 79.52649843516863
3.8100000000000005 79.34981247633807
3.8200000000000003 79.22353845882861
3.83 78.90955349862259
3.84 78.58123070747729
3.8499999999999996 78.37442264442387
3.8599999999999994 78.05291644650163
3.869999999999999 77.8591694062102
3.879999999999999 77.67943549116107
3.8900000000000006 77.33021935783492
3.9000000000000004 77.07027904211984
3.91 76.96179093801247
3.92 76.52749782484749
3.9299999999999997 76.11875566348274
3.9399999999999995 75.82013206953246
3.9499999999999993 75.48820549926634
3.959999999999999 75.17759651568957
3.9700000000000006 74.81396461486102
3.9800000000000004 74.39835774322034
3.99 74.43955254838679
4.0 74.0963706551002
4.01 73.69957938590846
4.02 73.34829536516936
4.029999999999999 73.03492761851098
4.039999999999999 72.6649439835273
4.049999999999999 72.3193151649192
4.0600000000000005 71.98053250001091
4.07 71.43622752142778
4.08 71.02556459165866
4.09 70.6469062997594
4.1 70.26044381568926
4.109999999999999 69.81914752657593
4.119999999999999 69.17394087528044
4.129999999999999 68.63342186017775
4.140000000000001 68.11053275043827
4.15 67.58998496479627
4.16 67.24276425619082
4.17 66.79678317813526
4.18 66.26530890403906
4.1899999999999995 65.58045906318873
4.199999999999999 65.09652856155483
4.209999999999999 64.90857537957719
4.220000000000001 64.31334011469346
4.23 63.83028308546349
4.24 63.329756009592145
4.25 62.88283210503738
4.26 62.61853161928818
4.27 62.23903601187469
4.279999999999999 61.797103015814386
4.289999999999999 61.365142137550116
4.299999999999999 60.849324511923996
4.3100000000000005 60.33748479718858
4.32 59.72341564744593
4.33 59.143834195972126
4.34 58.6471071431102
4.35 58.09424655239161
4.359999999999999 57.54930672099553
4.369999999999999 57.02835270613539
4.379999999999999 56.33395177970749
4.390000000000001 55.472256727620746
4.4 54.94012579444335
4.41 54.40815584723207
4.42 53.850458497255914
4.43 53.32603365260931
4.4399999999999995 53.28600860420452
4.449999999999999 53.16830737696881
4.459999999999999 52.81007380776417
4.470000000000001 52.34734062747027
4.48 52.02593156763943
4.49 51.61544224650143
4.5 51.36207792816612
4.51 51.164046438452985
4.52 51.14370547269877
4.529999999999999 51.2202477403619
4.539999999999999 51.342740815308176
4.549999999999999 51.21838578125
4.5600000000000005 51.3869120819493
4.57 51.23819820760818
4.58 51.54205420291245
4.59 51.94752120333288
4.6 52.48539476416269
4.609999999999999 53.519961391344104
4.619999999999999 54.48360471722632
4.629999999999999 55.22680804877079
4.640000000000001 56.06663325037573
4.65 56.90945189169379
4.66 57.84690394014872
4.67 58.73876502448381
4.68 59.45460362825404
4.6899999999999995 60.207725714145894
4.699999999999999 60.34677772310221
4.709999999999999 60.4328562764065
4.720000000000001 61.499714794474286
4.73 62.378269129969645
4.74 62.83783490523027
4.75 62.76017735971149
4.76 63.1232179335132
4.77 63.41858380919646
4.779999999999999 63.61609345075658
4.789999999999999 63.95328816895609
4.799999999999999 64.10838902897467
4.8100000000000005 64.76855230171451
4.82 64.45675797028201
4.83 63.98020580216472
4.84 64.13283849588015
4.85 64.90771832804393
4.859999999999999 64.99418852274695
4.869999999999999 65.06904119568065
4.879999999999999 65.1877893381214
4.890000000000001 65.22931611544148
4.9 65.19337262930797
4.91 65.12188693260221
4.92 65.11613494180324
4.93 65.1606316713995
4.9399999999999995 65.0005058960991
4.949999999999999 64.89839700571032
4.959999999999999 64.77399453217456
4.970000000000001 64.51800910604712
4.98 64.36478336014144
4.99 64.23905413655844
5.0 64.13756969810655
5.01 63.915163944252384
5.02 63.80047829179936
5.029999999999999 63.61230070351121
5.039999999999999 63.48215055469538
5.049999999999999 63.30953571183841
5.0600000000000005 63.17277342609197
5.07 63.00688929418348
5.08 62.828065365934485
5.09 62.80743814086639
5.1 62.62143470339179
5.109999999999999 61.93919536504044
5.119999999999999 61.84180226609042
5.129999999999999 61.62484630209946
5.140000000000001 61.42769517884726
5.15 61.283285577976066
5.16 61.12560043076459
5.17 60.936737285128075
5.18 60.76562190676701
5.1899999999999995 60.705001050319765
5.199999999999999 60.58657103222623
5.209999999999999 60.34822221831385
5.220000000000001 60.25440319862767
5.23 60.07409825944241
5.24 59.953640981670745
5.25 59.80067318395754
5.26 59.68171325650688
5.27 59.58750898775378
5.279999999999999 59.45005748099953
5.289999999999999 59.23450810764382
5.299999999999999 59.053207173538965
5.3100000000000005 58.9024500284872
5.32 58.704331492270086
5.33 58.529221954213526
5.34 58.32792502175689
5.35 58.1096961504141
5.359999999999999 57.949227423265086
5.369999999999999 57.78112532346378
5.379999999999999 57.59204509544969
5.390000000000001 57.400833121771804
5.4 57.313808876944044
5.41 57.17541892980776
5.42 56.97970663190347
5.43 56.91098974625629
5.4399999999999995 56.78482413377131
5.449999999999999 56.643814045209716
5.459999999999999 56.531398449930826
5.470000000000001 56.36696293924093
5.48 56.16357161877356
5.49 55.974387041593786
5.5 55.6789915010237
5.51 55.51119884615178
5.520000000000001 55.333871415412546
5.529999999999999 55.11336124785064
5.540000000000001 54.861208513028245
5.549999999999999 54.69763842707155
5.5600000000000005 54.500382107437474
5.5699999999999985 54.29894189474403
5.58 54.18240690723176
5.589999999999998 53.93269838771774
5.6 53.80298484604048
5.610000000000001 53.64349307017411
5.619999999999999 53.459383387128284
5.630000000000001 53.273708237708
5.639999999999999 53.13120820267663
5.65 52.93175132668421
5.659999999999998 52.70497452544525
5.67 52.52240965300598
5.6800000000000015 52.46767235254367
5.6899999999999995 52.17663798473787
5.700000000000001 51.94636844155439
5.709999999999999 51.74924560041663
5.720000000000001 51.525118395694264
5.729999999999999 51.30922747439554
5.74 51.17295692659454
5.749999999999998 50.96768023693976
5.76 50.822130742891396
5.770000000000001 50.57206765478601
5.779999999999999 50.43999104525233
5.790000000000001 50.142007106330084
5.799999999999999 49.989226375435805
5.8100000000000005 49.76391746454085
5.8199999999999985 49.57874187457951
5.83 49.49882894799727
5.839999999999998 49.29775721641452
5.85 49.10001299311995
5.860000000000001 48.91870048650337
5.869999999999999 48.69343419495697
5.880000000000001 48.52329946201969
5.889999999999999 48.31653585767077
5.9 48.06309168367264
5.909999999999998 47.882819778602965
5.92 47.82011938200522
5.9300000000000015 47.63214439429807
5.9399999999999995 47.431456690286566
5.950000000000001 47.229728164920004
5.959999999999999 47.017274048557546
5.970000000000001 46.84915544948093
5.979999999999999 46.71180381537987
5.99 46.48952552208462
5.999999999999998 46.39857651613487
6.01 46.12632189885798
6.020000000000001 45.991460184605515
6.029999999999999 45.74651098670627
6.040000000000001 45.58501094719799
6.049999999999999 45.38818137481919
6.0600000000000005 45.22557473792095
6.0699999999999985 45.0323131447276
6.08 44.95938145269845
6.089999999999998 44.644069908309646
6.1 44.57252029155677
6.110000000000001 44.400170137058865
6.119999999999999 44.27904892408783
6.130000000000001 44.102924090372014
6.139999999999999 44.00408418946823
6.15 43.82599746945375
6.159999999999998 43.66142463078677
6.17 43.56135428916933
6.1800000000000015 43.39809603240335
6.1899999999999995 43.21022975792508
6.200000000000001 43.04867142996025
6.209999999999999 42.95239082775298
6.220000000000001 42.75786747735893
6.229999999999999 42.6549726012696
6.24 42.48268082430677
6.249999999999998 42.33577417495939
6.26 42.126955681318535
6.270000000000001 41.969657053156254
6.279999999999999 41.96077043987505
6.290000000000001 41.77957899722075
6.299999999999999 41.64664459030553
6.3100000000000005 41.47831035086957
6.3199999999999985 41.25774183262884
6.33 41.12285569677806
6.339999999999998 40.98255554473255
6.35 40.8102747194891
6.360000000000001 40.63258265265415
6.369999999999999 40.52557129284121
6.380000000000001 40.37779659474959
6.389999999999999 40.19171944469478
6.4 40.07257633180099
6.409999999999998 39.72535175755919
6.42 39.769321452135834
6.4300000000000015 39.623252089708586
6.4399999999999995 39.50445004544702
6.450000000000001 39.360843405546476
6.459999999999999 39.13618206328229
6.470000000000001 38.72245879553906
6.479999999999999 38.63684571743926
6.49 38.43541476004145
6.499999999999998 38.3314753514109
6.51 38.20857841667012
6.520000000000001 38.08572246755996
6.529999999999999 37.975248829490845
6.540000000000001 37.85056544754946
6.549999999999999 37.693620322766314
6.5600000000000005 37.721720539522266
6.5699999999999985 37.66161485504783
6.58 37.52582073182626
6.589999999999998 37.41205751174493
6.6 37.31429605641839
6.610000000000001 37.20465918054131
6.619999999999999 37.08430498985071
6.630000000000001 36.96287917456169
6.639999999999999 36.854139512355985
6.65 36.69854081190438
6.659999999999998 36.630961258169705
6.67 36.48471694369501
6.6800000000000015 36.42173133783402
6.6899999999999995 36.2825899387486
6.700000000000001 36.209663067072334
6.709999999999999 36.12488664584762
6.720000000000001 36.06149273578815
6.729999999999999 35.91995087264892
6.74 35.86807928624187
6.749999999999998 35.79794980927198
6.76 35.68387837115136
6.770000000000001 35.585750746938594
6.779999999999999 35.48189658666902
6.790000000000001 35.40493647656941
6.799999999999999 35.31892782527479
6.8100000000000005 35.212636398901566
6.8199999999999985 35.108569528531305
6.83 34.95481164945008
6.839999999999998 34.869533510178115
6.85 34.8051253594373
6.860000000000001 34.710611170679044
6.869999999999999 34.61584658587032
6.880000000000001 34.502556839978936
6.889999999999999 34.4646062309496
6.9 34.58225610110132
6.909999999999998 34.69665547592295
6.92 34.68457593217402
6.9300000000000015 34.69498104256299
6.9399999999999995 34.57558568747001
6.950000000000001 34.42455075992082
6.959999999999999 34.31471441507006
6.970000000000001 34.19222825186272
6.979999999999999 34.02028638039579
6.99 34.32526146620429
6.999999999999998 33.906650027130965
7.01 33.801658827082576
7.020000000000001 33.66918146326947
7.029999999999999 33.611586288368805
7.040000000000001 33.379213868554
7.049999999999999 33.3107007621435
7.0600000000000005 33.20082797845604
7.0699999999999985 33.130604356202646
7.08 33.01652185671111
7.089999999999998 32.93550726721335
7.1 32.867523799474185
7.110000000000001 32.789891798404234
7.119999999999999 32.7109337599979
7.130000000000001 32.59635569806608
7.139999999999999 32.509184102704495
7.15 32.40257756720573
7.159999999999998 32.323583986292974
7.17 32.2533351075038
7.1800000000000015 32.24247619753078
7.1899999999999995 32.042127668244646
7.200000000000001 32.05760696445846
7.209999999999999 31.95684574120009
7.220000000000001 31.90844447679878
7.229999999999999 31.84488961552468
7.24 31.823658344177666
7.249999999999998 31.773726064975605
7.26 31.745752720646728
7.270000000000001 31.687459999103577
7.279999999999999 31.62948192711864
7.290000000000001 31.58746846059423
7.299999999999999 31.603312180140623
7.3100000000000005 31.555456802061734
7.3199999999999985 31.536429619468922
7.33 31.51542022871174
7.339999999999998 31.49752113215199
7.35 31.42139746786736
7.360000000000001 31.388660183814604
7.369999999999999 31.33429777640565
7.380000000000001 31.31224480367774
7.389999999999999 31.202231921251034
7.4 31.215640766618023
7.409999999999998 31.13624558562769
7.42 31.065525633353428
7.4300000000000015 31.01551012388895
7.4399999999999995 30.948995074994635
7.450000000000001 30.865850372764545
7.459999999999999 30.792697384586813
7.470000000000001 30.701950999865254
7.479999999999999 30.643888362816476
7.49 30.55056600050613
7.499999999999998 30.539381571054275
7.51 30.483428470675833
7.520000000000001 30.452215181684608
7.529999999999999 30.385067266270834
7.540000000000001 30.38614255410804
7.549999999999999 30.338158373144545
7.5600000000000005 30.277830596217257
7.5699999999999985 30.262744354388232
7.58 30.23137457379911
7.589999999999998 30.170591035841
7.6 30.165266604496043
7.610000000000001 30.121609672502622
7.619999999999999 30.080597693784917
7.630000000000001 30.089274672486216
7.639999999999999 30.084221119864566
7.65 30.023578603245745
7.659999999999998 29.98923736837674
7.67 30.033689749909968
7.6800000000000015 30.009358992444454
7.6899999999999995 30.01926837092492
7.700000000000001 29.96398612731775
7.709999999999999 29.932318594739307
7.720000000000001 29.950036723499558
7.729999999999999 29.958637099900674
7.74 29.94871267686985
7.749999999999998 29.883334190912784
7.76 29.84713782946737
7.770000000000001 29.85684993311857
7.779999999999999 29.774836594601943
7.790000000000001 29.76959063694845
7.799999999999999 29.718874291786555
7.8100000000000005 29.697601982557995
7.8199999999999985 29.64524121395904
7.83 29.623361164284056
7.839999999999998 29.794496963839322
7.85 29.744262465363168
7.860000000000001 29.724394724705377
7.869999999999999 29.674994257301616
7.880000000000001 29.596774847553178
7.889999999999999 29.674005951967814
7.9 29.471909929570536
7.909999999999998 29.404178726607935
7.92 29.41686793141229
7.9300000000000015 29.38133227555589
7.9399999999999995 29.43825931349449
7.950000000000001 29.420418192841506
7.959999999999999 29.45427837185683
7.970000000000001 29.529513636380653
7.979999999999999 29.444433742043195
7.99 29.412404308136487
7.999999999999998 29.409329659297363
8.01 29.45275484357574
8.020000000000001 29.425725888433675
8.03 29.41787111359124
8.040000000000001 29.38929991650787
8.049999999999999 29.338843165827704
8.06 29.40902180784681
8.069999999999999 29.373601624278002
8.08 29.37537113975739
8.089999999999998 29.315375589995128
8.1 29.294271795960807
8.110000000000001 29.30839411704187
8.12 29.356648742779214
8.13 29.305720917668797
8.139999999999999 29.27340850019573
8.15 29.20881487029015
8.159999999999998 29.167929955945976
8.17 29.122311313598725
8.180000000000001 29.1157056564845
8.19 29.12886989445003
8.200000000000001 29.10750919554996
8.209999999999999 29.084473462384203
8.22 29.073686432064388
8.229999999999999 29.07325016775838
8.24 29.049852642589343
8.249999999999998 28.983148890126014
8.26 28.997412277424765
8.270000000000001 28.93252701668853
8.28 28.973820837798367
8.290000000000001 29.012077319524035
8.299999999999999 28.945765711078195
8.31 28.906819314121122
8.319999999999999 28.94871545532702
8.33 28.91077564388533
8.339999999999998 28.871442774407427
8.35 28.914401260649065
8.360000000000001 28.94031262004318
8.37 28.872766413337672
8.38 28.847334177366083
8.389999999999999 28.806831644968906
8.4 28.794323263833945
8.409999999999998 28.73853109843108
8.42 28.770208068857542
8.430000000000001 28.747357449227515
8.44 28.73073521198616
8.450000000000001 28.73746421941273
8.459999999999999 28.696504027114777
8.47 28.663362489130822
8.479999999999999 28.66324751580594
8.49 28.681860109882713
8.499999999999998 28.66874046184165
8.51 28.61193898918189
8.520000000000001 28.61863937473494
8.53 28.648657600110305
8.540000000000001 28.62971247588854
8.549999999999999 28.61379498416578
8.56 28.611911113498767
8.569999999999999 28.598811274158095
8.58 28.65418479854524
8.589999999999998 28.708874837541067
8.6 28.790351533383657
8.610000000000001 28.77903422271779
8.62 28.662225305765972
8.63 28.628690218236486
8.639999999999999 28.64764986021711
8.65 28.647434672866765
8.659999999999998 28.649033987149565
8.67 28.637534919469747
8.680000000000001 28.623185486584212
8.69 28.614315561415662
8.700000000000001 28.63901266021662
8.709999999999999 28.558720448457787
8.72 28.569888960855188
8.729999999999999 28.55100532199611
8.74 28.57877280820076
8.749999999999998 28.549435718131782
8.76 28.5127030202695
8.770000000000001 28.569076568031264
8.78 28.55591590168114
8.790000000000001 28.55269004070931
8.799999999999999 28.53100563212432
8.81 28.557134699775027
8.819999999999999 28.527979757956203
8.83 28.5218761255454
8.839999999999998 28.52569317139428
8.85 28.520525341684746
8.860000000000001 28.496335741700346
8.87 28.497025689623957
8.88 28.50314639305681
8.889999999999999 28.47125578887328
8.9 28.463682319704418
8.909999999999998 28.443335730009697
8.92 28.41031403788965
8.930000000000001 28.433075354752567
8.94 28.40450057458565
8.950000000000001 28.378876922659238
8.959999999999999 28.379016635411165
8.97 28.388070850109248
8.979999999999999 28.40095918222741
8.99 28.35694553436396
8.999999999999998 28.2402606994797
9.01 28.23763430894129
9.020000000000001 28.247439130175934
9.03 28.20037308198934
9.040000000000001 28.22620409990563
9.049999999999999 28.257945963372407
9.06 28.311811111155258
9.069999999999999 28.250303080401462
9.08 28.237257876187762
9.089999999999998 28.373104964495305
9.1 28.350898783841885
9.110000000000001 28.33195405487009
9.12 28.374515344512325
9.13 28.367694506288558
9.139999999999999 28.34988983093221
9.15 28.332202618222396
9.159999999999998 28.331903355141428
9.17 28.32701206975755
9.180000000000001 28.306493342083044
9.19 28.650816307237488
9.200000000000001 28.685689068223684
9.209999999999999 28.659793089632117
9.22 28.634485963404263
9.229999999999999 28.66071458522034
9.24 28.624511872781387
9.249999999999998 28.655937172470622
9.26 28.69966925676711
9.270000000000001 28.695680754879884
9.28 28.732349037249943
9.290000000000001 28.741672497909626
9.299999999999999 28.71167421851657
9.31 28.695980704545413
9.319999999999999 28.75221681414416
9.33 28.477587406889583
9.339999999999998 28.446478615401087
9.35 28.477379890714328
9.360000000000001 28.492054098159443
9.37 28.42637403444725
9.38 28.842033336395318
9.389999999999999 28.8847697083853
9.4 28.880294116517504
9.409999999999998 28.867631544053452
9.42 28.87549889966845
9.430000000000001 28.934533659741863
9.44 28.915212814888164
9.450000000000001 28.954497453258085
9.459999999999999 28.915191388256833
9.47 28.983911918033773
9.479999999999999 28.96292238691904
9.49 28.976549962533813
9.499999999999998 28.99754267434573
9.51 28.9717406073922
9.520000000000001 28.98160714598751
9.53 28.983363741227542
9.540000000000001 29.013981293587193
9.549999999999999 29.040742115094552
9.56 29.066341240101718
9.569999999999999 29.104100750621484
9.58 29.108488568941663
9.589999999999998 29.074476326259877
9.6 29.12928534338084
9.610000000000001 29.143616524301528
9.62 29.177308137795855
9.63 29.21777329697664
9.639999999999999 29.222954678877734
9.65 29.23574360843365
9.659999999999998 29.28843555617451
9.67 29.285354345862
9.680000000000001 29.284139236996424
9.69 29.114541742187562
9.700000000000001 29.33212991506394
9.709999999999999 29.36198922939699
9.72 29.357041435154976
9.729999999999999 29.219719760092175
9.74 29.401272283398377
9.749999999999998 29.249344682957858
9.76 29.440033094487944
9.770000000000001 29.442130182773575
9.78 29.469956768737745
9.790000000000001 29.295406121292793
9.799999999999999 29.511046648786554
9.81 29.337139218306785
9.819999999999999 29.572493185120187
9.83 29.574097691113845
9.839999999999998 29.62167943595349
9.85 29.64352372787171
9.860000000000001 29.645281896033772
9.87 29.426656347849793
9.88 29.705403094165213
9.889999999999999 29.5221416802503
9.9 29.51572407847398
9.909999999999998 29.549075262847015
9.92 29.590281387456983
9.930000000000001 29.62414648820278
9.94 29.57576725357111
9.950000000000001 29.527973405145946
9.959999999999999 29.54492003231986
9.97 29.557067523476373
9.979999999999999 29.58201146537794
9.99 29.58817221074053
9.999999999999998 29.59530862454456
10.01 29.606663122188802
10.020000000000001 29.61864074358032
10.03 29.61294019065014
10.040000000000001 29.549436944584055
10.049999999999999 29.688498012391896
10.06 29.6978897261841
10.069999999999999 29.70593404261836
10.08 29.644165666325016
10.089999999999998 29.69926451063599
10.1 29.740225520111377
10.110000000000001 29.646971798974825
10.12 29.689407015147047
10.13 29.73849404438716
10.139999999999999 29.751351329582526
10.15 29.851410843680746
10.159999999999998 29.77611770262932
10.17 29.792842218716302
10.180000000000001 29.82544205838522
10.19 29.869943736045094
10.200000000000001 29.919672410143498
10.209999999999999 30.025033224336187
10.22 30.00923450226293
10.229999999999999 30.00143208260648
10.24 29.742971798515676
10.249999999999998 29.778193062528185
10.26 29.768330761309137
10.270000000000001 29.687313882584924
10.28 29.72168613361297
10.290000000000001 29.73642237497052
10.299999999999999 29.782839439848132
10.31 29.790614413860958
10.319999999999999 29.779764932303923
10.33 29.753593891887064
10.339999999999998 29.766895677346298
10.35 29.846581492230033
10.360000000000001 30.240969326958943
10.37 30.22462179508347
10.38 29.934242198513154
10.389999999999999 29.978665644002763
10.4 30.024736547340765
10.409999999999998 30.292414355152353
10.42 30.28672014267952
10.430000000000001 30.32058844791137
10.44 30.35603851739707
10.450000000000001 30.399784514596703
10.459999999999999 30.43911924785335
10.47 30.4502007539116
10.479999999999999 30.451264638926098
10.49 30.51242617133915
10.499999999999998 30.517632104849742
10.51 30.476089412649756
10.520000000000001 30.518374266531605
10.53 30.500512363698498
10.540000000000001 30.50660395069237
10.549999999999999 30.54002017337894
10.56 30.531515637753472
10.569999999999999 30.536656133633095
10.58 30.58220130979266
10.589999999999998 30.552933340268137
10.6 30.56383097038442
10.610000000000001 30.605984401763653
10.62 30.583597055921647
10.63 30.58519642193386
10.639999999999999 30.565126356312227
10.65 30.595063970583986
10.659999999999998 30.67421293171823
10.67 30.68614631048502
10.680000000000001 30.699316999545644
10.69 30.690805413280906
10.700000000000001 30.75257084259207
10.709999999999999 30.783156100218335
10.72 30.82040266980194
10.729999999999999 30.814336815654578
10.74 30.870871180180593
10.749999999999998 30.94213785651866
10.76 30.97378166780298
10.770000000000001 30.96661242987873
10.78 31.004476981613163
10.790000000000001 31.050182267837044
10.799999999999999 31.027827320406175
10.81 31.047975259291416
10.819999999999999 31.041421878062074
10.83 31.065231084822706
10.839999999999998 31.062130117603623
10.85 31.08401687900885
10.860000000000001 31.070620364773493
10.87 31.07003453119867
10.88 31.09983987704916
10.889999999999999 31.106686265867012
10.9 31.080417602182298
10.909999999999998 31.022181025570344
10.92 31.049143654845835
10.930000000000001 31.01761644531878
10.94 31.07089601426781
10.950000000000001 31.03382717483172
10.959999999999999 31.000810844025274
10.97 31.041370536446358
10.979999999999999 31.025138113722907
10.99 31.011744419623845
10.999999999999998 31.02103476642815
11.01 31.012155321643014
11.020000000000001 30.988034184065157
11.03 31.009995313429172
11.040000000000001 31.016502572365074
11.049999999999999 31.041538197763188
11.06 31.048533607617806
11.069999999999999 31.04507305329249
11.08 31.069401584155283
11.089999999999998 31.091477358013172
11.1 31.093737740690486
11.110000000000001 31.14698574014485
11.12 31.133303698330977
11.13 31.123047650809614
11.139999999999999 31.13970125283744
11.15 31.170015360172293
11.159999999999998 31.21057641028687
11.17 31.168808797456542
11.180000000000001 31.247288842378047
11.19 31.257485518108993
11.200000000000001 31.244815003849304
11.209999999999999 31.31829581936975
11.22 31.261453407908434
11.229999999999999 31.329684940317676
11.24 31.38643859363686
11.249999999999998 31.39097436679183
11.26 31.425243852847395
11.270000000000001 31.418155276946063
11.28 31.440134332574743
11.290000000000001 31.450399094455044
11.299999999999999 31.454335935706627
11.31 31.51571625243968
11.319999999999999 31.516927067737484
11.33 31.520714369534033
11.339999999999998 31.569960594598513
11.35 31.60085554387356
11.360000000000001 31.595647615033855
11.37 31.596549844648138
11.38 31.57039839316389
11.389999999999999 31.599070564389176
11.4 31.579189909487035
11.409999999999998 31.658227131117773
11.42 31.56083186688205
11.430000000000001 31.56047211603692
11.44 31.64231799256074
11.450000000000001 31.67134612143238
11.459999999999999 31.68991354943351
11.47 31.69527783189815
11.479999999999999 31.681359723645702
11.49 31.752818449939866
11.499999999999998 31.777539927361943
11.51 31.77462568723745
11.520000000000001 31.712011184196733
11.53 31.747719527422873
11.540000000000001 31.803957317257606
11.549999999999999 31.83887209493577
11.56 31.860335251340214
11.569999999999999 31.813830260681794
11.58 31.859875696270528
11.589999999999998 31.90782561143966
11.6 31.877158644575896
11.610000000000001 31.8608088720653
11.62 31.887363491440247
11.63 31.896077328164424
11.639999999999999 31.907489217375268
11.65 31.923631678372992
11.659999999999998 31.980606621369297
11.67 31.91244980907933
11.680000000000001 31.95544151250391
11.69 32.00001008508276
11.700000000000001 32.0467679481868
11.709999999999999 32.09095932277377
11.72 32.05834864786067
11.729999999999999 32.04208160389317
11.74 32.12660312943376
11.749999999999998 32.149052232431046
11.76 32.1502020729375
11.770000000000001 32.12687690801059
11.78 32.15609224533996
11.790000000000001 32.243745276058846
11.799999999999999 32.23550574211639
11.81 32.220421638640296
11.819999999999999 32.246888888828494
11.83 32.27521207555321
11.839999999999998 32.3714096312937
11.85 32.41163439209587
11.860000000000001 32.4270556439246
11.87 32.42197748953052
11.88 32.44540971089653
11.889999999999999 32.489950578419524
11.9 32.50083097718685
11.909999999999998 32.52594428586861
11.92 32.573897069451796
11.930000000000001 32.556940141695144
11.94 32.56669073921961
11.950000000000001 32.56796321584787
11.959999999999999 32.58840966701979
11.97 32.57697733991246
11.979999999999999 32.59123376233571
11.99 32.61564285886156
11.999999999999998 32.591169337464784
12.01 32.68946838874295
12.020000000000001 32.69528077669597
12.03 32.738916177905054
12.040000000000001 32.68594134717408
12.049999999999999 32.718855544425516
12.06 32.77509226523702
12.069999999999999 32.75264674734885
12.08 32.80656822919897
12.089999999999998 32.792487050651495
12.1 32.79433880819859
12.110000000000001 32.725952065057214
12.12 32.78247069218425
12.13 32.78869195531266
12.139999999999999 32.81493253807713
12.15 32.81787584850513
12.159999999999998 32.81980268230354
12.17 32.850960989419576
12.180000000000001 32.80805642026507
12.19 32.85887038528498
12.200000000000001 32.821290336793375
12.209999999999999 32.82324774634728
12.22 32.85174721122804
12.229999999999999 32.89647673344988
12.24 32.94079479607869
12.249999999999998 32.89757617765345
12.26 32.87153452715537
12.270000000000001 32.89721312003454
12.28 32.91148456507724
12.290000000000001 32.86913009849566
12.299999999999999 32.85296191664398
12.31 32.968617662250864
12.319999999999999 33.047666516715836
12.33 33.04870270322147
12.339999999999998 33.02090705085059
12.35 33.04619659070853
12.360000000000001 32.977143153528736
12.37 33.07272984187687
12.38 33.06855197476127
12.389999999999999 33.076407866332936
12.4 33.098548498984925
12.409999999999998 33.14296817875967
12.42 33.14354213641476
12.430000000000001 33.11835443536633
12.44 33.09684220153526
12.450000000000001 33.11612942633097
12.459999999999999 33.20627138660262
12.47 33.21003040069131
12.479999999999999 33.287229972549184
12.49 33.2889728573994
12.499999999999998 33.287467162199405
12.51 33.33277021386957
12.520000000000001 33.321244350154004
12.53 33.27048789169116
12.540000000000001 33.296864069477266
12.549999999999999 33.332160017530796
12.56 33.37707337889209
12.569999999999999 33.387463886218306
12.58 33.36601290314718
12.589999999999998 33.38047707366502
12.6 33.367810415481415
12.610000000000001 33.40052313755452
12.62 33.36474007624433
12.63 33.35857237163723
12.639999999999999 33.438747344556305
12.65 33.37647431428026
12.659999999999998 33.088486396644655
12.67 33.13032531853176
12.680000000000001 33.08776409572454
12.69 33.05937148456835
12.700000000000001 33.088478653264545
12.709999999999999 33.051628640912014
12.72 33.1240151007784
12.729999999999999 33.42217975148736
12.74 33.14881706265919
12.749999999999998 33.134931232069334
12.76 33.12503500754142
12.770000000000001 33.1758314654388
12.78 33.13217103763648
12.790000000000001 33.19427223981143
12.799999999999999 33.159797080962235
12.81 33.251414013525995
12.819999999999999 33.211377161082865
12.83 33.19092165005853
12.839999999999998 33.18852779655406
12.85 33.25345299036878
12.860000000000001 33.186117618278324
12.87 33.23447667652516
12.88 33.19665122101345
12.889999999999999 33.27857994693123
12.9 33.277503376573684
12.909999999999998 33.28269968496415
12.92 33.268046173787255
12.930000000000001 33.364434789177984
12.94 33.31677272130537
12.950000000000001 33.322943881304255
12.959999999999999 33.310465266736536
12.97 33.38179118308301
12.979999999999999 33.34259424936461
12.99 33.37745137216946
12.999999999999998 33.354310181909035
13.01 33.37346218341491
13.020000000000001 33.392532003874045
13.03 33.41696822090345
13.040000000000001 33.39540072841411
13.049999999999999 33.445214685651315
13.06 33.44684998653935
13.069999999999999 33.44093456908992
13.08 33.4417668296462
13.089999999999998 33.476417152415266
13.1 33.50326972096158
13.110000000000001 33.46773622203495
13.12 33.45574767759271
13.13 33.54316892066401
13.139999999999999 33.55510095823679
13.15 33.56039068216276
13.159999999999998 33.52694748122025
13.17 33.60306761025394
13.180000000000001 33.59257505391354
13.19 33.64792991035648
13.200000000000001 33.6347681330441
13.209999999999999 33.75674794074555
13.22 33.69771003623853
13.229999999999999 33.69835961329031
13.24 33.730730899854805
13.249999999999998 33.79225036406187
13.26 33.76812584697716
13.270000000000001 33.808917194752624
13.28 33.788575367876376
13.290000000000001 33.77680845063607
13.299999999999999 33.78940671620779
13.31 33.8651842509901
13.319999999999999 33.874153628929534
13.33 33.85225550927052
13.339999999999998 33.84248252359213
13.35 33.84137301468283
13.360000000000001 33.914110772830625
13.37 33.86562989267256
13.38 33.95980224226819
13.389999999999999 33.910397159701105
13.4 33.99844409911403
13.409999999999998 33.97249119101414
13.42 33.93069018760045
13.430000000000001 34.02755541813812
13.44 34.02826255337391
13.450000000000001 33.99642949285817
13.459999999999999 34.055848197129386
13.47 34.04672944098279
13.479999999999999 34.06574643724579
13.49 34.05978935423431
13.499999999999998 34.05904446204008
13.51 34.067198191435715
13.520000000000001 34.02394217021527
13.53 34.10326816382305
13.540000000000001 34.133117217973336
13.549999999999999 34.159858950938
13.56 34.1148471332864
13.569999999999999 34.15304267257016
13.58 34.14259477674828
13.589999999999998 34.112405979881146
13.6 34.10282148931248
13.610000000000001 34.18500497712366
13.62 34.21612075700365
13.63 34.098269329453835
13.639999999999999 34.086144697146
13.65 34.15342918793196
13.659999999999998 34.16595484643367
13.67 34.15381713136872
13.680000000000001 34.20220621311615
13.69 34.19832973032612
13.700000000000001 34.19492970463594
13.709999999999999 34.16113070111867
13.72 34.241772510205315
13.729999999999999 34.268618046752316
13.74 34.233762460094354
13.749999999999998 34.208759445350594
13.76 34.29488801280778
13.770000000000001 34.314726010946686
13.78 34.24855639714022
13.790000000000001 34.224751309000105
13.799999999999999 34.26470605970695
13.81 34.21530429637464
13.819999999999999 34.25506834787171
13.83 34.27478582096638
13.839999999999998 34.26940682476376
13.85 34.31379458376638
13.860000000000001 34.27376754312722
13.87 34.30972648281538
13.88 34.2982449993721
13.889999999999999 34.260949452626136
13.9 34.35927406714421
13.909999999999998 34.410785882297745
13.92 34.353714276869184
13.930000000000001 34.36874898922464
13.94 34.37284602094955
13.950000000000001 34.33200916817428
13.959999999999999 34.382508227619
13.97 34.37113039474657
13.979999999999999 34.43595457322715
13.99 34.43807174868796
13.999999999999998 34.46305884419354
14.01 34.48287449603588
14.020000000000001 34.46048259964521
14.03 34.257863230458966
14.040000000000001 34.24552775326755
14.049999999999999 34.296769502645894
14.06 34.33645404958976
14.069999999999999 34.28027156645362
14.08 34.330625874088796
14.089999999999998 34.31824602859278
14.1 34.38428215641383
14.110000000000001 34.37495976855172
14.12 34.42149261906041
14.13 34.44598089781778
14.139999999999999 34.49984770014618
14.15 34.5094691161186
14.159999999999998 34.512703685062874
14.17 34.51929369177393
14.180000000000001 34.52965764444271
14.19 34.573683329554314
14.200000000000001 34.59400156456216
14.209999999999999 34.60768929174008
14.22 34.56255435250242
14.229999999999999 34.61202893815266
14.24 34.609986526298215
14.249999999999998 34.58041330634511
14.26 34.57899304591319
14.270000000000001 34.581858146048944
14.28 34.706557751736725
14.290000000000001 34.69237070508501
14.299999999999999 34.72876491418533
14.31 34.72060531976962
14.319999999999999 34.71353176006245
14.33 34.66016710349385
14.339999999999998 34.7147063446955
14.35 34.75194911798276
14.360000000000001 34.75809042257158
14.37 34.81776660256921
14.38 34.82663680037285
14.389999999999999 34.82465402347068
14.4 34.83347068892727
14.409999999999998 34.873008853185596
14.42 34.835569272377825
14.430000000000001 34.84329251377363
14.44 34.88641521241343
14.450000000000001 34.837864237698255
14.459999999999999 34.91652188186014
14.47 34.92689197160459
14.479999999999999 34.82392020194643
14.49 34.8681480337721
14.499999999999998 34.853402041496594
14.51 34.875117771975454
14.520000000000001 34.87857295923137
14.53 34.88793650045068
14.540000000000001 34.89051108766047
14.549999999999999 34.853798477907006
14.56 34.82317016042165
14.569999999999999 34.8572277321376
14.58 34.89430157490388
14.589999999999998 34.885375978760095
14.6 34.88932115171663
14.610000000000001 34.956535043052824
14.62 34.94735886133854
14.63 34.909208312626475
14.639999999999999 34.89219883451095
14.65 34.87816804051785
14.659999999999998 34.93048150062654
14.67 34.89169333087476
14.680000000000001 34.92995430533119
14.69 34.938868742454645
14.700000000000001 34.90559165566408
14.709999999999999 34.801539304438364
14.72 34.81898338383403
14.729999999999999 34.862598881836675
14.74 34.86564611177246
14.749999999999998 34.87696007159326
14.76 34.94012415861644
14.770000000000001 34.962749055628485
14.78 34.92307136443969
14.790000000000001 34.91710586210622
14.799999999999999 34.95049411686372
14.81 34.899182894814224
14.819999999999999 34.94100021613042
14.83 34.99362062308312
14.839999999999998 34.9655810166805
14.85 34.978844556828946
14.860000000000001 35.06007289349653
14.87 35.024001571977934
14.88 35.06781212241194
14.889999999999999 35.03282250917674
14.9 35.0430611593581
14.909999999999998 35.10703580559764
14.92 35.112409898102925
14.930000000000001 35.095166078451946
14.94 35.141590446047466
14.950000000000001 35.141841289151714
14.959999999999999 35.13865933022916
14.97 35.114766530352114
14.979999999999999 35.175102816526
14.99 35.159092460042395
14.999999999999998 35.18670762058922
15.01 35.18975303743575
15.020000000000001 35.1956381716612
15.03 35.18233197857646
15.040000000000001 35.22592700690412
15.049999999999999 35.20539451836636
15.06 35.23764935829243
15.069999999999999 35.20632918025482
15.08 35.21619122073895
15.089999999999998 35.07999119733911
15.1 35.12441513311798
15.110000000000001 35.188969093186984
15.12 35.072017458462554
15.13 35.08601261233293
15.139999999999999 35.00808849313144
15.15 35.26451282722449
15.159999999999998 35.03918157408473
15.17 35.06347415102083
15.180000000000001 35.214527312634964
15.19 35.19653519244267
15.200000000000001 35.25418147852083
15.209999999999999 35.28096645060364
15.22 35.2915047236843
15.229999999999999 35.25284994999843
15.24 35.19218765322449
15.249999999999998 35.23427819394131
15.26 35.25296143714159
15.270000000000001 35.209056206566686
15.28 35.069136391683955
15.290000000000001 35.14626736709059
15.299999999999999 35.17346529608815
15.31 35.16118584038769
15.319999999999999 35.10038486166263
15.33 35.08616064685502
15.339999999999998 35.08286806196494
15.35 35.124159507733836
15.360000000000001 35.14274059822678
15.37 35.13351612085695
15.38 35.12502787099943
15.389999999999999 35.245891868807526
15.4 35.26896311394555
15.409999999999998 35.15912943296331
15.42 35.17663537770764
15.430000000000001 35.47965277654734
15.44 35.17966703556539
15.450000000000001 35.19924233752745
15.459999999999999 35.47975017040399
15.47 35.49414048990539
15.479999999999999 35.480731977942746
15.49 35.700684288739325
15.499999999999998 35.68488302909107
15.51 35.6622403948371
15.520000000000001 35.71533296199158
15.53 35.48052980709727
15.540000000000001 35.4759546059103
15.549999999999999 35.506309847203525
15.56 35.58628274231308
15.569999999999999 35.66999053630741
15.58 35.6396782064375
15.589999999999998 35.659989631839935
15.6 35.69563152149665
15.610000000000001 35.688664794265414
15.62 35.68647131802314
15.63 35.73603315531039
15.639999999999999 35.74987083761852
15.65 35.87931011478254
15.659999999999998 35.9043143634469
15.67 35.95507010212095
15.680000000000001 35.962983763995666
15.69 35.666560954311734
15.700000000000001 35.70497714788459
