%x y
0.0 13.32839310027235
0.009999999999999787 13.312837725766475
0.019999999999999574 13.26111375707643
0.02999999999999936 13.28801133171772
0.03999999999999915 13.283358871280141
0.049999999999998934 13.314546932991117
0.05999999999999872 13.302335621187037
0.07000000000000028 13.32882815107914
0.08000000000000007 13.34338829009134
0.08999999999999986 13.36932613735432
0.09999999999999964 13.374739771440368
0.10999999999999943 13.45499476205887
0.11999999999999922 13.406498851410694
0.129999999999999 13.421804570119987
0.1399999999999988 13.456365680830682
0.14999999999999858 13.45603175984685
0.16000000000000014 13.470644502948906
0.16999999999999993 13.426724644542357
0.17999999999999972 13.436784928933061
0.1899999999999995 13.463071744371096
0.1999999999999993 13.491535638652696
0.20999999999999908 13.437667528558155
0.21999999999999886 13.440201011375237
0.22999999999999865 13.42349486119092
0.2400000000000002 13.404723828308635
0.25 13.455526784205471
0.2599999999999998 13.483738023212858
0.2699999999999996 13.459698733739831
0.27999999999999936 13.418445668499025
0.28999999999999915 13.425956820064279
0.29999999999999893 13.428723172190606
0.3099999999999987 13.446829784438506
0.3200000000000003 13.49876802669396
0.33000000000000007 13.40491518495643
0.33999999999999986 13.404787533322487
0.34999999999999964 13.423193014791295
0.35999999999999943 13.412182614467056
0.3699999999999992 13.418903430188262
0.379999999999999 13.38912346639388
0.3899999999999988 13.349148461816576
0.3999999999999986 13.36170891294308
0.41000000000000014 13.3287662657084
0.41999999999999993 13.338182925040574
0.4299999999999997 13.298081683591185
0.4399999999999995 13.269877115917073
0.4499999999999993 13.280852522313541
0.4599999999999991 13.289318611128733
0.46999999999999886 13.279868340905495
0.47999999999999865 13.282602589781558
0.4900000000000002 13.308062525602713
0.5 13.271634412599324
0.5099999999999998 13.235786620493592
0.5199999999999996 13.249487189045134
0.5299999999999994 13.250726338663421
0.5399999999999991 13.261334974293769
0.5499999999999989 13.16132180105075
0.5599999999999987 13.188224364854726
0.5700000000000003 13.157207747341346
0.5800000000000001 13.126869123348293
0.5899999999999999 13.119412146695446
0.5999999999999996 13.086194943986584
0.6099999999999994 13.072085787010991
0.6199999999999992 13.053951131227045
0.629999999999999 13.044582766725902
0.6399999999999988 13.06449760909765
0.6499999999999986 13.05688111902709
0.6600000000000001 13.009928854453767
0.6699999999999999 13.007061702614582
0.6799999999999997 13.053903881514797
0.6899999999999995 13.069455492395816
0.6999999999999993 13.119638679746117
0.7099999999999991 13.096651453595737
0.7199999999999989 13.106278183978123
0.7299999999999986 13.0560059390904
0.7400000000000002 12.985116519680592
0.75 13.005213201923276
0.7599999999999998 12.969510300951008
0.7699999999999996 12.845688960247678
0.7799999999999994 12.923858283887583
0.7899999999999991 12.911528187405983
0.7999999999999989 12.900977930844007
0.8099999999999987 12.912898305003152
0.8200000000000003 12.899887166048355
0.8300000000000001 12.857911886584278
0.8399999999999999 12.86402324250141
0.8499999999999996 12.824113188705864
0.8599999999999994 12.879808059556238
0.8699999999999992 12.894275556978362
0.879999999999999 12.99517189736501
0.8899999999999988 12.831119142536757
0.8999999999999986 12.82853318897206
0.9100000000000001 12.82083207480142
0.9199999999999999 12.84721973580459
0.9299999999999997 12.829625728964762
0.9399999999999995 12.77214995558758
0.9499999999999993 12.78450941309223
0.9599999999999991 12.887336923596699
0.9699999999999989 12.83936618428912
0.9799999999999986 12.765318458843591
0.9900000000000002 12.741705659957507
1.0 12.711673514964911
1.0099999999999998 12.782988692405628
1.0199999999999996 12.726770497298329
1.0299999999999994 12.74434722291187
1.0399999999999991 12.793375347549825
1.049999999999999 12.758453244835888
1.0599999999999987 12.706130455288385
1.0700000000000003 12.727783825233697
1.08 12.731824169560088
1.0899999999999999 12.702583581716928
1.0999999999999996 12.656716357368218
1.1099999999999994 12.670141349981233
1.120000000000001 12.688727717455823
1.129999999999999 12.75769865209606
1.1400000000000006 12.724647836437489
1.1499999999999986 12.720741489885242
1.1600000000000001 12.676775981293392
1.1699999999999982 12.71779367118582
1.1799999999999997 12.7013586278952
1.1899999999999977 12.744045285326743
1.1999999999999993 12.818368137292817
1.2100000000000009 12.782915705454766
1.2199999999999989 12.858706782339755
1.2300000000000004 12.873564214674513
1.2399999999999984 12.903143684873273
1.25 12.897204266681088
1.259999999999998 12.87290883771298
1.2699999999999996 12.921197965933255
1.2800000000000011 12.98957734320654
1.2899999999999991 12.95336939320215
1.3000000000000007 13.120641061316778
1.3099999999999987 12.966890813175837
1.3200000000000003 12.956512347234288
1.3299999999999983 12.92625128151881
1.3399999999999999 12.92549425164464
1.3499999999999979 12.91259671347942
1.3599999999999994 12.90798208933338
1.370000000000001 12.88385809498596
1.379999999999999 12.993126636079069
1.3900000000000006 12.985939217923203
1.3999999999999986 13.001390220237077
1.4100000000000001 13.06702215303343
1.4199999999999982 13.078923515432535
1.4299999999999997 13.09287844652343
1.4399999999999977 13.06680715736818
1.4499999999999993 13.064294309664515
1.4600000000000009 13.097428075109647
1.4699999999999989 13.043536085755028
1.4800000000000004 13.060349752298025
1.4899999999999984 13.09740450653951
1.5 13.085052081342454
1.509999999999998 13.093112133041357
1.5199999999999996 13.064620471007153
1.5300000000000011 13.117547204140262
1.5399999999999991 13.10310138144876
1.5500000000000007 13.125698609038473
1.5599999999999987 13.086979162050142
1.5700000000000003 13.1189921587946
1.5799999999999983 13.04716713685277
1.5899999999999999 13.025456705228983
1.5999999999999979 13.021032161131316
1.6099999999999994 13.01762871337316
1.620000000000001 13.029077798974374
1.629999999999999 12.955336212351476
1.6400000000000006 13.060067726984496
1.6499999999999986 12.969613956778892
1.6600000000000001 13.130896769665798
1.6699999999999982 13.195211563518937
1.6799999999999997 13.19683677611659
1.6899999999999977 13.108773098402102
1.6999999999999993 13.183609279093442
1.7100000000000009 13.198869109293671
1.7199999999999989 13.20686864151641
1.7300000000000004 13.230897709842576
1.7399999999999984 13.182695941684983
1.75 13.188041202121372
1.759999999999998 13.199052873844153
1.7699999999999996 13.246088072000965
1.7800000000000011 13.290539119739588
1.7899999999999991 13.28925903862705
1.8000000000000007 13.299931146877888
1.8099999999999987 13.304606188186122
1.8200000000000003 13.279531011662389
1.8299999999999983 13.306804803481999
1.8399999999999999 13.301660378453214
1.8499999999999979 13.24187427919758
1.8599999999999994 13.267779911939797
1.870000000000001 13.274230558426384
1.879999999999999 13.320606321805355
1.8900000000000006 13.346857377151789
1.8999999999999986 13.2769449135605
1.9100000000000001 13.287244410833354
1.9199999999999982 13.282057341379833
1.9299999999999997 13.278853873329155
1.9399999999999977 13.315021680693272
1.9499999999999993 13.2126044101824
1.9600000000000009 13.195357901937356
1.9699999999999989 13.221714273896328
1.9800000000000004 13.304020549860056
1.9899999999999984 13.29040750479806
2.0 13.25096414543309
2.009999999999998 13.260224603218958
2.0199999999999996 13.300757190746822
2.030000000000001 13.350990694402002
2.039999999999999 13.31394977737451
2.0500000000000007 13.25508434481221
2.0599999999999987 13.264102908373829
2.0700000000000003 13.291685374716362
2.0799999999999983 13.35614624790423
2.09 13.35196218632408
2.099999999999998 13.370789414515208
2.1099999999999994 13.37335707468226
2.120000000000001 13.40256485347506
2.129999999999999 13.448704474022609
2.1400000000000006 13.500674383037431
2.1499999999999986 13.583698450281826
2.16 13.670730676751244
2.169999999999998 13.711690435904822
2.1799999999999997 13.874863021986473
2.1899999999999977 14.113740158610026
2.1999999999999993 14.374171504413315
2.210000000000001 14.726451428674086
2.219999999999999 15.196115172147135
2.2300000000000004 15.712599712146865
2.2399999999999984 16.29077418349301
2.25 16.914986816018757
2.259999999999998 17.623037499787504
2.2699999999999996 18.283257377465077
2.280000000000001 19.082388489047688
2.289999999999999 19.854935039587684
2.3000000000000007 20.705001713011242
2.3099999999999987 21.532394447221606
2.3200000000000003 22.2868062415507
2.3299999999999983 23.12423500402168
2.34 23.99622113606106
2.349999999999998 24.786148623970806
2.3599999999999994 25.61497231483918
2.370000000000001 26.47838453952879
2.379999999999999 27.34331541934884
2.3900000000000006 28.207734082861823
2.3999999999999986 29.042987543217162
2.41 29.929565367276222
2.419999999999998 30.805032519359717
2.4299999999999997 31.674366747693888
2.4399999999999977 32.55788027118257
2.4499999999999993 33.436149788622615
2.460000000000001 34.30017839292507
2.469999999999999 35.135626834918796
2.4800000000000004 36.106182926798596
2.4899999999999984 36.95241197720466
2.5 37.87526053902063
2.509999999999998 38.71297338344915
2.5199999999999996 39.555853561180925
2.530000000000001 40.43536390660542
2.539999999999999 41.302178874507334
2.5500000000000007 42.242138999170876
2.5599999999999987 43.073417675590655
2.5700000000000003 43.974889021438514
2.5799999999999983 44.83534624777539
2.59 45.24230975509071
2.599999999999998 45.349723697841156
2.6099999999999994 45.68155591831737
2.620000000000001 46.5773386353156
2.629999999999999 49.16139709963048
2.6400000000000006 50.021292930752026
2.6499999999999986 49.24747451828497
2.66 50.147969000649255
2.669999999999998 51.05335630694891
2.6799999999999997 51.96759541142195
2.6899999999999977 52.82567342170411
2.6999999999999993 53.72234494949723
2.710000000000001 54.463189532004776
2.719999999999999 55.25923635785824
2.7300000000000004 55.995052434091434
2.7399999999999984 56.792578500905584
2.75 57.58164656639907
2.759999999999998 58.460221037696016
2.7699999999999996 59.193427852392404
2.780000000000001 60.03448993566259
2.789999999999999 60.78084158975658
2.8000000000000007 61.64988693385574
2.8099999999999987 62.36061959576246
2.8200000000000003 63.97273766123541
2.8299999999999983 63.873133797240065
2.84 64.66728343852039
2.849999999999998 65.40705725913595
2.8599999999999994 66.22656456274925
2.870000000000001 67.02414944677543
2.879999999999999 68.46105717139551
2.8900000000000006 68.40464625810488
2.8999999999999986 69.12278413088077
2.91 69.80910651227471
2.919999999999998 70.58374667679139
2.9299999999999997 71.93882289854838
2.9399999999999977 71.99862574991917
2.9499999999999993 72.7733985502522
2.960000000000001 74.07643389196467
2.969999999999999 74.22021054631391
2.9800000000000004 74.96178626276213
2.9899999999999984 75.64276112010182
3.0 76.86594850602233
3.009999999999998 77.60498494285399
3.0199999999999996 77.82046671810332
3.030000000000001 78.63473246267044
3.039999999999999 79.34974359077935
3.0500000000000007 80.05085300420842
3.0599999999999987 81.2516099958653
3.0700000000000003 81.49558130629063
3.0799999999999983 82.59028174140032
3.09 83.23749068130957
3.099999999999998 83.55461270067579
3.1099999999999994 84.33347816043619
3.120000000000001 85.01924593069187
3.129999999999999 85.77037475055818
3.1400000000000006 86.82223717116514
3.1499999999999986 87.19226936527559
3.16 87.97504483277808
3.169999999999998 88.65682997724406
3.1799999999999997 89.42815185415338
3.1899999999999977 90.13091244158169
3.1999999999999993 91.10737395562154
3.210000000000001 91.80741574097445
3.219999999999999 92.30807546584558
3.2300000000000004 92.97427533398198
3.2399999999999984 93.65443952059695
3.25 94.54955767637664
3.259999999999998 95.09365359064255
3.2699999999999996 95.73611055148896
3.280000000000001 96.49800983380966
3.289999999999999 97.21244543428452
3.3000000000000007 97.93050256493348
3.3099999999999987 98.59107948991407
3.3200000000000003 99.38595769784074
3.3299999999999983 100.06408448469318
3.34 100.706709873537
3.349999999999998 101.441291488915
3.3599999999999994 102.07575271372671
3.370000000000001 102.75736886005694
3.379999999999999 103.40981876384558
3.3900000000000006 104.05762584483254
3.3999999999999986 104.74476154465415
3.41 105.44427443935132
3.419999999999998 106.05579600936318
3.4299999999999997 106.81829770232761
3.4399999999999977 107.49914847360093
3.4499999999999993 108.13248039272526
3.460000000000001 108.77891096019903
3.469999999999999 109.44156613381757
3.4800000000000004 110.18627720003929
3.4899999999999984 110.83480155053704
3.5 111.5580855849316
3.509999999999998 112.15804604937162
3.5199999999999996 112.78477164823859
3.530000000000001 113.32759974084868
3.539999999999999 113.86210800752733
3.5500000000000007 114.5852353539089
3.5599999999999987 115.1610302067549
3.5700000000000003 115.84492545144032
3.5799999999999983 116.46403103955126
3.59 117.06338970010705
3.599999999999998 117.7448500077009
3.6099999999999994 118.3931103086031
3.620000000000001 119.00131929298153
3.629999999999999 119.69541606904497
3.6400000000000006 120.27854535382158
3.6499999999999986 120.8840980328076
3.66 121.57391660914301
3.669999999999998 122.07636613677136
3.6799999999999997 122.72711807294164
3.6899999999999977 123.25082519568136
3.6999999999999993 123.83956356796067
3.710000000000001 124.4362737123509
3.719999999999999 125.05153199694675
3.7300000000000004 125.68355752091665
3.7399999999999984 126.24672452391427
3.75 126.84187824831166
3.759999999999998 127.38610953083007
3.7699999999999996 127.89271552404315
3.780000000000001 128.52690210803092
3.789999999999999 129.0214201724079
3.8000000000000007 129.58128964258916
3.8099999999999987 130.16828873203858
3.8200000000000003 130.67796066132107
3.8299999999999983 131.24363764146975
3.84 131.73183929455857
3.849999999999998 132.18770742008593
3.8599999999999994 132.75522671640607
3.870000000000001 133.19646745832767
3.879999999999999 133.69326103425834
3.8900000000000006 134.1841539093038
3.8999999999999986 134.64699411836037
3.91 135.10298254233965
3.919999999999998 135.5813120266491
3.9299999999999997 136.0393264808143
3.9399999999999977 136.48940267368738
3.9499999999999993 136.9313680485784
3.960000000000001 137.3251371660092
3.969999999999999 137.73589210701903
3.9800000000000004 138.0113604758093
3.9899999999999984 138.41852652798562
4.0 138.82988407308596
4.009999999999998 139.14292967498352
4.02 139.51642524718775
4.030000000000001 139.86412650284868
4.039999999999999 140.23016482179304
4.050000000000001 140.60789132133084
4.059999999999999 140.9943725741378
4.07 141.23457469951347
4.079999999999998 141.58399710583546
4.09 141.92116162107425
4.099999999999998 142.13350573023064
4.109999999999999 142.4144741095435
4.120000000000001 142.75298851111387
4.129999999999999 142.93957515657343
4.140000000000001 143.20528402883738
4.149999999999999 143.41634029416105
4.16 143.64235294659647
4.169999999999998 143.84105265919248
4.18 144.05331517991235
4.189999999999998 144.17422112632784
4.199999999999999 144.34330645126863
4.210000000000001 144.57571854172159
4.219999999999999 144.65512662740096
4.23 144.70337802259974
4.239999999999998 144.85669887345813
4.25 144.93679695369062
4.259999999999998 144.96531044345116
4.27 145.03580041870742
4.280000000000001 145.15482331882006
4.289999999999999 145.1263252908166
4.300000000000001 145.1477637489371
4.309999999999999 145.12057141814137
4.32 145.11697754281232
4.329999999999998 145.07038318511783
4.34 145.0124552281281
4.349999999999998 144.9590559615625
4.359999999999999 144.85727357767675
4.370000000000001 144.80858901696882
4.379999999999999 144.6447936139915
4.390000000000001 144.52250430116936
4.399999999999999 144.34816744645389
4.41 144.2040712151163
4.419999999999998 144.02047176546716
4.43 143.79731597428963
4.439999999999998 143.61496342390268
4.449999999999999 143.36277003978714
4.460000000000001 142.92384647700064
4.469999999999999 142.66052162380058
4.48 142.15730630975037
4.489999999999998 141.80308377433312
4.5 141.23191378829944
4.509999999999998 140.71470273702306
4.52 140.10839514331207
4.530000000000001 139.47823190192668
4.539999999999999 138.73353583828484
4.550000000000001 137.99960530273157
4.559999999999999 137.13998010322237
4.57 136.2506488117108
4.579999999999998 135.2170000140398
4.59 134.22546788690164
4.599999999999998 133.05344478130607
4.609999999999999 131.94437466248615
4.620000000000001 130.75370031343107
4.629999999999999 129.5274972578717
4.640000000000001 128.33041720601312
4.649999999999999 126.86107377810828
4.66 125.49609787132754
4.669999999999998 124.00814796802757
4.68 122.65523321514758
4.689999999999998 121.17711537497513
4.699999999999999 119.71545912125451
4.710000000000001 118.19548030140936
4.719999999999999 116.75373741893435
4.73 115.33563432397736
4.739999999999998 113.94059772966793
4.75 112.55047008431312
4.759999999999998 111.14658594348793
4.77 109.85506600907655
4.780000000000001 108.5380270702116
4.789999999999999 107.17074777000671
4.800000000000001 105.79659269593962
4.809999999999999 104.46930895865844
4.82 103.13145147408515
4.829999999999998 101.76284245421513
4.84 100.43633641006873
4.849999999999998 99.04723265151283
4.859999999999999 97.7007102452736
4.870000000000001 96.33416730393347
4.879999999999999 95.00125056432745
4.890000000000001 93.64487062400065
4.899999999999999 92.40261125051914
4.91 91.13496948826048
4.919999999999998 89.84377010302367
4.93 88.50622984218364
4.939999999999998 87.31094903056587
4.949999999999999 86.03369857912043
4.960000000000001 84.84528638461045
4.969999999999999 83.74755365480308
4.98 82.62145194655157
4.989999999999998 81.48684829885502
5.0 80.43533593852345
5.009999999999998 79.3095809570834
5.02 78.2765483266903
5.030000000000001 77.24830510651522
5.039999999999999 76.2578535836422
5.050000000000001 75.24350783690662
5.059999999999999 74.32072091290651
5.07 73.41613034738297
5.079999999999998 72.42963069509578
5.09 71.43835694901787
5.099999999999998 70.56046781018944
5.109999999999999 69.62872480598784
5.120000000000001 68.74415206974743
5.129999999999999 67.85533558786864
5.140000000000001 67.01822074463848
5.149999999999999 66.23750890086743
5.16 65.3309820582945
5.169999999999998 64.48351092591311
5.18 63.73557307856939
5.189999999999998 62.85637522846965
5.199999999999999 62.084640459818566
5.210000000000001 61.35124285459111
5.219999999999999 60.54007204210586
5.23 59.77724261976123
5.239999999999998 59.00343969316796
5.25 58.32200323601309
5.259999999999998 57.62438022552549
5.27 56.84565043352975
5.280000000000001 56.20665539679871
5.289999999999999 55.515903094395384
5.300000000000001 54.78519291499632
5.309999999999999 54.23155639353132
5.32 53.45630132515578
5.329999999999998 52.89019338421794
5.34 52.199513232483355
5.349999999999998 51.62978609785962
5.359999999999999 51.00035687199994
5.370000000000001 50.35607849577121
5.379999999999999 49.89539094086124
5.390000000000001 49.30235955574271
5.399999999999999 48.690085385554084
5.41 48.28515367694273
5.419999999999998 47.683730340909506
5.43 47.1600481143765
5.439999999999998 46.63216460811456
5.449999999999999 46.10179682658589
5.460000000000001 45.677831258685
5.469999999999999 45.116881286560584
5.48 44.670531390103434
5.489999999999998 44.12210037573924
5.5 43.65841152314456
5.509999999999998 43.300851517519966
5.52 42.94524511692342
5.530000000000001 42.60323330396429
5.539999999999999 42.14313209166205
5.550000000000001 41.75012607874334
5.559999999999999 41.41121248679279
5.57 41.04917694987845
5.579999999999998 40.68483480389652
5.59 40.611451873068454
5.599999999999998 40.125296370950466
5.609999999999999 39.657467632262936
5.620000000000001 39.22612051246557
5.629999999999999 38.92945719652735
5.640000000000001 39.11374117268773
5.649999999999999 38.846945579255205
5.66 38.61709248371114
5.669999999999998 38.2536092208237
5.68 37.97871146208339
5.689999999999998 37.716360243144265
5.699999999999999 37.62249271082331
5.710000000000001 37.30240479024638
5.719999999999999 37.17300756475341
5.73 36.87755483375489
5.739999999999998 36.55070448790799
5.75 36.449686099309815
5.759999999999998 36.265416458145296
5.77 36.050654146558564
5.780000000000001 35.966438482437994
5.789999999999999 35.76107256488403
5.800000000000001 35.54479111158379
5.809999999999999 35.37530666163542
5.82 35.29168712363289
5.829999999999998 35.12349377255981
5.84 34.95414591137924
5.849999999999998 34.82062599116915
5.859999999999999 34.73723175317653
5.870000000000001 34.645806251321616
5.879999999999999 34.42464895334378
5.890000000000001 34.330790038827274
5.899999999999999 34.272914257484445
5.91 34.15739568526797
5.919999999999998 34.061739673612436
5.93 33.95024693715318
5.939999999999998 33.85489524981887
5.949999999999999 33.80509258888293
5.960000000000001 33.70740224814292
5.969999999999999 33.6545409167104
5.98 33.577695344428875
5.989999999999998 33.50919730244248
6.0 33.43793930789498
6.009999999999998 33.42784456098819
6.02 33.37019466227498
6.030000000000001 33.27574583142009
6.039999999999999 33.17864334294168
6.050000000000001 33.10233446075191
6.059999999999999 33.13924874941425
6.07 33.053109770134945
6.079999999999998 32.974397013122726
6.09 32.97670313920264
6.099999999999998 32.99182346205083
6.109999999999999 32.92374111466718
6.120000000000001 32.87841861035291
6.129999999999999 32.81413430728669
6.140000000000001 32.78056428760718
6.149999999999999 32.73857621739441
6.16 32.82840689501879
6.169999999999998 32.773725600767435
6.18 32.71755361070476
6.189999999999998 32.72654070690381
6.199999999999999 32.67014136103332
6.210000000000001 32.68190665264364
6.219999999999999 32.61180372469745
6.23 32.51313578704506
6.239999999999998 32.59476932039493
6.25 32.605614788024454
6.259999999999998 32.5342149993735
6.27 32.58019179894447
6.280000000000001 32.524014358208206
6.289999999999999 32.54294905369811
6.300000000000001 32.45229858470096
6.309999999999999 32.45632774958773
6.32 32.43948082745653
6.329999999999998 32.45273788707488
6.34 32.44079677652916
6.349999999999998 32.39001688587517
6.359999999999999 32.38768276982742
6.370000000000001 32.46157459156311
6.379999999999999 32.43146724933949
6.390000000000001 32.399535986771255
6.399999999999999 32.438102882497866
6.41 32.40945991977132
6.419999999999998 32.37827434870797
6.43 32.27119128440294
6.439999999999998 32.274673468250796
6.449999999999999 32.278904111656104
6.460000000000001 32.25678273710956
6.469999999999999 32.238911513988256
6.48 32.22695870604813
6.489999999999998 32.22356714384449
6.5 32.19507765496443
6.509999999999998 32.17480825163541
6.52 32.155305816812074
6.530000000000001 32.104632821824836
6.539999999999999 32.12629142007282
6.550000000000001 32.14045994637857
6.559999999999999 32.15929223648112
6.57 32.07888367320211
6.579999999999998 32.106157267577444
6.59 32.2116120665398
6.599999999999998 32.149208445347504
6.609999999999999 32.217964145376136
6.620000000000001 32.18920142107868
6.629999999999999 32.206308840095545
6.640000000000001 32.14207256494833
6.649999999999999 32.12990485019862
6.66 32.06862176177209
6.669999999999998 32.046529469496896
6.68 32.092738901650655
6.689999999999998 32.11791083462173
6.699999999999999 32.05754196685194
6.710000000000001 32.03005827457546
6.719999999999999 31.98664801571263
6.73 31.94541875495524
6.739999999999998 31.836747890557106
6.75 31.904097593616672
6.759999999999998 31.810290409852797
6.77 31.789835147297044
6.780000000000001 31.83752518668389
6.789999999999999 31.837812664702078
6.800000000000001 31.659442858576643
6.809999999999999 31.71961196056816
6.82 31.7854939334517
6.829999999999998 31.719253340274072
6.84 31.785802349460234
6.849999999999998 31.632877353673244
6.859999999999999 31.68476046386464
6.870000000000001 31.648570886240854
6.879999999999999 31.682374457174106
6.890000000000001 31.67265710839009
6.899999999999999 31.60833314996823
6.91 31.704407509151128
6.919999999999998 31.631195781760486
6.93 31.445761543032948
6.939999999999998 31.471381962137215
6.949999999999999 31.445692098709248
6.960000000000001 31.559319444382762
6.969999999999999 31.65614117345551
6.98 31.606090733095932
6.989999999999998 31.659775888895005
7.0 31.65176389201637
7.009999999999998 31.718553919067887
7.02 31.70394518061161
7.030000000000001 31.589005350843067
7.039999999999999 31.530139133276066
7.050000000000001 31.649301425642633
7.059999999999999 31.597354230306024
7.07 31.49941755880385
7.079999999999998 31.566201325814166
7.09 31.614291644472914
7.099999999999998 31.572776485533648
7.109999999999999 31.584357798543607
7.120000000000001 31.50970142214233
7.129999999999999 31.49074144319488
7.140000000000001 31.53305644163772
7.149999999999999 31.51922429480846
7.16 31.522606380054775
7.169999999999998 31.508351668551818
7.18 31.418888859468993
7.189999999999998 31.46550205001825
7.199999999999999 31.472023622199714
7.210000000000001 31.3908314709353
7.219999999999999 31.30202304415633
7.23 31.35249901107108
7.239999999999998 31.475118068239905
7.25 31.491496449784385
7.259999999999998 31.490569948473386
7.27 31.48194375922393
7.280000000000001 31.45648289919496
7.289999999999999 31.42656287615442
7.300000000000001 31.441403374871967
7.309999999999999 31.47107801147631
7.32 31.446830341883853
7.329999999999998 31.512115342676783
7.34 31.509774715129453
7.349999999999998 31.544073316435785
7.359999999999999 31.54492337684207
7.370000000000001 31.52195787434588
7.379999999999999 31.53061152310153
7.390000000000001 31.522241233851783
7.399999999999999 31.515407444363376
7.41 31.55377743496347
7.419999999999998 31.571955449224923
7.43 31.53877416893576
7.439999999999998 31.653629264058225
7.449999999999999 31.636378021521644
7.460000000000001 31.666113482587544
7.469999999999999 31.75526228680238
7.48 31.7363369722011
7.489999999999998 31.812494598577715
7.5 31.81559447346927
7.509999999999998 31.864417546215016
7.52 31.918424392097453
7.530000000000001 31.900045533081787
7.539999999999999 32.023303090976384
7.550000000000001 32.10053745571655
7.559999999999999 32.09448651490467
7.57 32.13108320127244
7.579999999999998 30.67569921610964
7.59 32.18694494762709
7.599999999999998 30.75565448485495
7.609999999999999 30.765231281836396
7.620000000000001 32.323790553471945
7.629999999999999 32.32381816025117
7.640000000000001 32.354395416913725
7.649999999999999 32.34424883691454
7.66 32.49917194757512
7.669999999999998 32.18925674881147
7.68 32.63491679846635
7.689999999999998 32.64615040736058
7.699999999999999 32.61720649497876
7.710000000000001 32.7365818279374
7.719999999999999 32.73871877487328
7.73 32.672318043657796
7.739999999999998 32.84194676468047
7.75 32.81501588921603
7.759999999999998 32.89101502485164
7.77 32.985553208187376
7.780000000000001 33.050092119516556
7.789999999999999 33.09581216571569
7.800000000000001 33.18426264640345
7.809999999999999 33.25399715974976
7.82 33.335767663413904
7.829999999999998 33.33605113456569
7.84 33.353156356378314
7.849999999999998 33.51243110933679
7.859999999999999 33.528484657795254
7.870000000000001 33.5931717501374
7.879999999999999 33.58866872866773
7.890000000000001 33.60193745362831
7.899999999999999 33.61748333632325
7.91 33.87628961476618
7.919999999999998 33.993513673799626
7.93 34.030771976973455
7.939999999999998 34.008336407369626
7.949999999999999 34.14990332855017
7.960000000000001 34.17835090147471
7.969999999999999 34.21242963092867
7.98 34.27275986422309
7.989999999999998 34.310817538953685
8.0 34.2660522034583
8.009999999999998 34.243963166881706
8.02 34.250612882659546
8.030000000000001 34.31722073979445
8.04 34.40385244363132
8.05 34.506918841044325
8.059999999999999 34.59897858904457
8.07 34.67765828741284
8.079999999999998 34.72537208244415
8.09 34.763877742175524
8.099999999999998 34.82540538397278
8.11 34.85366389813612
8.120000000000001 34.877287222036585
8.129999999999999 34.909707526697034
8.14 34.999809482157374
8.149999999999999 34.728027530515206
8.16 35.030196527090894
8.169999999999998 35.0753206884426
8.18 34.813679621623166
8.189999999999998 34.78328833014859
8.2 35.15434817735775
8.21 35.168191759565374
8.219999999999999 35.20539892804371
8.23 34.85612067644176
8.239999999999998 34.90228971782809
8.25 34.69883592661239
8.259999999999998 34.747701102203465
8.27 34.67333489274879
8.280000000000001 34.73451434088631
8.29 35.15080484150776
8.3 34.8276193060253
8.309999999999999 34.78810533651529
8.32 35.29063674059897
8.329999999999998 34.9559113766189
8.34 35.29817302484844
8.349999999999998 35.26415898484909
8.36 35.04631897899929
8.370000000000001 35.41636518590942
8.379999999999999 35.37602822001537
8.39 35.188783732883124
8.399999999999999 33.70843030847268
8.41 33.41562576530358
8.419999999999998 33.73096928731609
8.43 33.68280492516314
8.439999999999998 33.77767087891948
8.45 33.75873677999655
8.46 33.730917797046786
8.469999999999999 33.76037510417895
8.48 33.70963968352001
8.489999999999998 33.6119525324871
8.5 33.66254691618552
8.509999999999998 33.68652082479276
8.52 33.73525713741555
8.530000000000001 33.691574704272156
8.54 33.66538142079132
8.55 33.692411024186626
8.559999999999999 33.67350344710124
8.57 33.575942457255216
8.579999999999998 33.563387291934546
8.59 33.580680893349786
8.599999999999998 33.60670714676714
8.61 35.32754259488766
8.620000000000001 35.23129983387629
8.629999999999999 35.200937158109156
8.64 35.2755574658363
8.649999999999999 35.26198202348757
8.66 35.18564604878334
8.669999999999998 35.19237396699879
8.68 35.23659143676441
8.689999999999998 35.212947386469246
8.7 35.17286324773845
8.71 35.158131140777144
8.719999999999999 35.174243203068684
8.73 35.14823143257343
8.739999999999998 35.1826214903989
8.75 35.14251168804318
8.759999999999998 35.15695228457491
8.77 35.08128544139049
8.780000000000001 34.765850371482685
8.79 35.06713833345722
8.8 35.07615837147192
8.809999999999999 35.04678388816944
8.82 35.01583305318718
8.829999999999998 35.00458905463749
8.84 34.93857223600824
8.849999999999998 34.9410548952892
8.86 34.89129824618921
8.870000000000001 34.893570460080596
8.879999999999999 34.4824125308874
8.89 34.74261796009368
8.899999999999999 34.731359458447095
8.91 34.666380099463936
8.919999999999998 34.58713855350505
8.93 34.55137191626166
8.939999999999998 34.52393265104375
8.95 34.529955834077256
8.96 34.34741417972067
8.969999999999999 34.6337605676549
8.98 34.62629963341283
8.989999999999998 34.620761598821055
9.0 34.50602186332749
9.009999999999998 34.51695817845533
9.02 34.52548306461584
9.030000000000001 34.517695703069364
9.04 34.47377528817147
9.05 34.47681292975993
9.059999999999999 34.34708957099947
9.07 34.316785489184035
9.079999999999998 34.31108750964102
9.09 34.203124558563346
9.099999999999998 32.692688101105695
9.11 32.56093788296625
9.120000000000001 32.64681306877864
9.129999999999999 32.6162533310641
9.14 32.560449002774575
9.149999999999999 32.55979255136472
9.16 32.48799073165347
9.169999999999998 32.350403179913855
9.18 32.269756834795174
9.189999999999998 32.40245114462448
9.2 30.758902433255884
9.21 32.62849405942762
9.219999999999999 33.959476189161535
9.23 32.396793715054564
9.239999999999998 32.400604486213744
9.25 32.562476235960354
9.259999999999998 32.58196413864229
9.27 33.9731413508168
9.280000000000001 33.96262747405003
9.29 33.733368584213096
9.3 33.90410841380708
9.309999999999999 33.778124040603906
9.32 33.76800952613289
9.329999999999998 33.76716579931647
9.34 33.423637388046416
9.349999999999998 33.390841307496316
9.36 33.658050181890346
9.370000000000001 33.61609540280237
9.379999999999999 33.54404620194889
9.39 33.54621913471874
9.399999999999999 33.17499645290157
9.41 33.603879571703075
9.419999999999998 33.54771713786948
9.43 33.55861754155069
9.439999999999998 33.50145178449437
9.45 33.14110379991425
9.46 33.161052937735064
9.469999999999999 33.538680568975394
9.48 33.45654624167932
9.489999999999998 33.48526204292759
9.5 33.119063949027264
9.509999999999998 33.16724737211661
9.52 33.4641357146135
9.530000000000001 33.383745743668875
9.54 33.44734638083269
9.55 32.12077389466628
9.559999999999999 31.791250731165412
9.57 33.06018847239263
9.579999999999998 32.07678806697676
9.59 32.040223078146575
9.599999999999998 32.07101791535833
