%x y
0.0 12.058239923158759
0.010000000000001563 12.076336125827543
0.02000000000000135 12.066663153335831
0.030000000000001137 12.079668793858966
0.040000000000000924 12.081009210475631
0.05000000000000071 12.066519825765061
0.0600000000000005 12.074076253844437
0.07000000000000028 12.024814333730678
0.08000000000000007 12.052004238325779
0.09000000000000163 12.104676806555918
0.10000000000000142 12.143951210022127
0.11000000000000121 12.148546815086014
0.120000000000001 12.19635615115528
0.13000000000000078 12.188680995461693
0.14000000000000057 12.104336929109971
0.15000000000000036 12.201691555188152
0.16000000000000014 12.225711075925236
0.1700000000000017 12.224875526906832
0.1800000000000015 12.090626890897322
0.19000000000000128 12.046428507612411
0.20000000000000107 12.05903636966968
0.21000000000000085 12.024822182804298
0.22000000000000064 12.061575040868647
0.23000000000000043 12.037365001276601
0.2400000000000002 12.032566242209558
0.25 12.048212003418824
0.26000000000000156 11.987526679283146
0.27000000000000135 12.02759874448543
0.28000000000000114 11.992266803838314
0.2900000000000009 12.00033793765613
0.3000000000000007 12.000431793580404
0.3100000000000005 12.00366624225399
0.3200000000000003 11.974663524199476
0.33000000000000007 12.002536924202573
0.34000000000000163 12.00231793206682
0.3500000000000014 12.020540179261644
0.3600000000000012 12.018458107321653
0.370000000000001 11.992568645557762
0.3800000000000008 11.979168688042769
0.39000000000000057 12.052746860213468
0.40000000000000036 12.060722329912814
0.41000000000000014 12.056687589378276
0.4200000000000017 12.065973691213081
0.4300000000000015 12.088312767634013
0.4400000000000013 12.113559519636647
0.45000000000000107 12.111063602167281
0.46000000000000085 12.137936900436008
0.47000000000000064 12.138939079859394
0.4800000000000004 12.1467429474497
0.4900000000000002 12.147476371442519
0.5 12.161799612553416
0.5100000000000016 12.138740542161802
0.5200000000000014 12.184147042862673
0.5300000000000011 12.192276528093537
0.5400000000000009 12.139925761413773
0.5500000000000007 12.141388757989219
0.5600000000000005 12.13790642611644
0.5700000000000003 12.145960781089322
0.5800000000000001 12.151476842803234
0.5900000000000016 12.151669786196305
0.6000000000000014 12.126984428693806
0.6100000000000012 12.405220865150357
0.620000000000001 12.148578065075608
0.6300000000000008 12.118323982396829
0.6400000000000006 12.115255858935896
0.6500000000000004 12.092284624272846
0.6600000000000001 12.112997527675706
0.6700000000000017 12.121401962928292
0.6800000000000015 12.09010139747144
0.6900000000000013 12.062880632639278
0.7000000000000011 12.042605184613443
0.7100000000000009 12.049658336751591
0.7200000000000006 12.023084036713271
0.7300000000000004 12.028862377866528
0.7400000000000002 12.030657798007852
0.75 12.043040110422602
0.7600000000000016 12.028504449194282
0.7700000000000014 12.032445360945744
0.7800000000000011 12.032432099223417
0.7900000000000009 12.036866090465352
0.8000000000000007 12.085127085943068
0.8100000000000005 12.046756705616723
0.8200000000000003 12.084290782230509
0.8300000000000001 12.058750029497695
0.8400000000000016 12.077358875192786
0.8500000000000014 12.093984939145205
0.8600000000000012 12.085282186027932
0.870000000000001 12.116601120245907
0.8800000000000008 12.101149192443721
0.8900000000000006 12.105472618952868
0.9000000000000004 12.047853772079595
0.9100000000000001 12.1013313860608
0.9200000000000017 12.098058624712486
0.9300000000000015 12.097692487617541
0.9400000000000013 12.073690380520285
0.9500000000000011 12.077992228936255
0.9600000000000009 12.03414429791577
0.9700000000000006 12.061819621514957
0.9800000000000004 12.075621221852497
0.9900000000000002 12.063093016512617
1.0 12.063941979978097
1.0100000000000016 12.060836889370396
1.0200000000000014 12.072703316393365
1.0300000000000011 12.040659110672784
1.040000000000001 12.071348477414642
1.0500000000000007 12.053556779012368
1.0600000000000005 12.131365594480165
1.0700000000000003 12.074797779185158
1.08 12.083709868748578
1.0900000000000016 12.283162345424037
1.1000000000000014 12.241313132282905
1.1100000000000012 12.223794400004888
1.120000000000001 12.174162736420438
1.1300000000000008 12.136037192455236
1.1400000000000006 12.129983976478155
1.1500000000000004 12.169745182241403
1.1600000000000001 12.119676476484354
1.1700000000000017 12.138709662067292
1.1800000000000015 12.035244741594278
1.1900000000000013 12.03858223919387
1.200000000000001 12.01429280074215
1.2100000000000009 12.011338864174668
1.2200000000000006 12.020359717957493
1.2300000000000004 12.028284425703198
1.2400000000000002 11.988943559075953
1.25 12.004134301462852
1.2600000000000016 11.96008407674989
1.2700000000000014 11.940600651566736
1.2800000000000011 11.940325048140693
1.290000000000001 11.970080952560686
1.3000000000000007 11.935989334892938
1.3100000000000005 11.953314860295418
1.3200000000000003 11.914565825911838
1.33 11.920520462298196
1.3400000000000016 11.913559053048663
1.3500000000000014 11.922045754675732
1.3600000000000012 11.886598801491363
1.370000000000001 11.848512075297066
1.3800000000000008 11.896779516371915
1.3900000000000006 11.848855627617848
1.4000000000000004 11.821621793215076
1.4100000000000001 11.834325174304016
1.4200000000000017 11.852660120025806
1.4300000000000015 11.845787745354546
1.4400000000000013 11.86159608692564
1.450000000000001 11.858853499490214
1.4600000000000009 11.876354924955384
1.4700000000000006 11.847563749465369
1.4800000000000004 11.887167258307716
1.4900000000000002 11.879021287748145
1.5 11.890478545838164
1.5100000000000016 11.894328642221986
1.5200000000000014 11.86898143364255
1.5300000000000011 11.888406938784364
1.540000000000001 11.878605835462192
1.5500000000000007 11.942405755005126
1.5600000000000005 11.950945496497978
1.5700000000000003 11.927844455768986
1.58 11.92353438562517
1.5900000000000016 11.90397463733048
1.6000000000000014 11.881879259865848
1.6100000000000012 11.823592745301951
1.620000000000001 11.793037339268878
1.6300000000000008 11.762892142900215
1.6400000000000006 11.768662919079365
1.6500000000000004 11.734255130903511
1.6600000000000001 11.726850912813008
1.6700000000000017 11.68145441419269
1.6800000000000015 11.680710384199902
1.6900000000000013 11.696739018775991
1.700000000000001 11.677107185506348
1.7100000000000009 11.669532528715855
1.7200000000000006 11.685498761281373
1.7300000000000004 11.645108569428935
1.7400000000000002 11.65723811830023
1.75 11.679316332399612
1.7600000000000016 11.636714381807005
1.7700000000000014 11.695146048243782
1.7800000000000011 11.6844292352215
1.790000000000001 11.692577251253887
1.8000000000000007 11.722391882152813
1.8100000000000005 11.732981496987604
1.8200000000000003 11.772700140162126
1.83 11.794628446907812
1.8400000000000016 11.82725339936609
1.8500000000000014 11.821066374401159
1.8600000000000012 11.857589787425532
1.870000000000001 11.911241572079172
1.8800000000000008 11.87346296422555
1.8900000000000006 11.889610444747571
1.9000000000000004 11.910046339075148
1.9100000000000001 11.906352444348956
1.9200000000000017 11.94711562709086
1.9300000000000015 11.93517540543695
1.9400000000000013 11.97215208389213
1.950000000000001 11.964608099349256
1.9600000000000009 11.962554740742249
1.9700000000000006 11.975295232772169
1.9800000000000004 11.981698185041324
1.9900000000000002 11.955389276597028
2.0 11.950984226864701
2.0100000000000016 11.982306434388608
2.0200000000000014 12.003782353383539
2.030000000000001 12.004379269834356
2.040000000000001 12.018243564041203
2.0500000000000007 12.023035862284784
2.0600000000000005 11.982977738309106
2.0700000000000003 12.062287525741365
2.08 12.057904950311865
2.0900000000000016 12.041974919040264
2.1000000000000014 12.032386821580014
2.110000000000001 12.033486320593333
2.120000000000001 12.021688240417328
2.130000000000001 11.982023193500172
2.1400000000000006 11.979010343123
2.1500000000000004 11.97088636855677
2.16 11.95700325634678
2.1700000000000017 11.91513252426731
2.1800000000000015 11.890531254833665
2.1900000000000013 11.87095407950785
2.200000000000001 11.878080607330098
2.210000000000001 11.86021976818584
2.2200000000000006 11.868923209962206
2.2300000000000004 11.875763697106361
2.24 11.885226569730815
2.25 11.934447919627926
2.2600000000000016 11.988727921317565
2.2700000000000014 12.064816454744639
2.280000000000001 12.182428318468984
2.290000000000001 12.282412421568644
2.3000000000000007 12.460857448422157
2.3100000000000005 12.628882032403705
2.3200000000000003 12.83066866630341
2.33 13.04082788917712
2.3400000000000016 13.254497955228363
2.3500000000000014 13.462296423122744
2.360000000000001 13.741179891171107
2.370000000000001 14.008846742390412
2.380000000000001 14.264217261650554
2.3900000000000006 14.547820844906429
2.4000000000000004 14.868814723687969
2.41 15.177027393461964
2.4200000000000017 15.452870096325238
2.4300000000000015 15.72026867419814
2.4400000000000013 16.04803709966952
2.450000000000001 16.23487377764924
2.460000000000001 16.509864345715716
2.4700000000000006 16.727236960336786
2.4800000000000004 17.00700941741216
2.49 17.223969893276475
2.5 17.4498547753743
2.5100000000000016 17.6822435889566
2.5200000000000014 17.940593464826627
2.530000000000001 18.175997745327944
2.540000000000001 18.41425985906426
2.5500000000000007 18.63211655879346
2.5600000000000005 18.841342998045175
2.5700000000000003 19.05984517395557
2.58 19.22606819422819
2.5900000000000016 19.415904284785302
2.6000000000000014 19.613476013163083
2.610000000000001 19.819042402481152
2.620000000000001 19.984676236711397
2.630000000000001 20.157003974292262
2.6400000000000006 20.299569221461727
2.6500000000000004 20.447746236202377
2.66 20.61442691582565
2.6700000000000017 20.720720269090553
2.6800000000000015 20.875718720457577
2.6900000000000013 20.99938294920693
2.700000000000001 21.076377634605237
2.710000000000001 21.253857970283377
2.7200000000000006 21.364723379226778
2.7300000000000004 21.476359403717723
2.74 21.556627036603402
2.75 21.60419197062844
2.7600000000000016 21.81232342320039
2.7700000000000014 21.888236780660343
2.780000000000001 22.029385027395747
2.790000000000001 22.14867269802874
2.8000000000000007 22.000213882472632
2.8100000000000005 21.995396956412065
2.8200000000000003 22.21315128094303
2.83 22.21445986714957
2.8400000000000016 22.47277254274032
2.8500000000000014 22.58138547472014
2.860000000000001 22.68242476087621
2.870000000000001 22.857460873363948
2.880000000000001 22.99193534441696
2.8900000000000006 23.03650979364528
2.9000000000000004 23.073606060713978
2.91 23.23551707685826
2.9200000000000017 23.345070638569325
2.9300000000000015 23.471334146406647
2.9400000000000013 23.6977475115295
2.950000000000001 23.755819286718417
2.960000000000001 23.928819603725035
2.9700000000000006 24.009105222182598
2.9800000000000004 24.2932754972606
2.99 24.34069585757355
3.0 24.35932432604748
3.0100000000000016 24.56008752439684
3.0200000000000014 24.710993340155866
3.030000000000001 24.98540504499207
3.040000000000001 25.012073200384155
3.0500000000000007 25.161491351371232
3.0600000000000005 25.445421162944015
3.0700000000000003 25.50556251572241
3.08 25.702583613818422
3.0900000000000016 25.77832870109989
3.1000000000000014 25.94505160055023
3.110000000000001 26.103970387657963
3.120000000000001 26.242827761791663
3.130000000000001 26.397981410868876
3.1400000000000006 26.613566528676557
3.1500000000000004 26.698018547161908
3.16 26.99738836289733
3.1700000000000017 27.21429187699109
3.1800000000000015 27.38995870365945
3.1900000000000013 27.488662485728355
3.200000000000001 27.644933945943627
3.210000000000001 27.82549827751338
3.2200000000000024 27.996097659249696
3.2300000000000004 28.182462366156795
3.240000000000002 28.318396460467554
3.25 28.484537226289017
3.2600000000000016 28.50460083681541
3.2699999999999996 28.725228840371894
3.280000000000001 28.904329076225547
3.289999999999999 29.079792720773455
3.3000000000000007 29.25009719292491
3.3100000000000023 29.462956575618637
3.3200000000000003 29.649064584941936
3.330000000000002 29.701465862719445
3.34 29.801561234932198
3.3500000000000014 30.029327671138986
3.3599999999999994 30.219716514685583
3.370000000000001 30.467339560270982
3.3800000000000026 30.66353477477701
3.3900000000000006 30.962658289997535
3.400000000000002 31.117495773303865
3.41 31.33040315747568
3.4200000000000017 31.496600306426593
3.4299999999999997 31.72663346058566
3.4400000000000013 31.918736787018315
3.4499999999999993 32.1322926844618
3.460000000000001 32.38215094692716
3.4700000000000024 32.53147753602472
3.4800000000000004 32.7621435727867
3.490000000000002 33.027044365531275
3.5 33.186848520225304
3.5100000000000016 33.397972368666075
3.5199999999999996 33.62709758572078
3.530000000000001 33.79109963313938
3.539999999999999 33.98886097783216
3.5500000000000007 34.153553728408
3.5600000000000023 34.40060623788715
3.5700000000000003 34.56063452814266
3.580000000000002 34.78609836576121
3.59 34.97563325422068
3.6000000000000014 35.10481307022539
3.6099999999999994 35.301172805990696
3.620000000000001 35.523007312275396
3.6300000000000026 35.73587237945041
3.6400000000000006 35.890129891858514
3.650000000000002 36.098874162018916
3.66 36.29727297245489
3.6700000000000017 36.431766623376205
3.6799999999999997 36.640630067914785
3.6900000000000013 36.870589435873796
3.6999999999999993 36.98882915554243
3.710000000000001 37.21434896730446
3.7200000000000024 37.38159747052184
3.7300000000000004 37.56718450952735
3.740000000000002 37.73974363859684
3.75 37.906375780235585
3.7600000000000016 38.08162079568487
3.7699999999999996 38.234362296247724
3.780000000000001 38.38557481158058
3.789999999999999 38.533817671770024
3.8000000000000007 38.70235168627788
3.8100000000000023 38.86874724778445
3.8200000000000003 39.01933315157362
3.830000000000002 39.17810089004158
3.84 39.35699831697768
3.8500000000000014 39.51207834514433
3.8599999999999994 39.6595415427249
3.870000000000001 39.82043514881496
3.8800000000000026 39.96082739328123
3.8900000000000006 40.11484021900425
3.900000000000002 40.274892072636106
3.91 40.42516426612705
3.9200000000000017 40.564192299059656
3.9299999999999997 40.703492282229035
3.9400000000000013 40.847919937241585
3.9499999999999993 40.976926764910296
3.960000000000001 41.09579464280449
3.9700000000000024 41.26415435168988
3.9800000000000004 41.366182334855935
3.990000000000002 41.50421370690132
4.0 41.61860232624262
4.010000000000002 41.725768947220175
4.02 41.84975526239362
4.030000000000001 41.951622209167354
4.039999999999999 42.13754738251403
4.050000000000001 42.18271055610363
4.060000000000002 42.29489157241847
4.07 42.37438749187815
4.080000000000002 42.468401194974504
4.09 42.56516224184532
4.100000000000001 42.65330713280335
4.109999999999999 42.72277884206891
4.120000000000001 42.83512925622055
4.130000000000003 42.90859088144161
4.140000000000001 43.00728910507658
4.150000000000002 43.117282565863505
4.16 43.17475996498308
4.170000000000002 43.229584346259074
4.18 43.33534661882585
4.190000000000001 43.41937629598954
4.199999999999999 43.45715677119038
4.210000000000001 43.52194736016307
4.220000000000002 43.60170218945564
4.23 43.675275309514966
4.240000000000002 43.710606460946565
4.25 43.773955880507174
4.260000000000002 43.80095705171988
4.27 43.86263697233232
4.280000000000001 43.925005559139315
4.289999999999999 44.011987333591996
4.300000000000001 44.01930279828865
4.310000000000002 44.04648485363376
4.32 44.05923385225114
4.330000000000002 44.11042249936783
4.34 44.19432152604743
4.350000000000001 44.230478606566635
4.359999999999999 44.24097020017453
4.370000000000001 44.266964151807294
4.380000000000003 44.29639189363073
4.390000000000001 44.340637353956595
4.400000000000002 44.300297888904296
4.41 44.35864122476568
4.420000000000002 44.309710488740194
4.43 44.2936384555869
4.440000000000001 44.15579056536998
4.449999999999999 44.10234590692528
4.460000000000001 43.9058435728911
4.470000000000002 43.74167784773499
4.48 43.57950536938583
4.490000000000002 43.305145828881585
4.5 43.03329195750918
4.510000000000002 42.76618130472673
4.52 42.25622336076022
4.530000000000001 41.92413849296593
4.539999999999999 41.36383389831827
4.550000000000001 40.76409494386705
4.560000000000002 40.08687342021863
4.57 39.40422932677629
4.580000000000002 38.617024436042136
4.59 37.78877803542421
4.600000000000001 36.94240660682262
4.609999999999999 36.073616755004394
4.620000000000001 35.20196919110426
4.630000000000003 34.292431868729835
4.640000000000001 33.398965925734984
4.650000000000002 32.441807436811324
4.66 31.4722930789467
4.670000000000002 30.69283319816933
4.68 29.696024823780924
4.690000000000001 28.903068772303
4.699999999999999 27.927127699099856
4.710000000000001 27.12472342530966
4.720000000000002 26.277460101608877
4.73 25.476613688296936
4.740000000000002 24.791899613078918
4.75 24.209714140764426
4.760000000000002 23.66415229957722
4.77 23.0410481177508
4.780000000000001 22.4468561192917
4.789999999999999 21.913849149026504
4.800000000000001 21.40168370705542
4.810000000000002 20.935644874706753
4.82 20.521431989070468
4.830000000000002 20.11947350886077
4.84 19.791309907428335
4.850000000000001 19.492343548600623
4.859999999999999 19.16773050886123
4.870000000000001 18.854279701099742
4.880000000000003 18.516780832381585
4.890000000000001 18.213693073689647
4.900000000000002 17.86074155152737
4.91 17.57844092421908
4.920000000000002 17.33749014621835
4.93 17.191975428716766
4.940000000000001 16.965293556486227
4.949999999999999 16.852814900707298
4.960000000000001 16.64884624336242
4.970000000000002 16.409887033869147
4.98 16.19336911693995
4.990000000000002 15.977039261421456
5.0 15.816512120751657
5.010000000000002 15.645732609150048
5.02 15.499293191121065
5.030000000000001 15.304937863060825
5.039999999999999 15.186780571354873
5.050000000000001 15.037795204996119
5.060000000000002 14.927503630546568
5.07 14.791344917328185
5.080000000000002 14.64595571085628
5.09 14.584913640787832
5.100000000000001 14.433547143153996
5.109999999999999 14.315930550018031
5.120000000000001 14.22256955022456
5.130000000000003 14.091330571433193
5.140000000000001 13.998214352288953
5.150000000000002 14.010193019170686
5.16 13.836786589346852
5.170000000000002 13.71597056980218
5.18 13.666248903835632
5.190000000000001 13.616890861498698
5.199999999999999 13.484272558016276
5.210000000000001 13.473585870904886
5.220000000000002 13.492888372412292
5.23 13.453842849693178
5.240000000000002 13.36692220427143
5.25 13.281843669252435
5.260000000000002 13.27850344592564
5.27 13.247201365608092
5.280000000000001 13.187646683983463
5.289999999999999 13.205171990162134
5.300000000000001 13.066919144255744
5.310000000000002 13.137641362452557
5.32 13.085463575070053
5.330000000000002 13.037292534469241
5.34 13.046051090609462
5.350000000000001 13.03608409888912
5.359999999999999 13.003144402176734
5.370000000000001 13.00201618991835
5.380000000000003 13.011600656891101
5.390000000000001 12.974297983952546
5.400000000000002 12.965962329410608
5.41 12.98551394721857
5.420000000000002 13.043558538701893
5.43 13.026713530777304
5.440000000000001 13.152879894469269
5.449999999999999 13.125582514038943
5.460000000000001 13.096000394350359
5.470000000000002 13.152602358950162
5.48 13.143076153174796
5.490000000000002 13.232039001797027
5.5 13.205961040630122
5.510000000000002 13.225406483859874
5.52 13.171020405808783
5.530000000000001 13.183089307972757
5.539999999999999 13.227804148706454
5.550000000000001 13.192285884720285
5.560000000000002 13.251301646329585
5.57 13.236497183796198
5.580000000000002 13.261569661429164
5.59 13.223098017332962
5.600000000000001 13.293340693812432
5.609999999999999 13.317114209615584
5.620000000000001 13.2800058847204
5.630000000000003 13.29319494772858
5.640000000000001 13.318443624135817
5.650000000000002 13.261898842068062
5.66 13.338653143600986
5.670000000000002 13.422285692234771
5.68 13.345917676504687
5.690000000000001 13.326173200652596
5.699999999999999 13.378948691326391
5.710000000000001 13.358149928997996
5.720000000000002 13.431687496494522
5.73 13.456420134724898
5.740000000000002 13.401548875739408
5.75 13.421587759642065
5.760000000000002 13.473679626501585
5.77 13.532606785065267
5.780000000000001 13.611140486379078
5.789999999999999 13.588144421437171
5.800000000000001 13.595265045076948
5.810000000000002 13.629657805667843
5.82 13.617388178602873
5.830000000000002 13.654040760191284
5.84 13.597990915536107
5.850000000000001 13.62050766298997
5.859999999999999 13.636107496237463
5.870000000000001 13.595704059929878
5.880000000000003 13.620176074650143
5.890000000000001 13.579770470312742
5.900000000000002 13.574000924997906
5.91 13.550284452325092
5.920000000000002 13.776746467126443
5.93 13.768035574399656
5.940000000000001 13.789352009630772
5.949999999999999 13.791976911579592
5.960000000000001 13.82367083155387
5.970000000000002 13.770640053367455
5.98 13.797369383456047
5.990000000000002 13.817149638999172
6.0 13.777020617436389
6.010000000000002 13.803142927247182
6.02 13.667565705122602
6.030000000000001 13.681595840081537
6.039999999999999 13.639393867451108
6.050000000000001 13.67671282279303
6.060000000000002 13.579216494312693
6.07 13.619562435334629
6.080000000000002 13.614439583710814
6.09 13.649606753296606
6.100000000000001 13.635128079891269
6.109999999999999 13.718688428670015
6.120000000000001 13.710047815420968
6.130000000000003 13.720325767151468
6.140000000000001 13.679141850495874
6.150000000000002 13.644613113543269
6.16 13.684069830201707
6.170000000000002 13.634095452629921
6.18 13.669300891952306
6.190000000000001 13.644065101534723
6.199999999999999 13.684335430284632
6.210000000000001 13.725685932982525
6.220000000000002 13.71082016677001
6.23 13.755529877535302
6.240000000000002 13.743574265941927
6.25 13.77860123967076
6.260000000000002 13.797055566386023
6.27 13.780313673950838
6.280000000000001 13.863637976040623
6.289999999999999 13.933547177946618
6.300000000000001 13.906800494581065
6.310000000000002 13.961251305771178
6.32 13.978529179685541
6.330000000000002 13.966567011561457
6.34 14.027323017650694
6.350000000000001 14.052099428198547
6.359999999999999 14.1141416748103
6.370000000000001 14.136092247735274
6.380000000000003 14.115220121647107
6.390000000000001 14.202048660445946
6.400000000000002 14.229586299066147
6.41 14.200204258947213
6.420000000000002 14.22206028960245
6.43 14.268982907612134
6.440000000000001 14.31335451169145
6.449999999999999 14.30128460191531
6.460000000000001 14.321507141064995
6.470000000000002 14.33648183109813
6.48 14.373718342332966
6.490000000000002 14.373438753472254
6.5 14.37309403358838
6.510000000000002 14.376882062664166
6.52 14.394162461027094
6.530000000000001 14.431574213588588
6.539999999999999 14.432592000422389
6.550000000000001 14.439629508727648
6.560000000000002 14.442108201274856
6.57 14.455565930815219
6.580000000000002 14.467885429044994
6.59 14.455730250993275
6.600000000000001 14.446286236931495
6.609999999999999 14.479462389614376
6.620000000000001 14.516158116983028
6.630000000000003 14.50922037707909
6.640000000000001 14.482107381262942
6.650000000000002 14.523885599836948
6.66 14.525653636303712
6.670000000000002 14.523827846107638
6.68 14.51770688129461
6.690000000000001 14.499445823565297
6.699999999999999 14.49003488582672
6.710000000000001 14.520388540424108
6.720000000000002 14.517147338528728
6.73 14.49643544162032
6.740000000000002 14.450036785576408
6.75 14.551733262375116
6.760000000000002 14.48922535572165
6.77 14.534224850903351
6.780000000000001 14.476151678758766
6.789999999999999 14.515665733455283
6.800000000000001 14.49843268878865
6.810000000000002 14.493053243261791
6.82 14.473847400946603
6.830000000000002 14.489034951211448
6.84 14.49814162494814
6.850000000000001 14.511283814262846
6.859999999999999 14.524074774123449
6.870000000000001 14.474203681079528
6.880000000000003 14.500284626792986
6.890000000000001 14.511111329167365
6.900000000000002 14.49502604812529
6.91 14.497885688595009
6.920000000000002 14.459601151310284
6.93 14.449741124913668
6.940000000000001 14.470175684029495
6.949999999999999 14.436446510456129
6.960000000000001 14.487095609093245
6.970000000000002 14.49408939013608
6.98 14.433686370483926
6.990000000000002 14.457600484147296
7.0 14.39119480528057
7.010000000000002 14.395698455424853
7.02 14.434171580007904
7.030000000000001 14.398476681383766
7.039999999999999 14.419163665407254
7.050000000000001 14.408078825138114
7.060000000000002 14.425918225703779
7.07 14.417187962892218
7.080000000000002 14.363450578015652
7.09 14.378400013468653
7.100000000000001 14.296526024954527
7.109999999999999 14.332063218986292
7.120000000000001 14.326559435587683
7.130000000000003 14.32395018650563
7.140000000000001 14.308645900099817
7.150000000000002 14.263334205830972
7.16 14.266632990908967
7.170000000000002 14.284514749201032
7.18 14.230761394172156
7.190000000000001 14.240272819441927
7.199999999999999 14.221814597499831
7.210000000000001 14.275038056121515
7.220000000000002 14.253823114623238
7.23 14.249344031459009
7.240000000000002 14.265195851297538
7.25 14.273436070074705
7.260000000000002 14.206999588884619
7.27 14.207685732033845
7.280000000000001 14.168059341295752
7.289999999999999 14.184002096718041
7.300000000000001 14.20907509593271
7.310000000000002 14.183619436084095
7.32 14.18975948161792
7.330000000000002 14.178396415968376
7.34 14.197312103766134
7.350000000000001 14.225232090932213
7.359999999999999 14.231517939987244
7.370000000000001 14.276957200297337
7.380000000000003 14.241541784475299
7.390000000000001 14.198234179945306
7.400000000000002 14.196060798267656
7.41 14.195146929427082
7.420000000000002 14.202224696864022
7.43 14.164007814517891
7.440000000000001 14.187106738682925
7.449999999999999 14.143094015369888
7.460000000000001 14.071483450229898
7.470000000000002 14.125562352635853
7.48 14.098978075883629
7.490000000000002 14.171745072882363
7.5 14.16206692820323
7.510000000000002 14.11974387724409
7.52 14.225716735931172
7.530000000000001 14.201333401585456
7.539999999999999 14.21114718052262
7.550000000000001 14.256789698164646
7.560000000000002 14.219379320216035
7.57 14.195329419529745
7.580000000000002 14.252996984734764
7.59 14.319159322582149
7.600000000000001 14.279623670154466
7.609999999999999 14.342445903227825
7.620000000000001 14.358051951447504
7.630000000000003 14.34222564230517
7.640000000000001 14.431814927225101
7.650000000000002 14.477982961089134
7.66 14.454350792151098
7.670000000000002 14.50606733720104
7.68 14.525414737375641
7.690000000000001 14.53480525577335
7.699999999999999 14.55321932106657
7.710000000000001 14.532330992406632
7.720000000000002 14.607936838554268
7.73 14.57603364402669
7.740000000000002 14.656640171261792
7.75 14.623211816997369
7.760000000000002 14.629492954085856
7.77 14.74029259507625
7.780000000000001 14.730897605800642
7.789999999999999 14.739249503897831
7.800000000000001 14.769052348627525
7.810000000000002 14.75445496116528
7.82 14.794795678165663
7.830000000000002 14.786750257250711
7.84 14.859541121208366
7.850000000000001 14.883352572164863
7.859999999999999 14.880819441093703
7.870000000000001 14.910418426923819
7.880000000000003 14.921287239087425
7.890000000000001 14.956403682998069
7.900000000000002 14.972073506025076
7.91 15.000573409632384
7.920000000000002 15.04148105998302
7.93 15.059970003028793
7.940000000000001 15.025945075856425
7.949999999999999 15.023596894085365
7.960000000000001 15.029063880048088
7.970000000000002 15.036098118822942
7.98 15.059293578188694
7.990000000000002 15.051452805205194
8.0 15.066598926113597
8.010000000000002 15.134527327285355
8.02 15.210439061991373
8.030000000000001 15.179564549284947
8.04 15.163300011208808
8.05 15.148947619974688
8.060000000000002 15.195430615918756
8.07 15.245061752904856
8.080000000000002 15.231222111202115
8.09 15.301474390280662
8.100000000000001 15.19542101617759
8.11 15.240711200179355
8.120000000000001 15.313903048715035
8.130000000000003 15.294492723953763
8.14 15.297827203070902
8.150000000000002 15.263163059724665
8.16 15.31322125607609
8.170000000000002 15.281395944027759
8.18 15.306369612343545
8.190000000000001 15.346053587591099
8.2 15.295242375884293
8.21 15.334239910695132
8.220000000000002 15.319202178464671
8.23 15.33514638127281
8.240000000000002 15.348772889726453
8.25 15.382984580032748
8.260000000000002 15.370289690968537
8.27 15.351393595206368
8.280000000000001 15.336862442216127
8.29 15.309238870530683
8.3 15.333425544449398
8.310000000000002 15.3211834495299
8.32 15.383231463977944
8.330000000000002 15.389081755215123
8.34 15.309781568773825
8.350000000000001 15.285572196894277
8.36 15.35016953370923
8.370000000000001 15.272280186344403
8.380000000000003 15.306568919618897
8.39 15.335761878655735
8.400000000000002 15.340026710407988
8.41 15.32603395639638
8.420000000000002 15.268003070582846
8.43 15.242970090389065
8.440000000000001 15.263147612348988
8.45 15.224012074307606
8.46 15.168840275209769
8.470000000000002 15.254682838356954
8.48 15.228870169978865
8.490000000000002 15.202537517513681
8.5 15.201911157276443
8.510000000000002 15.177906131685322
8.52 15.184487255305338
8.530000000000001 15.155913004358055
8.54 15.183673728117725
8.55 15.178682884367717
8.560000000000002 15.14876683184017
8.57 15.088562563402093
8.580000000000002 15.075547624405628
8.59 15.10909049645701
8.600000000000001 15.070960154228068
8.61 15.044781639382443
8.620000000000001 15.025754743604097
8.630000000000003 15.021740912167191
8.64 15.04369270869118
8.650000000000002 15.022681485242806
8.66 15.014028768632494
8.670000000000002 15.035805853224456
8.68 15.012042324171043
8.690000000000001 15.033964436685412
8.7 15.045180863045417
8.71 15.04545409740788
8.720000000000002 15.047797611268692
8.73 14.960969465266103
8.740000000000002 15.010253568880122
8.75 15.014541602754798
8.760000000000002 15.010883240161045
8.77 14.948384515745946
8.780000000000001 14.985548904523334
8.79 14.994669308555277
8.8 14.983441739448896
