%x y
0.0 27.78277478948756
0.009999999999999787 27.612540726464367
0.019999999999999574 27.550065394907314
0.02999999999999936 27.541303804684695
0.040000000000000924 27.60925664377036
0.05000000000000071 27.724097923551387
0.0600000000000005 27.743342133541706
0.07000000000000028 27.75091520617921
0.08000000000000007 27.534363399604622
0.08999999999999986 27.556924823109256
0.09999999999999964 27.678525530912598
0.10999999999999943 27.685448174685554
0.120000000000001 27.69325329091447
0.13000000000000078 27.697052523934317
0.14000000000000057 27.679120819777676
0.15000000000000036 27.688353591464853
0.16000000000000014 27.672866620310845
0.16999999999999993 27.557449683108782
0.17999999999999972 27.667428596957905
0.1899999999999995 27.44115916363242
0.1999999999999993 27.602155812256886
0.21000000000000085 27.57123944208238
0.22000000000000064 27.439405322174693
0.23000000000000043 27.415176954964974
0.2400000000000002 27.436835295767033
0.25 27.429517500778022
0.2599999999999998 27.41784262744473
0.2699999999999996 27.543489756969123
0.27999999999999936 27.334398435872274
0.2900000000000009 27.337595659649132
0.3000000000000007 27.586229429404522
0.3100000000000005 27.39334054690834
0.3200000000000003 27.359151117605613
0.33000000000000007 27.357524065450406
0.33999999999999986 27.514313803490843
0.34999999999999964 27.297348271766108
0.35999999999999943 27.308313395558205
0.370000000000001 27.365235708340784
0.3800000000000008 27.489568049111647
0.39000000000000057 27.453646597337773
0.40000000000000036 27.459330339517223
0.41000000000000014 27.257044342932552
0.41999999999999993 27.240739954194936
0.4299999999999997 27.425317743613487
0.4399999999999995 27.227053094877053
0.4499999999999993 27.368459557903194
0.46000000000000085 27.188079271879097
0.47000000000000064 27.156679628056658
0.4800000000000004 27.132890072214508
0.4900000000000002 27.12698356521745
0.5 27.108723047521273
0.5099999999999998 27.11709132350621
0.5199999999999996 27.240954399941124
0.5299999999999994 27.230538813732892
0.5400000000000009 27.070794656545168
0.5500000000000007 27.085919582219063
0.5600000000000005 27.04604610803766
0.5700000000000003 27.247863621261047
0.5800000000000001 27.21787059819193
0.5899999999999999 27.051581631683685
0.5999999999999996 27.05180629256568
0.6099999999999994 27.009796539654822
0.620000000000001 27.02223662315297
0.6300000000000008 26.980432643333746
0.6400000000000006 27.023766085320055
0.6500000000000004 26.939103958299558
0.6600000000000001 26.992287345096194
0.6699999999999999 27.184975766360104
0.6799999999999997 27.008765257805656
0.6899999999999995 26.979844152063222
0.6999999999999993 26.98412531793595
0.7100000000000009 27.019128697965122
0.7200000000000006 27.183611307627732
0.7300000000000004 27.172345296771176
0.7400000000000002 26.96203735987406
0.75 26.95723927036188
0.7599999999999998 26.984050693834657
0.7699999999999996 26.995480860295824
0.7799999999999994 27.171121853063042
0.7900000000000009 26.980620746625203
0.8000000000000007 26.977213795238836
0.8100000000000005 26.971376529976585
0.8200000000000003 26.949424093624696
0.8300000000000001 27.000458007605314
0.8399999999999999 27.027355163243012
0.8499999999999996 27.02172352118207
0.8599999999999994 26.972450064631918
0.870000000000001 27.01627119980674
0.8800000000000008 27.244865279888316
0.8900000000000006 27.21504921195421
0.9000000000000004 27.006633342112135
0.9100000000000001 26.990865719355984
0.9199999999999999 26.97956822480737
0.9299999999999997 27.003838214724276
0.9399999999999995 27.180995309603645
0.9499999999999993 27.218171969346823
0.9600000000000009 26.966006660667148
0.9700000000000006 27.058333208383644
0.9800000000000004 27.00487526577188
0.9900000000000002 26.994676830821845
1.0 26.957459166450185
1.0099999999999998 26.980710012051667
1.0199999999999996 26.929121095661234
1.0299999999999994 26.89751259286088
1.040000000000001 26.994816966638055
1.0500000000000007 26.99898731433843
1.0600000000000005 26.995192833989684
1.0700000000000003 26.895328908915836
1.08 26.917510077773834
1.0899999999999999 26.95068992362061
1.0999999999999996 27.14409033863737
1.1099999999999994 26.935940227323364
1.120000000000001 26.964717552975024
1.1300000000000008 26.9732651972663
1.1400000000000006 26.937297509975245
1.1500000000000004 26.911302705596057
1.1600000000000001 26.94024544644193
1.17 26.970000455856894
1.1799999999999997 26.943395047188247
1.1899999999999995 26.930729131983185
1.1999999999999993 26.903065905848617
1.2100000000000009 27.123540705886114
1.2200000000000006 26.96866822919494
1.2300000000000004 26.875484189673745
1.2400000000000002 26.830868596753405
1.25 26.89470701505016
1.2599999999999998 26.876891604653252
1.2699999999999996 26.77364741492303
1.2799999999999994 26.83472389417529
1.290000000000001 26.790436286408706
1.3000000000000007 26.777737590372393
1.3100000000000005 26.791769864957367
1.3200000000000003 26.778207686419005
1.33 26.777616372681273
1.3399999999999999 26.787736604772597
1.3499999999999996 26.68824694584321
1.3599999999999994 27.402848137109473
1.370000000000001 26.682420355651708
1.3800000000000008 26.67145406622266
1.3900000000000006 26.634024094992085
1.4000000000000004 26.623538161194528
1.4100000000000001 26.839363751594103
1.42 26.873015146747072
1.4299999999999997 27.066136641661874
1.4399999999999995 26.63753865338101
1.4499999999999993 26.575858464318287
1.4600000000000009 26.585546922431934
1.4700000000000006 26.57144354515942
1.4800000000000004 26.53903187328625
1.4900000000000002 26.51493206953731
1.5 26.57707552072177
1.5099999999999998 26.60544240608207
1.5199999999999996 26.614649171073374
1.5299999999999994 26.78731451743028
1.540000000000001 26.485091294873325
1.5500000000000007 26.458758048489173
1.5600000000000005 26.461587793612676
1.5700000000000003 26.520800874774825
1.58 26.468361734803622
1.5899999999999999 26.448713003893786
1.5999999999999996 26.44473284661281
1.6099999999999994 26.401204443992903
1.620000000000001 26.367721268780592
1.6300000000000008 26.37455583649152
1.6400000000000006 26.567826521966907
1.6500000000000004 26.512166035907278
1.6600000000000001 26.323378345501006
1.67 26.339076854796033
1.6799999999999997 26.335426252862725
1.6899999999999995 26.37175282818645
1.6999999999999993 26.28327767258648
1.7100000000000009 26.25317804736673
1.7200000000000006 26.226252459747634
1.7300000000000004 26.28303025213841
1.7400000000000002 26.20959662085268
1.75 26.177773956065977
1.7599999999999998 26.385542961072
1.7699999999999996 26.343187389987293
1.7799999999999994 26.1779603503571
1.790000000000001 26.177969083699764
1.8000000000000007 26.172059063356702
1.8100000000000005 26.1418116320907
1.8200000000000003 26.13635629079632
1.83 26.126276851265295
1.8399999999999999 26.161791034977327
1.8499999999999996 26.122768545293937
1.8599999999999994 26.13149785433344
1.870000000000001 26.148667810382655
1.8800000000000008 26.161660196567922
1.8900000000000006 26.13859528849926
1.9000000000000004 26.066047457466983
1.9100000000000001 26.070453516855533
1.92 26.083581023648442
1.9299999999999997 26.058797244352377
1.9399999999999995 26.111373904820432
1.9499999999999993 26.087455869640053
1.9600000000000009 26.12839398387073
1.9700000000000006 26.075681717141766
1.9800000000000004 26.098452596849853
1.9900000000000002 26.343948800468333
2.0 26.125532261961684
2.01 26.10391085543244
2.0199999999999996 26.087615062427453
2.0299999999999994 26.077219584879224
2.040000000000001 26.08809410624728
2.0500000000000007 26.07964244554624
2.0600000000000005 26.057914651886172
2.0700000000000003 26.08148284858359
2.08 26.082081613899582
2.09 26.306289464184683
2.0999999999999996 26.140821425935176
2.1099999999999994 26.19360206086157
2.120000000000001 26.259547575844124
2.130000000000001 26.28172608409973
2.1400000000000006 26.380347860946785
2.1500000000000004 26.41764132794299
2.16 26.561136766918317
2.17 26.719476867243927
2.1799999999999997 26.93200434329583
2.1899999999999995 27.41369107877378
2.1999999999999993 27.52012698813596
2.210000000000001 27.981864021207507
2.2200000000000006 28.65927150887141
2.2300000000000004 29.031186972060304
2.24 30.009618316459964
2.25 30.432646914151434
2.26 31.501101772781112
2.2699999999999996 32.05119199561851
2.2799999999999994 32.931472854676045
2.290000000000001 33.79751986379148
2.3000000000000007 34.675076828211736
2.3100000000000005 35.46254068631285
2.3200000000000003 36.75216882811431
2.33 37.34203900293562
2.34 38.18212350926401
2.3499999999999996 39.11406374794556
2.3599999999999994 39.98262808852265
2.370000000000001 41.16980392597513
2.380000000000001 41.718155320650446
2.3900000000000006 42.660394840377656
2.4000000000000004 43.49638900429727
2.41 44.35226782478043
2.42 45.19169446286188
2.4299999999999997 46.387604134689525
2.4399999999999995 46.92197348793469
2.4499999999999993 47.789799662272564
2.460000000000001 48.61653220063939
2.4700000000000006 49.531121862761495
2.4800000000000004 50.39499487316647
2.49 51.27020461563674
2.5 52.24602529568082
2.51 53.08778743706321
2.5199999999999996 53.890525125875655
2.5299999999999994 54.90700836899916
2.540000000000001 55.81466458050764
2.5500000000000007 56.57129384667512
2.5600000000000005 57.33231956979639
2.5700000000000003 58.29549117949173
2.58 59.14031745012318
2.59 59.87215522979198
2.5999999999999996 60.7102624818922
2.6099999999999994 61.48350423570889
2.620000000000001 62.65128173550723
2.630000000000001 63.43351084790531
2.6400000000000006 64.38794388379148
2.6500000000000004 64.9634348199063
2.66 65.55478357819636
2.67 66.30571889038497
2.6799999999999997 67.0096295313256
2.6899999999999995 67.57845941499131
2.6999999999999993 68.25429268313516
2.710000000000001 68.80787886716553
2.7200000000000006 69.38193089252171
2.7300000000000004 69.86755079689809
2.74 70.43784423269072
2.75 71.0157998600045
2.76 71.4761499539394
2.7699999999999996 71.97707268055531
2.7799999999999994 72.57133611954688
2.790000000000001 73.0514063328159
2.8000000000000007 73.62092999506383
2.8100000000000005 74.11485005139
2.8200000000000003 74.76356792376555
2.83 75.23351155788245
2.84 75.77066817456031
2.8499999999999996 76.4805849837137
2.8599999999999994 76.97429011494506
2.870000000000001 77.24087454428911
2.880000000000001 77.9123516076683
2.8900000000000006 78.37383598633882
2.9000000000000004 78.67847825917849
2.91 79.14162337364296
2.92 79.5365597191483
2.9299999999999997 79.97200822709017
2.9399999999999995 80.44589329186977
2.9499999999999993 80.86407018244608
2.960000000000001 81.193772404833
2.9700000000000006 81.64269640393258
2.9800000000000004 81.98542082312991
2.99 82.06934951949923
3.0 82.46735342924389
3.01 82.64607761919905
3.0199999999999996 83.10173191477192
3.0299999999999994 83.52041919098625
3.040000000000001 84.21729652742194
3.0500000000000007 84.53973852043416
3.0600000000000005 84.79537753031775
3.0700000000000003 85.16235333742435
3.08 85.38299875375178
3.09 85.75447131359812
3.0999999999999996 86.09523299777055
3.1099999999999994 86.31637400880552
3.120000000000001 86.6414578575826
3.130000000000001 86.92216582996998
3.1400000000000006 87.20474471054857
3.1500000000000004 87.53407145780622
3.16 87.65297821640132
3.17 87.78479350358512
3.1799999999999997 88.10824150880669
3.1899999999999995 88.36151808674387
3.1999999999999993 88.55306180720991
3.210000000000001 88.74081284744943
3.2200000000000006 89.04354559264083
3.2300000000000004 89.59985726747723
3.24 89.64120770510662
3.25 90.04118010244005
3.26 90.29440774927824
3.2699999999999996 90.5505924139776
3.2799999999999994 90.88045780953021
3.290000000000001 91.1607677437362
3.3000000000000007 91.59610480061608
3.3100000000000005 91.83554111746568
3.3200000000000003 91.9614296242944
3.33 92.3952071613881
3.34 92.51841928389706
3.3499999999999996 92.80317865635644
3.3599999999999994 93.10108674680716
3.370000000000001 91.75774170666749
3.380000000000001 92.01189178733972
3.3900000000000006 92.15394740489324
3.4000000000000004 92.37361699229648
3.41 92.52038313330927
3.42 92.75190599249326
3.4299999999999997 92.92018604191483
3.4399999999999995 93.1176621884174
3.4499999999999993 93.232257185044
3.460000000000001 93.48884451362646
3.4700000000000006 93.65355068480773
3.4800000000000004 93.83355651377514
3.49 93.94387496315296
3.5 94.09780225335808
3.51 94.29740848457482
3.5199999999999996 94.4527784074087
3.5299999999999994 94.6308214205736
3.540000000000001 94.86587991347393
3.5500000000000007 95.04813561689028
3.5600000000000005 95.26145122742142
3.5700000000000003 95.4938310812027
3.58 97.77249633251772
3.59 97.97378904606165
3.5999999999999996 98.24279077419325
3.6099999999999994 98.38393827412139
3.620000000000001 98.57638885505897
3.630000000000001 98.80894651286656
3.6400000000000006 99.07736013479482
3.6500000000000004 99.29412677350399
3.66 99.45940852624067
3.67 99.6384879008084
3.6799999999999997 99.92098129365687
3.6899999999999995 100.20137763282374
3.6999999999999993 100.43012865321208
3.710000000000001 100.73467122737569
3.7200000000000006 101.01071473099314
3.7300000000000004 101.1782679537832
3.74 101.57832258444915
3.75 101.88075373591761
3.76 102.1587761978085
3.7699999999999996 102.4352838616145
3.7799999999999994 102.7680026615835
3.790000000000001 103.04135055376986
3.8000000000000007 103.40223435773902
3.8100000000000005 103.69310095943736
3.8200000000000003 103.99677559538705
3.83 104.38620183046253
3.84 104.68966377928477
3.8499999999999996 105.06277800913469
3.8599999999999994 105.40833196830812
3.870000000000001 105.75331752628236
3.880000000000001 106.14984729943168
3.8900000000000006 106.49791459737219
3.9000000000000004 104.67285425577826
3.91 105.12986215914246
3.92 105.5256511353326
3.9299999999999997 105.90562366374778
3.9399999999999995 106.35381787474033
3.9499999999999993 106.7941919433795
3.960000000000001 107.18785347950043
3.9700000000000006 107.60348704558555
3.9800000000000004 107.92381046160178
3.99 108.5834877642795
4.0 108.99917636336453
4.01 109.48943573916709
4.02 110.01670093983866
4.029999999999999 110.45188899141814
4.040000000000001 110.9737189529379
4.050000000000001 111.67853879030655
4.0600000000000005 112.16543546318628
4.07 112.7058405759336
4.08 113.19532210554351
4.09 113.71587651524108
4.1 114.20490450452256
4.109999999999999 114.77278562778861
4.120000000000001 115.27710919850658
4.130000000000001 115.81394720650951
4.140000000000001 116.11722006519325
4.15 116.63770610258686
4.16 117.12987934718744
4.17 117.61553507106994
4.18 118.27435906128383
4.1899999999999995 118.72041647802351
4.199999999999999 119.32307534020109
4.210000000000001 119.89982296680151
4.220000000000001 120.35038289001061
4.23 121.05430985676709
4.24 121.544073997649
4.25 122.20856581989254
4.26 122.74871366139175
4.27 123.42054584116856
4.279999999999999 124.00282251473135
4.290000000000001 124.66597597095357
4.300000000000001 125.23143350433429
4.3100000000000005 125.85537472075765
4.32 126.71117833796042
4.33 127.39146801471998
4.34 127.95809526755987
4.35 128.6664394474148
4.359999999999999 129.31801364843776
4.370000000000001 130.00078114177947
4.380000000000001 130.66247440071888
4.390000000000001 131.39909524711226
4.4 132.13912994917925
4.41 132.70328271086072
4.42 133.38409915940596
4.43 133.7738445919691
4.4399999999999995 134.3581273112449
4.449999999999999 134.93150398931678
4.460000000000001 135.4921377349373
4.470000000000001 136.01512992475517
4.48 136.5807199595342
4.49 137.10060310342115
4.5 137.4605660432425
4.51 137.82825336313778
4.52 138.03665668720666
4.529999999999999 138.16449125513742
4.540000000000001 138.27744464917075
4.550000000000001 138.3112928387098
4.5600000000000005 138.37018895239544
4.57 138.4624602981862
4.58 138.6249171075274
4.59 138.7004458199876
4.6 138.6147994633727
4.609999999999999 138.59465506600935
4.620000000000001 138.52898855418277
4.630000000000001 138.46852380545795
4.640000000000001 138.4073960342812
4.65 138.33276062279586
4.66 138.29579120141034
4.67 138.22309744023096
4.68 138.08904643562693
4.6899999999999995 137.99314453750407
4.699999999999999 137.7538380735751
4.710000000000001 137.44930129167184
4.720000000000001 137.3098207040277
4.73 137.29225202767637
4.74 137.17332156620407
4.75 137.01954891759254
4.76 137.11589492932677
4.77 136.93303740767678
4.779999999999999 136.70167717134962
4.790000000000001 nan
4.800000000000001 nan
4.8100000000000005 nan
4.82 nan
4.83 nan
4.84 nan
4.85 nan
4.859999999999999 nan
4.870000000000001 nan
4.880000000000001 nan
4.890000000000001 nan
4.9 nan
4.91 nan
4.92 nan
4.93 nan
4.9399999999999995 nan
4.949999999999999 nan
4.960000000000001 nan
4.970000000000001 nan
4.98 nan
4.99 nan
5.0 nan
5.01 nan
5.02 nan
5.029999999999999 nan
5.040000000000001 nan
5.050000000000001 nan
5.0600000000000005 nan
5.07 nan
5.08 nan
5.09 nan
5.1 nan
5.109999999999999 nan
5.120000000000001 nan
5.130000000000001 124.79447415475525
5.140000000000001 124.38992527034479
5.15 123.98999894873366
5.16 123.5875358336661
5.17 123.15942506631959
5.18 122.76083225499703
5.1899999999999995 122.37697518192142
5.199999999999999 nan
5.210000000000001 nan
5.220000000000001 nan
5.23 nan
5.24 nan
5.25 nan
5.26 nan
5.27 nan
5.279999999999999 nan
5.290000000000001 nan
5.300000000000001 nan
5.3100000000000005 nan
5.32 nan
5.33 nan
5.34 nan
5.35 nan
5.359999999999999 nan
5.370000000000001 nan
5.380000000000001 nan
5.390000000000001 nan
5.4 nan
5.41 nan
5.420000000000002 nan
5.43 nan
5.440000000000001 nan
5.449999999999999 nan
5.460000000000001 nan
5.469999999999999 nan
5.48 nan
5.489999999999998 nan
5.5 nan
5.510000000000002 nan
5.52 nan
5.530000000000001 nan
5.539999999999999 nan
5.550000000000001 nan
5.559999999999999 nan
5.57 nan
5.580000000000002 nan
5.59 nan
5.600000000000001 nan
5.609999999999999 nan
5.620000000000001 nan
5.629999999999999 nan
5.640000000000001 nan
5.649999999999999 nan
5.66 nan
5.670000000000002 nan
5.68 nan
5.690000000000001 nan
5.699999999999999 nan
5.710000000000001 nan
5.719999999999999 nan
5.73 nan
5.739999999999998 nan
5.75 nan
5.760000000000002 nan
5.77 nan
5.780000000000001 nan
5.789999999999999 nan
5.800000000000001 nan
5.809999999999999 nan
5.82 nan
5.830000000000002 102.02687022181587
5.84 101.88891975230692
5.850000000000001 101.78025898862299
5.859999999999999 101.52399339045114
5.870000000000001 101.29529806799151
5.879999999999999 101.06790085134277
5.890000000000001 100.96741320373026
5.899999999999999 100.7523730296592
5.91 100.59218720469966
5.920000000000002 100.51693362260637
5.93 100.40706907273052
5.940000000000001 100.16168446042026
5.949999999999999 100.06498639297212
5.960000000000001 99.95405876945
5.969999999999999 99.82086004562962
5.98 99.66529394125976
5.989999999999998 99.41848177743508
6.0 99.24992239161809
6.010000000000002 99.11638113593226
6.02 99.03200602635407
6.030000000000001 99.01308586372777
6.039999999999999 98.92304501345616
6.050000000000001 98.65679368611531
6.059999999999999 98.5961023047227
6.07 98.4991907099915
6.080000000000002 nan
6.09 98.59806496622036
6.100000000000001 98.55716141223976
6.109999999999999 98.51048174758344
6.120000000000001 98.4361331123744
6.129999999999999 98.30948154396647
6.140000000000001 98.25982340074661
6.149999999999999 98.17033710579949
6.16 98.17217577662011
6.170000000000002 98.17342761783324
6.18 98.00933101705354
6.190000000000001 97.92615775354815
6.199999999999999 98.04321789505114
6.210000000000001 97.90885388249136
6.219999999999999 97.99523715698545
6.23 97.9484474198245
6.239999999999998 97.88598914873263
6.25 97.75582229045877
6.260000000000002 97.66055345523736
6.27 97.60621419380062
6.280000000000001 97.53918319949273
6.289999999999999 97.38007024176068
6.300000000000001 97.34421478902304
6.309999999999999 97.23754120763006
6.32 97.21243903804105
6.330000000000002 97.03556496577059
6.34 96.97531477863886
6.350000000000001 96.8388028629577
6.359999999999999 96.69679828764802
6.370000000000001 96.60776994280118
6.379999999999999 96.40199343462542
6.390000000000001 96.37314012856201
6.399999999999999 96.26172125892965
6.41 96.05175216839153
6.420000000000002 95.9902814731067
6.43 95.74019066933845
6.440000000000001 95.73912819177339
6.449999999999999 95.65951658086723
6.460000000000001 95.51518035651442
6.469999999999999 95.53070449678759
6.48 95.43373925074063
6.489999999999998 95.25409722447756
6.5 95.1963188048728
6.510000000000002 95.06917013011305
6.52 95.07698171114399
6.530000000000001 94.99437275507498
6.539999999999999 94.93591343046805
6.550000000000001 94.95006730515051
6.559999999999999 94.91602231146116
6.57 94.74610895285522
6.580000000000002 94.6711839382631
6.59 95.23941261503178
6.600000000000001 95.2051443238096
6.609999999999999 94.85694723632739
6.620000000000001 94.97087304512486
6.629999999999999 94.95226265446215
6.640000000000001 94.83674255567938
6.649999999999999 94.7292624271425
6.66 94.66109560953795
6.670000000000002 94.34571404115779
6.68 94.21995083417238
6.690000000000001 94.20277020306166
6.699999999999999 94.18772013813054
6.710000000000001 94.0422088975095
6.719999999999999 93.9736243962122
6.73 93.84949800724195
6.739999999999998 93.75304646687033
6.75 93.59355353398111
6.760000000000002 93.51002673932122
6.77 93.3873693163372
6.780000000000001 93.39809345285524
6.789999999999999 93.18895418070427
6.800000000000001 93.14425498963398
6.809999999999999 92.91166148453888
6.82 92.88361324283578
6.830000000000002 92.74592119054797
6.84 92.46543291492004
6.850000000000001 92.3226983905125
6.859999999999999 92.1188145185506
6.870000000000001 92.03570908575199
6.879999999999999 90.7020682007178
6.890000000000001 90.62322015305162
6.899999999999999 90.47736769841877
6.91 90.35627404727593
6.920000000000002 90.20817486355187
6.93 90.14313493932306
6.940000000000001 89.97352376173609
6.949999999999999 89.91789566567688
6.960000000000001 89.81570832530878
6.969999999999999 89.66255806337315
6.98 89.55873874245253
6.989999999999998 89.4155740523359
7.0 89.27733189441115
7.010000000000002 89.17414054363141
7.02 89.05273336075405
7.030000000000001 88.98656909984649
7.039999999999999 88.94190169024154
7.050000000000001 88.75555017965459
7.059999999999999 88.72997529996789
7.07 88.62342212277207
7.080000000000002 88.56568008886272
7.09 88.38472211237656
7.100000000000001 88.27233976171472
7.109999999999999 88.30001027061658
7.120000000000001 88.17475730764244
7.129999999999999 88.12377681301862
7.140000000000001 87.89552324527445
7.149999999999999 87.89878959017695
7.16 87.85250839504425
7.170000000000002 87.87606610785265
7.18 87.71302909720865
7.190000000000001 87.74810526839033
7.199999999999999 87.55733770412718
7.210000000000001 87.56491882229408
7.219999999999999 87.51121784392662
7.23 87.41017149478864
7.239999999999998 87.43279780145912
7.25 87.2985450377522
7.260000000000002 87.18690485296743
7.27 87.19523279052717
7.280000000000001 87.03380628013937
7.289999999999999 87.05576321576625
7.300000000000001 87.03024623323182
7.309999999999999 86.91685483206237
7.32 86.94173532572712
7.330000000000002 86.79783712494059
7.34 86.77235069168265
7.350000000000001 86.73641128725609
7.359999999999999 86.67112627903342
7.370000000000001 86.61664689995254
7.379999999999999 86.5326837865623
7.390000000000001 86.51206133894611
7.399999999999999 86.5555784864816
7.41 86.424930744747
7.420000000000002 86.46332454687872
7.43 86.47215864752124
7.440000000000001 86.32687902209065
7.449999999999999 86.34074822942884
7.460000000000001 86.31321470821021
7.469999999999999 86.24107523892047
7.48 86.22705536853833
7.489999999999998 86.19080355628532
7.5 86.2042349808923
7.510000000000002 86.21350118557402
7.52 86.1370909476466
7.530000000000001 86.16091208684801
7.539999999999999 86.1337973862484
7.550000000000001 86.1007480024679
7.559999999999999 86.0813949971117
7.57 86.03636097587321
7.580000000000002 85.96250487768742
7.59 86.02223529997667
7.600000000000001 86.03110542249317
7.609999999999999 85.9284292909777
7.620000000000001 86.01359105622407
7.629999999999999 86.03000373413505
7.640000000000001 85.93944260047495
7.649999999999999 85.94095184401122
7.66 85.96838122126672
7.670000000000002 85.94144416893437
7.68 85.8753932844302
7.690000000000001 85.94830234202952
7.699999999999999 85.8483887982919
7.710000000000001 85.88189707364037
7.719999999999999 85.90301296063683
7.73 85.81363695106971
7.739999999999998 85.84992234687445
7.75 85.84797884280674
7.760000000000002 85.85879655612783
7.77 85.87718915355742
7.780000000000001 85.89689779329017
7.789999999999999 85.8714572237426
7.800000000000001 85.86126244029022
7.809999999999999 85.90163074243097
7.82 85.93772203927583
7.830000000000002 85.88489604125424
7.84 85.91694322431259
7.850000000000001 85.86969383740441
7.859999999999999 85.91126070715015
7.870000000000001 85.85373711324215
7.879999999999999 85.88974913564827
7.890000000000001 85.91413355741571
7.899999999999999 85.84083691305571
7.91 85.80920211478013
7.920000000000002 85.80774450311387
7.93 85.83747405191372
7.940000000000001 85.83833165754014
7.949999999999999 85.86604378487326
7.960000000000001 85.7979452143194
7.969999999999999 85.81431271956035
7.98 85.79741314761509
7.989999999999998 85.87116671223919
8.0 85.80702268070893
8.010000000000002 85.92995133377124
8.02 85.84726407441761
8.030000000000001 85.90632799020993
8.04 85.83757128252837
8.05 85.85023774789191
8.059999999999999 85.90435170249066
8.07 85.9582142638993
8.080000000000002 85.92041603743878
8.09 85.95949139950285
8.100000000000001 85.89228011440089
8.11 85.85233892181623
8.120000000000001 85.84213636265466
8.129999999999999 85.88952217289913
8.14 85.8545087584564
8.149999999999999 85.9264057295982
8.16 85.91241412691355
8.170000000000002 85.80374136461475
8.18 85.856213707196
8.190000000000001 85.82324111505088
8.2 85.79192763150952
8.21 85.7571499629608
8.219999999999999 85.72903260861784
8.23 85.78688380337732
8.239999999999998 85.83269615468234
8.25 85.72027339024353
8.260000000000002 85.64987368051234
8.27 85.76087046778854
8.280000000000001 85.68052826480867
8.29 85.6847082679993
8.3 85.58303052896304
8.309999999999999 85.5872278788691
8.32 85.60205046295167
8.330000000000002 85.45394703292034
8.34 85.47197654344745
8.350000000000001 85.27038166537628
8.36 85.3589620600648
8.370000000000001 85.31441172475114
8.379999999999999 85.32251200067103
8.39 85.26725098997474
8.399999999999999 85.15045160205085
8.41 85.25812156761017
8.420000000000002 85.14927554032028
8.43 85.11016054973109
8.440000000000001 84.97205190968121
8.45 84.90746161864023
8.46 84.93027863463817
8.469999999999999 84.75603903864162
8.48 84.79336202882536
8.489999999999998 84.75396160325998
8.5 84.65107039939052
8.510000000000002 84.63290618565844
8.52 84.70490548231732
8.530000000000001 84.582726543258
8.54 84.45708816737745
8.55 84.5357937177919
8.559999999999999 84.49173819237438
8.57 84.50172232157468
8.580000000000002 84.45484713318996
8.59 84.39280610490724
8.600000000000001 84.29615355412894
8.61 84.17288879479577
8.620000000000001 84.17879225269179
8.629999999999999 84.08136351261064
8.64 84.07223148599607
8.649999999999999 84.0358458617792
8.66 83.9075947026191
8.670000000000002 83.86351770499286
8.68 83.85327988360208
8.690000000000001 83.78355952322235
8.7 83.74993649579356
8.71 83.66400506661006
8.719999999999999 83.64357812829594
8.73 83.5554430387151
8.739999999999998 83.50689748850361
8.75 83.51320794257677
8.760000000000002 83.46546725339134
8.77 83.28865422749782
8.780000000000001 83.23192797124202
8.79 83.20678533685614
8.8 83.08915041659444
8.809999999999999 82.97116418866094
8.82 83.0394185714122
8.830000000000002 82.90832344358161
8.84 82.88833866170248
8.850000000000001 82.80763653513473
8.86 82.72768478203687
8.870000000000001 82.69697911094335
8.879999999999999 82.57817164018999
8.89 82.39974807911344
8.899999999999999 82.4004856345963
8.91 82.36528465047175
8.920000000000002 82.29712985471913
8.93 82.15059866544223
8.940000000000001 82.12278161628745
8.95 82.00741468838862
8.96 81.88073662944691
8.969999999999999 81.80810169730961
8.98 81.77403434197362
8.989999999999998 81.65435653330204
9.0 81.68281960175469
9.010000000000002 81.54150911204734
9.02 81.48450650375699
9.030000000000001 81.33419811491405
9.04 81.32439200096606
9.05 81.25952510070854
9.059999999999999 81.22343298005379
9.07 81.1595796973255
9.080000000000002 81.01779725288242
9.09 80.88843141854251
9.100000000000001 80.8983763320218
9.11 80.73678180353485
9.120000000000001 80.74667661119948
9.129999999999999 80.55819596759225
9.14 80.52723269501294
9.149999999999999 80.42459610764338
9.16 80.44812357705618
9.170000000000002 80.25273411368836
9.18 80.25729448052076
9.190000000000001 80.17608196237796
9.2 80.15457211138887
9.21 80.08088646511223
9.219999999999999 79.97601203192642
9.23 79.82860806285701
9.239999999999998 79.65734517171217
9.25 79.72047224171942
9.260000000000002 79.6119224292259
9.27 79.48241119810608
9.280000000000001 79.42368272257607
9.29 79.30189014275595
9.3 79.20177692865892
9.309999999999999 79.23551379374393
9.32 79.07869712270599
9.330000000000002 78.96956819284696
9.34 78.99994948782191
9.350000000000001 78.90394701834742
9.36 78.73542395640018
9.370000000000001 78.60663557911457
9.379999999999999 78.65567571663581
9.39 78.51318873668646
9.399999999999999 78.40223414971808
9.41 78.3057335187251
9.420000000000002 78.20493868397696
9.43 78.23290313232252
9.440000000000001 77.97624970873515
9.45 77.99297417664607
9.46 77.83907205066116
9.469999999999999 77.6443622698595
9.48 77.61987191825985
9.489999999999998 77.542275975889
9.5 77.38091478555512
9.510000000000002 77.32596212658916
9.52 77.16104267278544
9.530000000000001 77.13851638692309
9.54 77.15571944717355
9.55 76.90457908032363
9.559999999999999 76.81229424297618
9.57 76.74064636203971
9.580000000000002 76.65136897874848
9.59 76.61150683362999
9.600000000000001 76.45593556371199
9.61 76.47265469724458
9.620000000000001 76.28044599562047
9.629999999999999 76.29480847834476
9.64 76.12989359329802
9.649999999999999 76.1267238118854
9.66 76.0250842907449
9.670000000000002 75.98190234445028
9.68 75.87200588293939
9.690000000000001 75.89316986514568
9.7 75.66933977020372
9.71 75.62738114083356
9.719999999999999 75.61773028077442
9.73 75.38602844144364
9.739999999999998 75.30709633137545
9.75 75.46575969727036
9.760000000000002 75.3987928866103
9.77 75.3015808664835
9.780000000000001 75.12405536749952
9.79 75.04599306517684
9.8 75.06670825573224
9.809999999999999 74.98340726539644
9.82 74.74316771945641
9.830000000000002 74.74448047294212
9.84 74.73235615384802
9.850000000000001 74.6856522028906
9.86 74.5119225291347
9.870000000000001 74.5257326528887
9.879999999999999 74.4470181390952
9.89 74.43066755999884
9.899999999999999 74.35927836919062
9.91 74.26389724178156
9.920000000000002 74.21810102344244
9.93 74.26639841656524
9.940000000000001 74.13427843508292
9.95 74.07888614890476
9.96 73.99996891890632
9.969999999999999 74.40284042799311
9.98 74.43293024955572
9.989999999999998 74.2860460624579
10.0 74.2799291387002
10.010000000000002 74.21131566082933
10.02 74.01159041820361
10.030000000000001 74.06829851818318
10.04 74.00337970205013
10.05 73.86253698519802
10.059999999999999 73.83811803616442
10.07 73.85284944474992
10.080000000000002 73.76502225703355
10.09 73.68215157925209
10.100000000000001 73.61784058596047
10.11 73.48521575963602
10.120000000000001 73.39665542507699
10.129999999999999 73.38395130487321
10.14 73.29193632611803
10.149999999999999 73.1361591015609
10.16 73.1237155349678
10.170000000000002 72.99116470700598
10.18 72.90759051627111
10.190000000000001 72.93861444508457
10.2 72.72083495515781
10.21 72.71188636588742
10.219999999999999 72.74021333282194
10.23 72.56628331674929
10.239999999999998 72.46955863792118
10.25 72.41816999923887
10.260000000000002 72.35066241396554
10.27 72.24870401243544
10.280000000000001 72.2592317846566
10.29 72.17302575699733
10.3 72.01099320748774
10.309999999999999 72.05584125675222
10.32 71.88173105891654
10.330000000000002 71.87243610264541
10.34 71.72678887951145
10.350000000000001 71.73551224113862
10.36 71.70664758552915
10.370000000000001 71.5983556752079
10.379999999999999 71.40820937539047
10.39 71.39368012225887
10.399999999999999 71.36132571123831
10.41 71.28574641698009
10.420000000000002 71.10751814793437
10.43 71.18032158400638
10.440000000000001 70.99544113286063
10.45 70.99343373347276
10.46 70.84956221367767
10.469999999999999 70.82234964660475
10.48 70.72598470820893
10.489999999999998 70.61549435728088
10.5 70.56119278988146
10.510000000000002 70.54839174873342
10.52 70.54033094646792
10.530000000000001 70.32914247467178
10.54 70.32397914531478
10.55 70.28617522969527
10.559999999999999 70.20155475243993
10.57 70.21582602284667
10.580000000000002 70.2251611805121
10.59 70.16723626135555
10.600000000000001 70.05620078081868
10.61 70.04787026876338
10.620000000000001 69.92603768732639
10.629999999999999 69.868708856707
10.64 69.91213587670383
10.649999999999999 69.9288442169235
10.66 69.89257017073109
10.670000000000002 69.66939920360869
10.68 69.73226031602286
10.690000000000001 69.72571122914988
10.7 69.73190708115516
10.71 69.74643082437962
10.719999999999999 69.6310852305382
10.73 69.55620870945229
10.739999999999998 69.4804286278708
10.75 69.48014785204629
10.760000000000002 69.44350795805516
10.77 69.43439154526051
10.780000000000001 69.31174489808677
10.79 69.34926106656278
10.8 69.3168161651507
10.809999999999999 69.30391870734151
10.82 69.2728248221539
10.830000000000002 69.2165736570264
10.84 69.12534794538072
10.850000000000001 69.12373869522844
10.86 69.11594187299181
10.870000000000001 69.12383553538041
10.879999999999999 68.98892271543191
10.89 68.97002475405172
10.899999999999999 68.99583382814305
10.91 68.94649373338765
10.920000000000002 68.92106178900403
10.93 69.0341207631304
10.940000000000001 69.00018336879047
10.95 68.9355498225332
10.96 68.83726396378185
10.969999999999999 68.8735113213018
10.98 68.89330835604082
10.989999999999998 68.84902627246036
11.0 68.75059333929156
11.010000000000002 68.68844722023556
11.02 68.73216205507651
11.030000000000001 68.64123786331447
11.04 68.63906932550694
11.05 68.66835449315235
11.059999999999999 68.49699725251185
11.07 68.55574239679771
11.080000000000002 68.45131775844649
11.09 68.44657203242966
11.100000000000001 68.46680639795235
11.11 68.28743917341498
11.120000000000001 68.22996636098873
11.129999999999999 68.26651364065978
11.14 68.20242067035689
11.149999999999999 68.15098802971704
11.16 68.1733015472219
11.170000000000002 68.1730122734379
11.18 68.11330059287772
11.190000000000001 67.99455084171503
11.2 68.00898260267813
11.21 67.9858663200779
11.219999999999999 67.9360725342159
11.23 67.85604831463945
11.239999999999998 67.84735472875155
11.25 67.78020981028834
11.260000000000002 67.78584580275128
11.27 67.75082749811112
11.280000000000001 67.59228556212341
11.29 67.54962614776423
11.3 67.53649312950137
11.309999999999999 67.4430240443869
11.32 67.4832715053341
11.330000000000002 67.35455678068836
11.34 67.31041244428067
11.350000000000001 67.3041642578637
11.36 67.30959399621798
11.370000000000001 67.23790039817781
11.379999999999999 67.30674695171665
11.39 67.18396928040686
11.399999999999999 67.15593503967789
11.41 67.1088763390205
11.420000000000002 67.11185384623147
11.43 67.10599442718902
11.440000000000001 67.09224672829951
11.45 67.0280453332317
11.46 66.95875646433495
11.469999999999999 66.99060238254484
11.48 66.893132577335
11.489999999999998 66.95302265860292
11.5 67.01413147468651
11.510000000000002 66.90624676131443
11.52 66.86846814741546
11.530000000000001 66.88198401076824
11.54 66.91930282674477
11.55 66.75605948124343
11.559999999999999 66.81027575908462
11.57 66.71330820973779
11.580000000000002 66.76501288966094
11.59 66.8482203571171
11.600000000000001 66.76934152443249
11.61 66.74702712317395
11.620000000000001 66.71308745997764
11.629999999999999 66.71942307631853
11.64 66.7112581055823
11.649999999999999 66.65286412723584
11.66 66.63039220115088
11.670000000000002 66.53875882270283
11.68 66.53498324727101
11.690000000000001 66.4849643065271
11.7 66.4877818776097
11.71 66.47808700949098
11.719999999999999 66.50412938570834
11.73 66.4501679278633
11.739999999999998 66.33900976754757
11.75 66.33707756968764
11.760000000000002 66.34816241872522
11.77 66.24324176252846
11.780000000000001 66.28765468875957
11.79 66.20074289568174
11.8 66.10229022028619
11.809999999999999 66.09525700817143
11.82 66.1760026004215
11.830000000000002 66.1478541993794
11.84 66.00658659617575
11.850000000000001 65.96362931317654
11.86 65.96526825121906
11.870000000000001 65.94852139870542
11.879999999999999 65.93493843790631
11.89 65.7313504136656
11.899999999999999 65.7048536862041
11.91 65.87989356889537
11.920000000000002 65.74538340069911
11.93 65.71103279002999
11.940000000000001 65.63138040485096
11.95 65.51911458546995
11.96 65.50706941743437
11.969999999999999 65.4823247297202
11.98 65.42041119767414
11.989999999999998 65.33473406945869
12.0 65.23961062186007
12.010000000000002 65.21047338030162
12.02 65.215289425473
12.030000000000001 65.17942886183754
12.04 65.13533589938777
12.05 65.08591042777448
12.059999999999999 65.08604358444398
12.07 65.01358509362902
12.080000000000002 64.97820780472631
12.09 64.89713677711381
12.100000000000001 64.86467032817559
12.11 64.84932153284547
12.120000000000001 64.78757125054258
12.129999999999999 64.82156199718278
12.14 64.78578140953506
12.149999999999999 64.74852811359247
12.16 64.79777102130078
12.170000000000002 64.81829934947402
12.18 64.77155943743054
12.190000000000001 64.78137149967095
12.2 64.70287212315961
12.21 64.7380312267896
12.219999999999999 64.64652928962934
12.23 64.60769140119119
12.239999999999998 64.68474041930187
12.25 64.63445799818751
12.260000000000002 64.56186157608576
12.27 64.57699717487687
12.280000000000001 64.64891862183467
12.29 64.65057203674557
12.3 64.5148785891405
12.309999999999999 64.49078549248622
12.32 64.5001818458478
12.330000000000002 64.55187146440235
12.34 64.41153567703438
12.350000000000001 64.45403382560164
12.36 64.4111719750822
12.370000000000001 64.3659713462038
12.379999999999999 64.37310451163862
12.39 64.3317397598814
12.399999999999999 64.33328843405388
12.41 64.2799983475986
12.420000000000002 64.31971099143982
12.43 64.21919110063783
12.440000000000001 64.19050532428486
12.45 64.1247920260114
12.46 64.09976878462862
12.469999999999999 64.14777652969016
12.48 64.03521733651041
12.489999999999998 64.09121806228515
12.5 63.997625457073035
12.510000000000002 64.11349848822616
12.52 64.02861419800928
12.530000000000001 64.03786899568532
12.54 63.98151178599117
12.55 64.01368543364617
12.559999999999999 63.99733546454134
12.57 63.99343227295491
12.580000000000002 64.0152874276292
12.59 63.97656059803691
12.600000000000001 63.9345670929649
12.61 63.82326489771129
12.620000000000001 63.87182431228943
12.629999999999999 63.88904350722191
12.64 63.86895785406244
12.649999999999999 63.878985268630785
12.66 63.80230277694555
12.670000000000002 63.77574784256491
12.68 63.83320086996517
12.690000000000001 63.849961624870836
12.7 63.755361595227924
12.71 63.70873674386441
12.719999999999999 63.752515159699584
12.73 63.68998188770884
12.739999999999998 63.69770022556783
12.75 63.76802945743998
12.760000000000002 63.64576369465597
12.77 63.612001350433644
12.780000000000001 63.665647868504614
12.79 63.66863339244409
12.8 63.55819689384739
12.809999999999999 63.5962422001093
12.82 63.650631973566675
12.830000000000002 63.58604160088671
12.84 63.60622353463715
12.850000000000001 63.56372417482107
12.86 63.56075353920092
12.870000000000001 63.531694156828365
12.879999999999999 63.574810251005815
12.89 63.519531138218596
12.899999999999999 63.493516164346445
12.91 63.468684677857986
12.920000000000002 63.4999028478367
12.93 63.44093281378922
12.940000000000001 63.46530603898942
12.95 63.49521624582529
12.96 63.41521094883324
12.969999999999999 63.44683500763246
12.98 63.41526701064966
12.989999999999998 63.33750332147429
13.0 63.362566938615586
13.010000000000002 63.367125381317265
13.02 63.4084307871073
13.030000000000001 63.3415154094547
13.04 63.29789734592319
13.05 63.33035125112852
13.059999999999999 63.34791847848598
13.07 63.27860555029363
13.080000000000002 63.260769925200336
13.09 63.24102602047944
13.100000000000001 63.25161312786949
13.11 63.22014142210611
13.120000000000001 63.21652118871891
13.129999999999999 63.095354872478126
13.14 63.05462964731797
13.149999999999999 63.05332636251314
13.16 63.034843165245206
13.170000000000002 62.93651549057076
13.18 62.98351668563421
13.190000000000001 62.94321465487039
13.2 63.247360594259234
13.21 63.158648930628345
13.219999999999999 63.146959521020065
13.23 63.085779735653865
13.239999999999998 63.09876314643141
13.25 62.97678929806871
13.260000000000002 63.034511379153926
13.27 63.053934016116386
13.280000000000001 62.978226655970424
13.29 63.00018657315811
13.3 62.947631043098674
13.309999999999999 62.948724084225745
13.32 62.82458622128838
13.330000000000002 62.843865225455914
13.34 62.76436876337472
13.350000000000001 62.74088425979765
13.36 62.82782962123257
13.370000000000001 62.75296953637836
13.379999999999999 62.71996773231486
13.39 62.65731856174179
13.399999999999999 62.68528498150628
13.41 62.69216947201357
13.420000000000002 62.602634147124505
13.43 62.564641219999174
13.440000000000001 62.5947715511756
13.45 62.591765006044696
13.46 62.5706984070593
13.469999999999999 62.530192977511554
13.48 62.559437391470595
13.489999999999998 62.49952526170785
13.5 62.46601151957744
13.510000000000002 62.4369699413324
13.52 62.47323186235913
13.530000000000001 62.44987362345603
13.54 62.41700262589362
13.55 62.4189432761465
13.559999999999999 62.424403682467755
13.57 62.3739764013703
13.580000000000002 62.30689037368889
13.59 62.243782213949935
13.600000000000001 62.29955884254841
13.61 62.223639315055806
13.620000000000001 62.23495198669791
13.629999999999999 62.152975595777164
13.64 62.194379946935584
13.649999999999999 62.162240088680456
13.66 62.13373526515992
13.670000000000002 62.12413849906518
13.68 62.06610318345392
13.690000000000001 62.10462595154924
13.7 62.06278442720491
13.71 62.02087545178111
13.719999999999999 61.98546422004566
13.73 61.97536958847063
13.739999999999998 61.96844067401007
13.75 61.89448925418586
13.760000000000002 61.87086245362865
13.77 61.8274053603168
13.780000000000001 61.77116979233311
13.79 61.7377717806492
13.8 61.69500019535913
13.809999999999999 61.68535298522077
13.82 61.637841392328866
13.830000000000002 61.62642687469078
13.84 61.56212146022983
13.850000000000001 61.583368704633884
13.86 61.520653520102144
13.870000000000001 61.36242187104284
13.879999999999999 61.38509238460679
13.89 61.28168421186039
13.899999999999999 61.37910959974286
13.91 61.29614992285353
13.920000000000002 61.163118749175055
13.93 61.151959053152765
13.940000000000001 61.12178000058063
13.95 61.107778899945046
13.96 61.042922014074676
13.969999999999999 61.074978913839125
13.98 61.04990828261879
13.989999999999998 61.02951066250859
14.0 60.87949029218511
14.010000000000002 60.95920868577099
14.02 60.92099821940289
14.030000000000001 60.80728360790617
14.04 60.77904500194695
14.05 60.85669862810141
14.059999999999999 60.80943233540726
14.07 60.71862985522979
14.080000000000002 60.69846453541133
14.09 60.78905630417388
14.100000000000001 60.66479189900011
14.11 60.656529439999304
14.120000000000001 60.623787509950255
14.129999999999999 60.6031565114959
14.14 60.62859808900954
14.149999999999999 60.62687468259116
14.16 60.59722525551299
14.170000000000002 60.61699987827923
14.18 60.577769170173
14.190000000000001 60.5211471419291
14.2 60.55574895435853
