%x y
0.0 34.658187344746196
0.009999999999999787 34.60589894511213
0.019999999999999574 34.627040460114344
0.02999999999999936 34.650370154863175
0.03999999999999915 34.647330764754855
0.049999999999998934 34.668012417427335
0.05999999999999872 34.57591314302524
0.07000000000000028 34.60331023313847
0.08000000000000007 34.61599050244133
0.08999999999999986 34.614996014841324
0.09999999999999964 34.56246901755187
0.10999999999999943 34.601932038647675
0.11999999999999922 34.6007839155323
0.129999999999999 34.616490178749046
0.1399999999999988 34.565558079895936
0.14999999999999858 34.59922640779696
0.16000000000000014 34.58785159862212
0.16999999999999993 34.549268789343856
0.17999999999999972 34.56460371627766
0.1899999999999995 34.58003970006404
0.1999999999999993 34.615149327555656
0.20999999999999908 34.51577350474811
0.21999999999999886 34.57162742454591
0.22999999999999865 34.518699701170846
0.2400000000000002 34.572265905228065
0.25 34.558174542717666
0.2599999999999998 34.51237523304671
0.2699999999999996 34.47364805976486
0.27999999999999936 34.39352138855176
0.28999999999999915 34.337478262707116
0.29999999999999893 34.36387920972757
0.3099999999999987 34.34492239867307
0.3200000000000003 34.370602870578615
0.33000000000000007 34.27225750917563
0.33999999999999986 34.2983634132854
0.34999999999999964 34.250193577906614
0.35999999999999943 34.2462122032542
0.3699999999999992 34.264707961941056
0.379999999999999 34.23357765189725
0.3899999999999988 34.255150579057485
0.3999999999999986 34.24918169599043
0.41000000000000014 34.18171621959813
0.41999999999999993 34.185958619547954
0.4299999999999997 34.112312758979115
0.4399999999999995 34.111281718853554
0.4499999999999993 34.0920995752724
0.4599999999999991 34.0642290419121
0.46999999999999886 34.03333388224194
0.47999999999999865 33.99896122690082
0.4900000000000002 33.9736007619688
0.5 33.91917956749108
0.5099999999999998 33.89375351293912
0.5199999999999996 33.8630712308239
0.5299999999999994 33.87801100640957
0.5399999999999991 33.93682861625154
0.5499999999999989 33.818636087862416
0.5599999999999987 33.86761797470923
0.5700000000000003 33.823700302006344
0.5800000000000001 33.813597375439
0.5899999999999999 33.80817272608957
0.5999999999999996 33.82682427036021
0.6099999999999994 33.822017917824624
0.6199999999999992 33.74371433184882
0.629999999999999 33.79606787831237
0.6399999999999988 33.783389155702366
0.6499999999999986 33.79491083448073
0.6600000000000001 33.692507914982
0.6699999999999999 33.692794162613936
0.6799999999999997 33.736916450693805
0.6899999999999995 33.78442408937464
0.6999999999999993 33.79301139566
0.7099999999999991 33.77377096127407
0.7199999999999989 33.802257190644426
0.7299999999999986 33.71123121937964
0.7400000000000002 33.71200764812049
0.75 33.70901407049681
0.7599999999999998 33.65345721515777
0.7699999999999996 33.55902507100457
0.7799999999999994 33.6455716415244
0.7899999999999991 33.632496910004825
0.7999999999999989 33.60906467981857
0.8099999999999987 33.57168316182604
0.8200000000000003 33.58315398533581
0.8300000000000001 33.58526994194679
0.8399999999999999 33.63505361694666
0.8499999999999996 33.48471295544509
0.8599999999999994 33.53908691401025
0.8699999999999992 33.52438746906776
0.879999999999999 33.55825227149404
0.8899999999999988 33.474500462929115
0.8999999999999986 33.47251905607464
0.9100000000000001 33.46970619425194
0.9199999999999999 33.48313582903158
0.9299999999999997 33.46863644815359
0.9399999999999995 33.45516623131876
0.9499999999999993 33.52076562034788
0.9599999999999991 33.574489296320415
0.9699999999999989 33.506880948201534
0.9799999999999986 33.478858590258966
0.9900000000000002 33.508891301958116
1.0 33.47873950066665
1.0099999999999998 33.5053714951338
1.0199999999999996 33.45626755272484
1.0299999999999994 33.50661740778152
1.0399999999999991 33.516972413584426
1.049999999999999 33.586216802326966
1.0599999999999987 33.44214466004327
1.0700000000000003 33.47856034467452
1.08 33.50369978858964
1.0899999999999999 33.52197195026231
1.0999999999999996 33.51462913737564
1.1099999999999994 33.53651176434228
1.120000000000001 33.587484199568706
1.129999999999999 33.66606104587232
1.1400000000000006 33.62902217796777
1.1499999999999986 33.697167809832024
1.1600000000000001 33.725228091514225
1.1699999999999982 33.74662205983056
1.1799999999999997 33.7094050041771
1.1899999999999977 33.761201445750785
1.1999999999999993 33.78875912557022
1.2100000000000009 33.800441627130155
1.2199999999999989 33.834186706692435
1.2300000000000004 33.727337085280915
1.2399999999999984 33.81489467657762
1.25 33.860303157041265
1.259999999999998 33.77268708241181
1.2699999999999996 33.81208210741558
1.2800000000000011 33.876641706952995
1.2899999999999991 33.81169188803182
1.3000000000000007 33.986872807146966
1.3099999999999987 33.95038761574753
1.3200000000000003 34.022490947041405
1.3299999999999983 34.03846461877506
1.3399999999999999 34.038486203792786
1.3499999999999979 34.023121095394764
1.3599999999999994 34.00015355673092
1.370000000000001 34.095324639580056
1.379999999999999 34.1020794346433
1.3900000000000006 34.145203552572255
1.3999999999999986 34.189469769587625
1.4100000000000001 34.20469549764899
1.4199999999999982 34.26393870407213
1.4299999999999997 34.265341358154785
1.4399999999999977 34.26291274893184
1.4499999999999993 34.25853453680055
1.4600000000000009 34.37198735696313
1.4699999999999989 34.36391131697383
1.4800000000000004 34.40401775596354
1.4899999999999984 34.50076652117548
1.5 34.48117319670419
1.509999999999998 34.49324417898225
1.5199999999999996 34.51028063925511
1.5300000000000011 34.57421745469232
1.5399999999999991 34.5165950831239
1.5500000000000007 34.55575158689668
1.5599999999999987 34.47351428935716
1.5700000000000003 34.48348172756331
1.5799999999999983 34.522762118480244
1.5899999999999999 34.53746820999738
1.5999999999999979 34.56763975840824
1.6099999999999994 34.52905431440156
1.620000000000001 34.5393785501583
1.629999999999999 34.57954754033467
1.6400000000000006 34.622252388823824
1.6499999999999986 34.59678061429875
1.6600000000000001 34.75019871097147
1.6699999999999982 34.79243424184378
1.6799999999999997 34.83544900971099
1.6899999999999977 34.76014037332433
1.6999999999999993 34.85305417960831
1.7100000000000009 34.8160816073645
1.7199999999999989 34.798284399731685
1.7300000000000004 34.88164336252589
1.7399999999999984 34.87010480497869
1.75 34.876015358403244
1.759999999999998 34.90362477250353
1.7699999999999996 34.973931830142824
1.7800000000000011 35.027510122601846
1.7899999999999991 35.04544080253468
1.8000000000000007 35.055574338239055
1.8099999999999987 35.07147295208365
1.8200000000000003 35.09816232715721
1.8299999999999983 35.12954023286085
1.8399999999999999 35.22088220919154
1.8499999999999979 35.200598398120036
1.8599999999999994 35.26354572948809
1.870000000000001 35.28793378949268
1.879999999999999 35.33521684579007
1.8900000000000006 35.47412500390229
1.8999999999999986 35.4245979299519
1.9100000000000001 35.42588702290923
1.9199999999999982 35.464033771068536
1.9299999999999997 35.473754560188084
1.9399999999999977 35.60362349349101
1.9499999999999993 35.498744867127094
1.9600000000000009 35.499403778413665
1.9699999999999989 35.64403030125565
1.9800000000000004 35.76359276577695
1.9899999999999984 35.709729730126845
2.0 35.76286605720546
2.009999999999998 35.80094162515998
2.0199999999999996 35.88904225193738
2.030000000000001 35.96700125975432
2.039999999999999 35.98999098230857
2.0500000000000007 35.94694239134122
2.0599999999999987 36.016688022425484
2.0700000000000003 35.963496913085855
2.0799999999999983 36.08184541782132
2.09 36.071403614903325
2.099999999999998 36.10219768543874
2.1099999999999994 36.05947906759704
2.120000000000001 36.04908912891711
2.129999999999999 36.042799816698675
2.1400000000000006 36.11877455539382
2.1499999999999986 36.13365267454354
2.16 36.07626750422838
2.169999999999998 36.064683640294945
2.1799999999999997 36.08847800822047
2.1899999999999977 35.99109718567767
2.1999999999999993 35.9103024030605
2.210000000000001 35.80554565801497
2.219999999999999 35.71479298591839
2.2300000000000004 35.60877083017563
2.2399999999999984 35.37582745926429
2.25 35.25807127394087
2.259999999999998 35.15658211359812
2.2699999999999996 34.89109788369525
2.280000000000001 34.68014352926183
2.289999999999999 34.48292676656847
2.3000000000000007 34.32221912568554
2.3099999999999987 34.10253996594476
2.3200000000000003 33.87632653526506
2.3299999999999983 33.66071999881348
2.34 33.442673911117836
2.349999999999998 33.189627377071496
2.3599999999999994 32.96909562866798
2.370000000000001 32.67365393471322
2.379999999999999 32.4879392113841
2.3900000000000006 32.21380659563735
2.3999999999999986 32.02995570108905
2.41 31.769816716193652
2.419999999999998 31.542438278094743
2.4299999999999997 31.256839794940962
2.4399999999999977 31.092606221468667
2.4499999999999993 30.885258839206102
2.460000000000001 30.654455121298035
2.469999999999999 30.402844231004583
2.4800000000000004 30.346276297551114
2.4899999999999984 30.099805038550286
2.5 29.950111241838897
2.509999999999998 29.804088961047725
2.5199999999999996 29.61121927311079
2.530000000000001 29.551108034109454
2.539999999999999 29.412709878582074
2.5500000000000007 29.324126433693866
2.5599999999999987 29.19012451783817
2.5700000000000003 29.090525227602186
2.5799999999999983 29.00154716497796
2.59 28.723438677842985
2.599999999999998 28.126408049732802
2.6099999999999994 27.791587505646085
2.620000000000001 27.837465112885656
2.629999999999999 29.000007118236752
2.6400000000000006 28.88081622881166
2.6499999999999986 27.926340866018013
2.66 27.93666639038829
2.669999999999998 27.908306844125036
2.6799999999999997 28.030068279198964
2.6899999999999977 28.106679812624925
2.6999999999999993 28.24789959741988
2.710000000000001 28.25170769688843
2.719999999999999 28.364341654816805
2.7300000000000004 28.380022458433977
2.7399999999999984 28.515532251631107
2.75 28.637673360229392
2.759999999999998 28.78205694463721
2.7699999999999996 28.81525585018847
2.780000000000001 28.923595884741324
2.789999999999999 29.048942326755636
2.8000000000000007 29.294544981553585
2.8099999999999987 29.349393545549677
2.8200000000000003 29.925100998208194
2.8299999999999983 29.628687029151486
2.84 29.7698070729278
2.849999999999998 29.978494721938755
2.8599999999999994 30.175655950903625
2.870000000000001 30.371646773417705
2.879999999999999 30.893009441616208
2.8900000000000006 30.647390713616673
2.8999999999999986 30.799798322994036
2.91 31.061253642589463
2.919999999999998 31.251839704100927
2.9299999999999997 31.764075624391076
2.9399999999999977 31.662193970481884
2.9499999999999993 31.95716287171183
2.960000000000001 32.44399633608269
2.969999999999999 32.44462041111659
2.9800000000000004 32.698978657005306
2.9899999999999984 32.9268383049554
3.0 33.43868031862803
3.009999999999998 33.7044047033919
3.0199999999999996 33.776203779895525
3.030000000000001 34.16382222155319
3.039999999999999 34.47091382794381
3.0500000000000007 34.74533727299825
3.0599999999999987 35.35193018114704
3.0700000000000003 35.44787474607057
3.0799999999999983 35.94736055176378
3.09 36.247670531307676
3.099999999999998 36.45584129153819
3.1099999999999994 36.83619937422948
3.120000000000001 37.23327103498279
3.129999999999999 37.61637666435247
3.1400000000000006 38.12278511975899
3.1499999999999986 38.42779928406408
3.16 38.86172769944679
3.169999999999998 39.311582332277574
3.1799999999999997 39.74450148999273
3.1899999999999977 40.19971755780854
3.1999999999999993 40.74298442512786
3.210000000000001 41.230439834276496
3.219999999999999 41.60070798260927
3.2300000000000004 42.04963987190373
3.2399999999999984 42.48950514387556
3.25 43.0157894364674
3.259999999999998 43.47455862646059
3.2699999999999996 43.93295803835082
3.280000000000001 44.47261782362104
3.289999999999999 44.99865932427636
3.3000000000000007 45.50814889873131
3.3099999999999987 46.03030046398936
3.3200000000000003 46.619339409731715
3.3299999999999983 47.106840544926925
3.34 47.66191514958135
3.349999999999998 48.23416785654641
3.3599999999999994 48.72967746674868
3.370000000000001 49.315937474366635
3.379999999999999 49.83628393221315
3.3900000000000006 50.41770641712722
3.3999999999999986 50.98379143291273
3.41 51.58897401253705
3.419999999999998 52.14711618733271
3.4299999999999997 52.77171392831879
3.4399999999999977 53.37264336777578
3.4499999999999993 53.9672055292709
3.460000000000001 54.56010558453056
3.469999999999999 55.205042287618205
3.4800000000000004 55.84102605928106
3.4899999999999984 56.52824891295401
3.5 57.209857786471645
3.509999999999998 57.85102430775905
3.5199999999999996 58.48078509869737
3.530000000000001 59.025629021106965
3.539999999999999 59.673040684781256
3.5500000000000007 60.346603745969425
3.5599999999999987 60.93646830924261
3.5700000000000003 61.7399702475172
3.5799999999999983 62.393928507209125
3.59 63.09302948353523
3.599999999999998 63.78782612684961
3.6099999999999994 64.5090727181661
3.620000000000001 65.27112044542564
3.629999999999999 66.04101688309873
3.6400000000000006 66.77245878891115
3.6499999999999986 67.55178744454855
3.66 68.34179876691609
3.669999999999998 69.0296094175541
3.6799999999999997 69.83909656330647
3.6899999999999977 70.63275816558466
3.6999999999999993 71.37185300578292
3.710000000000001 72.1720695029698
3.719999999999999 72.9870940722092
3.7300000000000004 73.75490276427948
3.7399999999999984 74.58271264232502
3.75 75.3847850195477
3.759999999999998 76.22817970582065
3.7699999999999996 77.05766425671976
3.780000000000001 77.902228551142
3.789999999999999 78.73609722754463
3.8000000000000007 79.57167431687162
3.8099999999999987 80.38947809600833
3.8200000000000003 81.24642864691289
3.8299999999999983 82.05434751594407
3.84 82.89661912199091
3.849999999999998 83.75762503830993
3.8599999999999994 84.64690314432775
3.870000000000001 85.48505341878425
3.879999999999999 86.41825742514624
3.8900000000000006 87.29259241942242
3.8999999999999986 88.17905616943709
3.91 89.1304682094993
3.919999999999998 90.11172996096391
3.9299999999999997 91.03135106297847
3.9399999999999977 92.04681663938078
3.9499999999999993 93.01707400550775
3.960000000000001 93.82200695592786
3.969999999999999 94.88901337867551
3.9800000000000004 95.76748616806405
3.9899999999999984 96.72375418527238
4.0 97.70960289649328
4.009999999999998 98.7635138432186
4.02 99.696715874693
4.030000000000001 100.7286823881986
4.039999999999999 101.73654959639953
4.050000000000001 102.79870982891427
4.059999999999999 103.80055765090759
4.07 104.91369106544067
4.079999999999998 105.96664952188377
4.09 107.0187381964142
4.099999999999998 108.10180133957388
4.109999999999999 109.18917989341364
4.120000000000001 110.19171300878509
4.129999999999999 111.33446261639938
4.140000000000001 112.46438655767781
4.149999999999999 113.58972843473772
4.16 114.70325147560169
4.169999999999998 115.85455299384616
4.18 117.01181402987868
4.189999999999998 118.18204594805529
4.199999999999999 119.32568444615096
4.210000000000001 120.49724633107591
4.219999999999999 121.6936576584168
4.23 122.93425500438588
4.239999999999998 124.09900627217793
4.25 125.34866353157153
4.259999999999998 126.5655945779575
4.27 127.79403157190269
4.280000000000001 128.98724591709748
4.289999999999999 130.2973812735335
4.300000000000001 131.54695187779498
4.309999999999999 132.8104147862269
4.32 134.06823420158833
4.329999999999998 135.33322138477695
4.34 136.654532039382
4.349999999999998 137.8796893880691
4.359999999999999 139.20528780077282
4.370000000000001 140.48841122371135
4.379999999999999 141.85307988050917
4.390000000000001 143.16707809445091
4.399999999999999 144.45980217819823
4.41 145.7108455290129
4.419999999999998 147.0279351368237
4.43 148.3670772108406
4.439999999999998 149.59503265556896
4.449999999999999 150.71805771894975
4.460000000000001 151.80857558500492
4.469999999999999 152.77854873675267
4.48 153.80262197328483
4.489999999999998 154.5287269449118
4.5 155.36976025683498
4.509999999999998 155.9706123591492
4.52 156.51137527457158
4.530000000000001 156.88506120516902
4.539999999999999 157.06104835530965
4.550000000000001 157.1028919456249
4.559999999999999 156.89562574620822
4.57 156.5129494722858
4.579999999999998 155.9156894842638
4.59 155.12961463989802
4.599999999999998 154.15983194654694
4.609999999999999 152.97944641355122
4.620000000000001 151.70539929961552
4.629999999999999 150.22741054110804
4.640000000000001 148.5844296388305
4.649999999999999 146.91942171276446
4.66 145.07929680923326
4.669999999999998 143.32217876958245
4.68 141.40944753366935
4.689999999999998 139.51804256667046
4.699999999999999 137.50190359284244
4.710000000000001 135.47613096885885
4.719999999999999 133.56915112351032
4.73 131.68032498168174
4.739999999999998 129.90642258176211
4.75 128.16857242906732
4.759999999999998 126.53689876370849
4.77 124.88704379313997
4.780000000000001 123.33102015201392
4.789999999999999 121.78980427949013
4.800000000000001 120.2186859489198
4.809999999999999 118.6739679164925
4.82 117.10686107974875
4.829999999999998 115.61401657943057
4.84 114.14370996280539
4.849999999999998 112.44517000643134
4.859999999999999 110.93492824685856
4.870000000000001 109.42395897163729
4.879999999999999 107.89484590727908
4.890000000000001 106.46020649521046
4.899999999999999 104.94717923493938
4.91 103.4122122665141
4.919999999999998 101.91568078424237
4.93 100.47118911142567
4.939999999999998 99.02672992286148
4.949999999999999 97.65997539077915
4.960000000000001 96.30784385875796
4.969999999999999 94.9800115090892
4.98 93.67095267589508
4.989999999999998 92.41577387589174
5.0 91.19420656146004
5.009999999999998 89.9629576596957
5.02 88.77532054859921
5.030000000000001 87.6214779479686
5.039999999999999 86.45884447903065
5.050000000000001 85.38926952701962
5.059999999999999 84.26790799362254
5.07 83.09790791016728
5.079999999999998 82.09402411824605
5.09 81.05264079925502
5.099999999999998 80.01560723649509
5.109999999999999 79.00987384362249
5.120000000000001 78.00391359587194
5.129999999999999 77.0376764324731
5.140000000000001 76.04637076519819
5.149999999999999 75.14041984493454
5.16 74.21464056494592
5.169999999999998 73.27728435099185
5.18 72.4344163539991
5.189999999999998 71.56342781861139
5.199999999999999 70.60673557659808
5.210000000000001 69.84183627299689
5.219999999999999 69.02205744506679
5.23 68.14287406661077
5.239999999999998 67.29224198045634
5.25 66.48422872135137
5.259999999999998 65.71546111119684
5.27 64.99187525579401
5.280000000000001 64.14831864427745
5.289999999999999 63.36982855281827
5.300000000000001 62.691283970768716
5.309999999999999 61.95965465869115
5.32 61.251412612744325
5.329999999999998 60.543062035651396
5.34 59.90938822775971
5.349999999999998 59.188091994621445
5.359999999999999 58.495193882992126
5.370000000000001 57.8225113713659
5.379999999999999 57.20846373330033
5.390000000000001 56.50280450067204
5.399999999999999 55.855174347104864
5.41 55.173790009417374
5.419999999999998 54.58450884310413
5.43 53.94845448171308
5.439999999999998 53.3352855091411
5.449999999999999 52.67145893851638
5.460000000000001 52.05946008091064
5.469999999999999 51.48085834277809
5.48 50.85056362366372
5.489999999999998 50.20958822934281
5.5 49.675237913054076
5.509999999999998 49.05731678678836
5.52 48.57771842530576
5.530000000000001 48.033635868508426
5.539999999999999 47.47378376522904
5.550000000000001 46.95092399284907
5.559999999999999 46.359879976524454
5.57 45.8805626143665
5.579999999999998 45.322437513359866
5.59 44.89896281184503
5.599999999999998 44.407097016558396
5.609999999999999 43.79137767140297
5.620000000000001 43.22732584593554
5.629999999999999 42.69634115099126
5.640000000000001 42.075783772957415
5.649999999999999 41.58380279925468
5.66 41.04276724662277
5.669999999999998 40.47899669936112
5.68 39.99429874528457
5.689999999999998 39.55584138656726
5.699999999999999 39.172523936607625
5.710000000000001 38.70578366220852
5.719999999999999 38.18815760965645
5.73 37.752035402689536
5.739999999999998 37.193967769155776
5.75 36.79044422768931
5.759999999999998 36.332249586589676
5.77 35.86612387101698
5.780000000000001 35.48082620662817
5.789999999999999 35.01197688509949
5.800000000000001 34.655499414258585
5.809999999999999 34.17512616485095
5.82 33.709668222316
5.829999999999998 33.32203011097134
5.84 32.98551763662934
5.849999999999998 32.48711984575232
5.859999999999999 32.09622700132647
5.870000000000001 31.633468873451562
5.879999999999999 31.21884839581456
5.890000000000001 30.78338259284746
5.899999999999999 30.401869556088954
5.91 30.0033318339646
5.919999999999998 29.58513811171419
5.93 29.125293840477703
5.939999999999998 28.68833460431742
5.949999999999999 28.346700762705638
5.960000000000001 27.993216170637567
5.969999999999999 27.575384944761332
5.98 27.136288966205942
5.989999999999998 26.75090843887268
6.0 26.343452135643055
6.009999999999998 25.949761763003075
6.02 25.678737497331255
6.030000000000001 25.308561906772965
6.039999999999999 24.927532268624464
6.050000000000001 24.493727250794965
6.059999999999999 24.122116739013123
6.07 23.710486214667736
6.079999999999998 23.353922476987346
6.09 23.024972231958188
6.099999999999998 22.714673350134508
6.109999999999999 22.35519290697107
6.120000000000001 22.03378524652707
6.129999999999999 21.637339755633246
6.140000000000001 21.339545968189725
6.149999999999999 20.918977288770833
6.16 20.607279980542128
6.169999999999998 20.281393659697063
6.18 19.966323328562957
6.189999999999998 19.67437774543462
6.199999999999999 19.401455875460083
6.210000000000001 19.056575579725454
6.219999999999999 18.708348704375485
6.23 18.392245795843863
6.239999999999998 18.120608766854
6.25 17.831263421204632
6.259999999999998 17.54559578259758
6.27 17.321246118731565
6.280000000000001 17.087534622438795
6.289999999999999 16.83322583131678
6.300000000000001 16.548651925179655
6.309999999999999 16.271628682841644
6.32 16.027850029296445
6.329999999999998 15.7272097938024
6.34 15.48956918106218
6.349999999999998 15.311523517219815
6.359999999999999 15.118198054178853
6.370000000000001 14.95197736838816
6.379999999999999 14.837096683384502
6.390000000000001 14.611089944161023
6.399999999999999 14.537199812574412
6.41 14.38887511834713
6.419999999999998 14.269816458171471
6.43 14.04615050606278
6.439999999999998 13.9649960764134
6.449999999999999 13.860201842198332
6.460000000000001 13.760447173928053
6.469999999999999 13.667034359144997
6.48 13.642364419347203
6.489999999999998 13.603053854053698
6.5 13.532372355989112
6.509999999999998 13.520457000344704
6.52 13.555476752474409
6.530000000000001 13.564627398674943
6.539999999999999 13.53953145960504
6.550000000000001 13.562621408192527
6.559999999999999 13.642968062678383
6.57 13.644987231898739
6.579999999999998 13.731239573552699
6.59 13.882744120280126
6.599999999999998 13.943261255639214
6.609999999999999 14.043204899415327
6.620000000000001 14.128652499659182
6.629999999999999 14.240400614323367
6.640000000000001 14.353773465452589
6.649999999999999 14.507470083777068
6.66 14.623648591870984
6.669999999999998 14.779295415798364
6.68 15.003343014464402
6.689999999999998 15.221854252779782
6.699999999999999 15.414936055111061
6.710000000000001 15.588974351033418
6.719999999999999 15.793657293673206
6.73 16.02011517230256
6.739999999999998 16.185212047097203
6.75 16.44723164778432
6.759999999999998 16.684124846637246
6.77 16.884773477827792
6.780000000000001 17.17850485337126
6.789999999999999 17.428106180099043
6.800000000000001 17.61256074040238
6.809999999999999 17.935640311550596
6.82 18.195805595826272
6.829999999999998 18.43125825967197
6.84 18.75708588287305
6.849999999999998 18.914113443981595
6.859999999999999 19.219524362707705
6.870000000000001 19.4532741901461
6.879999999999999 19.78356252452007
6.890000000000001 20.002960615832485
6.899999999999999 20.213616788853543
6.91 20.16876920556067
6.919999999999998 20.7479908909055
6.93 20.964953584486373
6.939999999999998 20.845043493748694
6.949999999999999 21.06235096927275
6.960000000000001 21.783198878757844
6.969999999999999 21.69641926382007
6.98 21.864259421835172
6.989999999999998 22.177335693204114
7.0 22.44562910429567
7.009999999999998 22.776955159419092
7.02 23.01160964397841
7.030000000000001 23.149794470600874
7.039999999999999 23.434733258571733
7.050000000000001 23.73213171891167
7.059999999999999 23.938339018603624
7.07 24.151372097304098
7.079999999999998 24.337515856840177
7.09 24.68409463826096
7.099999999999998 24.952989560276283
7.109999999999999 25.23094643148311
7.120000000000001 25.41540678282625
7.129999999999999 25.61632792868944
7.140000000000001 25.771358682055748
7.149999999999999 26.06476628467358
7.16 26.22261619432482
7.169999999999998 26.429811089557198
7.18 26.592578444738447
7.189999999999998 26.829202839945914
7.199999999999999 27.08190497565527
7.210000000000001 27.35865940507476
7.219999999999999 27.454194541224457
7.23 27.627872280836858
7.239999999999998 27.934762373284777
7.25 28.137801280513564
7.259999999999998 28.293023725742515
7.27 28.38891541401287
7.280000000000001 28.53822082948247
7.289999999999999 28.694544564460344
7.300000000000001 28.848814927801463
7.309999999999999 29.018222467216102
7.32 29.16028460830111
7.329999999999998 29.346303223844068
7.34 29.445363219794686
7.349999999999998 29.575243015578014
7.359999999999999 29.66925009549672
7.370000000000001 29.749950370893046
7.379999999999999 29.813601205086822
7.390000000000001 29.93569106963848
7.399999999999999 30.042074398026593
7.41 30.15607769745646
7.419999999999998 30.237391550426697
7.43 30.333793978661838
7.439999999999998 30.410841893400622
7.449999999999999 30.487915071604426
7.460000000000001 30.53784859324346
7.469999999999999 30.632511813877677
7.48 30.625763943359733
7.489999999999998 30.666266058919863
7.5 30.703291868981772
7.509999999999998 30.816433977691617
7.52 30.932401219997157
7.530000000000001 30.919934589775714
7.539999999999999 31.013007597401174
7.550000000000001 31.073314724026496
7.559999999999999 31.063565303647295
7.57 31.117828132023327
7.579999999999998 29.346472068639255
7.59 31.216887961995557
7.599999999999998 29.39865148673995
7.609999999999999 29.371443894743376
7.620000000000001 31.2530607037466
7.629999999999999 31.20516414106855
7.640000000000001 31.18893670238655
7.649999999999999 31.54181969997468
7.66 31.247315013733882
7.669999999999998 31.660183199172767
7.68 31.179433920914608
7.689999999999998 31.582870469757964
7.699999999999999 31.486571944374887
7.710000000000001 31.48544386192016
7.719999999999999 31.478621925801228
7.73 31.365442606550786
7.739999999999998 31.42895467609803
7.75 31.42118357034407
7.759999999999998 31.371822355925428
7.77 31.28814026945883
7.780000000000001 31.25134601284033
7.789999999999999 31.217856645963483
7.800000000000001 31.192779397759562
7.809999999999999 31.145927794552993
7.82 31.092096510444065
7.829999999999998 30.977933420822346
7.84 30.805221550044532
7.849999999999998 30.432463935726897
7.859999999999999 30.308003550597526
7.870000000000001 30.186733138823254
7.879999999999999 30.155321595264503
7.890000000000001 30.0637097759167
7.899999999999999 30.40445319307068
7.91 29.874415520431533
7.919999999999998 29.80118808484949
7.93 29.697913783180283
7.939999999999998 29.924500398726618
7.949999999999999 29.900219338171826
7.960000000000001 29.72261204292663
7.969999999999999 29.570737858410514
7.98 29.4796829780053
7.989999999999998 29.34562891172617
8.0 28.78722633124743
8.009999999999998 28.668999539506625
8.02 28.49557299678481
8.030000000000001 28.331192876481175
8.04 28.166520940462398
8.05 28.026537300763714
8.059999999999999 27.90971144280249
8.07 27.78107419052685
8.079999999999998 27.624237215069293
8.09 27.524583397597645
8.099999999999998 27.451627614964828
8.11 27.295350898166536
8.120000000000001 27.135353566994155
8.129999999999999 26.994602715700843
8.14 26.91853634517124
8.149999999999999 26.859569396751546
8.16 26.636894117273712
8.169999999999998 26.539079583515893
8.18 26.5055988885481
8.189999999999998 26.292181509922656
8.2 26.01533531775964
8.21 25.809961890699253
8.219999999999999 25.695724456935764
8.23 25.625882026317257
8.239999999999998 25.54561262831748
8.25 25.275560151844928
8.259999999999998 25.213493458306804
8.27 25.075411013205198
8.280000000000001 24.970674625675855
8.29 24.74932142808684
8.3 24.746304516114087
8.309999999999999 24.52439779464111
8.32 24.34868375633144
8.329999999999998 24.285445906568725
8.34 24.076932695278234
8.349999999999998 23.946727812662527
8.36 23.87722033433863
8.370000000000001 23.743970527512197
8.379999999999999 23.61161619591914
8.39 23.63839022334112
8.399999999999999 22.241964778987406
8.41 22.12523209043112
8.419999999999998 22.002552274492338
8.43 21.870451950449333
8.439999999999998 21.766140729137213
8.45 21.688312673776263
8.46 21.57868174146413
8.469999999999999 21.542516761959394
8.48 21.401444599364286
8.489999999999998 21.25238256254101
8.5 21.174092840042643
8.509999999999998 21.136742845888772
8.52 21.107686075209866
8.530000000000001 20.979984029455917
8.54 20.914803818167904
8.55 20.843716969985167
8.559999999999999 20.757999761234444
8.57 20.701300510544787
8.579999999999998 20.611870464312275
8.59 20.585917162168514
8.599999999999998 20.613734273149262
8.61 21.573990502580152
8.620000000000001 21.491225299419114
8.629999999999999 21.417310316995504
8.64 21.40163983192704
8.649999999999999 21.309700769745504
8.66 21.324218976801966
8.669999999999998 21.242638824360572
8.68 21.2504549320107
8.689999999999998 21.18415191372097
8.7 21.14867361087508
8.71 21.13245285367944
8.719999999999999 21.13493650517283
8.73 21.15263156342228
8.739999999999998 21.14894068389058
8.75 21.16842639443732
8.759999999999998 21.164048479746285
8.77 21.180664460135205
8.780000000000001 21.147408547801184
8.79 21.146833913216824
8.8 21.179002710731773
8.809999999999999 21.18783362691198
8.82 21.173040733966126
8.829999999999998 21.190348691646236
8.84 21.23755460295279
8.849999999999998 21.279682512546053
8.86 21.262873544701318
8.870000000000001 21.364812569971306
8.879999999999999 21.514457620692912
8.89 21.474734558428985
8.899999999999999 21.561015605545183
8.91 21.620331817910724
8.919999999999998 21.602733342357272
8.93 21.711770163002694
8.939999999999998 21.76317465135445
8.95 21.81641837549455
8.96 21.99005691453783
8.969999999999999 21.911111460314757
8.98 21.968216498039283
8.989999999999998 22.06660739166565
9.0 22.05974677074847
9.009999999999998 22.15398904378832
9.02 22.254266949035678
9.030000000000001 22.381610569659415
9.04 22.41535845492848
9.05 22.563277942285048
9.059999999999999 22.69128857427379
9.07 22.7402811351867
9.079999999999998 22.856416809345028
9.09 22.870402076042467
9.099999999999998 22.070043072767316
9.11 22.177845901582693
9.120000000000001 22.160632833843557
9.129999999999999 22.23634575842898
9.14 22.298382749514072
9.149999999999999 22.369875078031306
9.16 22.38101581271795
9.169999999999998 22.584401761279526
9.18 22.669061694389175
9.189999999999998 22.7459920365543
9.2 21.927719806444486
9.21 23.27957951857862
9.219999999999999 24.16391645826491
9.23 23.47583524228194
9.239999999999998 23.54922110083324
9.25 23.64324841666549
9.259999999999998 23.755656412607248
9.27 24.77676230613075
9.280000000000001 24.823317407478747
9.29 25.02178291146799
9.3 25.000752025458272
9.309999999999999 25.09756192858444
9.32 25.216259878012668
9.329999999999998 25.335983978394502
9.34 25.55567587296916
9.349999999999998 25.668578319997998
9.36 25.636185802382542
9.370000000000001 25.74914536246059
9.379999999999999 25.853566518314416
9.39 26.022701150247947
9.399999999999999 26.251529118517766
9.41 26.23180380360154
9.419999999999998 26.310513577949763
9.43 26.47302282100787
9.439999999999998 26.577602079572877
9.45 26.79659898084649
9.46 26.91311892936183
9.469999999999999 26.705931519238323
9.48 26.77827137452733
9.489999999999998 26.906661477691728
9.5 27.138524031427174
9.509999999999998 27.270066556557747
9.52 27.19659631181969
9.530000000000001 27.372445154944465
9.54 27.51054250446495
9.55 26.48945377518241
9.559999999999999 26.63934146510551
9.57 27.743121222001502
9.579999999999998 26.61879800852354
9.59 26.700027184035857
9.599999999999998 26.83938484747261
