%x y
0.0 11.69149662954332
0.009999999999999787 11.667733245388703
0.019999999999999574 11.640112832803549
0.02999999999999936 11.638022600394532
0.03999999999999915 11.633006630196599
0.049999999999998934 11.66276254749079
0.05999999999999872 11.641452020389526
0.07000000000000028 11.6630899908574
0.08000000000000007 11.66422814676675
0.08999999999999986 11.689547239263192
0.09999999999999964 11.696914788733142
0.10999999999999943 11.752778957765958
0.11999999999999922 11.714302371929982
0.129999999999999 11.730870753596772
0.1399999999999988 11.743197445503615
0.14999999999999858 11.750728232251513
0.16000000000000014 11.761971926075141
0.16999999999999993 11.725755698164374
0.17999999999999972 11.742987602953232
0.1899999999999995 11.752294494278166
0.1999999999999993 11.784737119859667
0.20999999999999908 11.742123983748627
0.21999999999999886 11.761012102280423
0.22999999999999865 11.742681552160857
0.2400000000000002 11.738734069844565
0.25 11.772322099499238
0.2599999999999998 11.799703496673567
0.2699999999999996 11.789820203099033
0.27999999999999936 11.76740918130601
0.28999999999999915 11.777448405497452
0.29999999999999893 11.796180702220953
0.3099999999999987 11.807703289905632
0.3200000000000003 11.870490730513476
0.33000000000000007 11.807222323278687
0.33999999999999986 11.818361689461295
0.34999999999999964 11.842075659118743
0.35999999999999943 11.84767538978359
0.3699999999999992 11.856542975935195
0.379999999999999 11.838704914602495
0.3899999999999988 11.820848726176454
0.3999999999999986 11.839716717277982
0.41000000000000014 11.81797159850389
0.41999999999999993 11.844777838949055
0.4299999999999997 11.810001432142395
0.4399999999999995 11.804186015388503
0.4499999999999993 11.827316580933434
0.4599999999999991 11.841163125231134
0.46999999999999886 11.838012401559087
0.47999999999999865 11.85962780003856
0.4900000000000002 11.880475783807295
0.5 11.849639213337948
0.5099999999999998 11.84900244078146
0.5199999999999996 11.87615917782172
0.5299999999999994 11.878363755302395
0.5399999999999991 11.905875060989654
0.5499999999999989 11.832367786584442
0.5599999999999987 11.867119092469586
0.5700000000000003 11.851188882044042
0.5800000000000001 11.835902015982846
0.5899999999999999 11.846686672623282
0.5999999999999996 11.83774154336003
0.6099999999999994 11.834673770824182
0.6199999999999992 11.83160532413368
0.629999999999999 11.835658532436149
0.6399999999999988 11.84779021737374
0.6499999999999986 11.846907352136384
0.6600000000000001 11.811132427922445
0.6699999999999999 11.815632584636756
0.6799999999999997 11.86303710120816
0.6899999999999995 11.875674233668844
0.6999999999999993 11.914653171277543
0.7099999999999991 11.89196586810397
0.7199999999999989 11.904440264117905
0.7299999999999986 11.848511059845052
0.7400000000000002 11.807665351938162
0.75 11.829584358719337
0.7599999999999998 11.813159743720725
0.7699999999999996 11.717674589089889
0.7799999999999994 11.796078055153458
0.7899999999999991 11.78056318890723
0.7999999999999989 11.783706360885981
0.8099999999999987 11.80934809574443
0.8200000000000003 11.80285082939428
0.8300000000000001 11.765741768922481
0.8399999999999999 11.775604217032454
0.8499999999999996 11.73906241812946
0.8599999999999994 11.800119313731503
0.8699999999999992 11.822034270505263
0.879999999999999 11.905703860996253
0.8899999999999988 11.775488218837399
0.8999999999999986 11.76653236639851
0.9100000000000001 11.773589794247032
0.9199999999999999 11.803380563830723
0.9299999999999997 11.783566383203171
0.9399999999999995 11.733230590782512
0.9499999999999993 11.74399030359778
0.9599999999999991 11.820759390157082
0.9699999999999989 11.760821478998395
0.9799999999999986 11.70445912894673
0.9900000000000002 11.688844374009545
1.0 11.671156199682974
1.0099999999999998 11.736603378142327
1.0199999999999996 11.682326388094985
1.0299999999999994 11.705143637401466
1.0399999999999991 11.75190612781118
1.049999999999999 11.727529614172315
1.0599999999999987 11.6785967953037
1.0700000000000003 11.712591493303991
1.08 11.722034008207974
1.0899999999999999 11.697147805120288
1.0999999999999996 11.663200759287704
1.1099999999999994 11.686093783297022
1.120000000000001 11.705753067483027
1.129999999999999 11.763818152649588
1.1400000000000006 11.723368218656143
1.1499999999999986 11.7209249545466
1.1600000000000001 11.678683520809448
1.1699999999999982 11.70604217264423
1.1799999999999997 11.675574441110948
1.1899999999999977 11.703935356674847
1.1999999999999993 11.768464592521022
1.2100000000000009 11.733891163563062
1.2199999999999989 11.782036244419029
1.2300000000000004 11.7641335048151
1.2399999999999984 11.777539698804022
1.25 11.76209474658814
1.259999999999998 11.719553346242018
1.2699999999999996 11.750521585640302
1.2800000000000011 11.80514648207953
1.2899999999999991 11.758871313819942
1.3000000000000007 11.898008082582777
1.3099999999999987 11.77617142397358
1.3200000000000003 11.762324541852966
1.3299999999999983 11.748356937377679
1.3399999999999999 11.737223513732125
1.3499999999999979 11.722230065510937
1.3599999999999994 11.701345475650346
1.370000000000001 11.694792708488654
1.379999999999999 11.763709678374923
1.3900000000000006 11.760547612384867
1.3999999999999986 11.767341135496345
1.4100000000000001 11.80975905981713
1.4199999999999982 11.828381335747565
1.4299999999999997 11.837248222112713
1.4399999999999977 11.814575410330685
1.4499999999999993 11.799657057362827
1.4600000000000009 11.814367634347242
1.4699999999999989 11.775087858092089
1.4800000000000004 11.779052291058338
1.4899999999999984 11.811487647988017
1.5 11.795136815192878
1.509999999999998 11.810128284013613
1.5199999999999996 11.785469621230014
1.5300000000000011 11.825828219610372
1.5399999999999991 11.821455559788305
1.5500000000000007 11.836783604040388
1.5599999999999987 11.811801176498463
1.5700000000000003 11.826804561418754
1.5799999999999983 11.776832754281696
1.5899999999999999 11.748438782358566
1.5999999999999979 11.743375061694032
1.6099999999999994 11.71602810108184
1.620000000000001 11.728699251273508
1.629999999999999 11.668073723812574
1.6400000000000006 11.753688655716978
1.6499999999999986 11.65728437728997
1.6600000000000001 11.779129824126429
1.6699999999999982 11.820403244923362
1.6799999999999997 11.81949643018158
1.6899999999999977 11.74681942093768
1.6999999999999993 11.815398476471524
1.7100000000000009 11.817305968416445
1.7199999999999989 11.795390187880965
1.7300000000000004 11.81491358658964
1.7399999999999984 11.77630662789074
1.75 11.767536928132547
1.759999999999998 11.768793920848475
1.7699999999999996 11.799244286445724
1.7800000000000011 11.832512051805239
1.7899999999999991 11.829477184359053
1.8000000000000007 11.840719333203365
1.8099999999999987 11.831985431647203
1.8200000000000003 11.8030674427305
1.8299999999999983 11.818281276076466
1.8399999999999999 11.795509963993771
1.8499999999999979 11.759440196218591
1.8599999999999994 11.777851344304661
1.870000000000001 11.780089621512236
1.879999999999999 11.807928539851307
1.8900000000000006 11.8358677599019
1.8999999999999986 11.77043272051564
1.9100000000000001 11.780637858053279
1.9199999999999982 11.776097234754848
1.9299999999999997 11.753123361543132
1.9399999999999977 11.78686657294084
1.9499999999999993 11.70364138695525
1.9600000000000009 11.677596468102823
1.9699999999999989 11.709325920544934
1.9800000000000004 11.760206699750935
1.9899999999999984 11.742336904118428
2.0 11.719247927897325
2.009999999999998 11.73550201881123
2.0199999999999996 11.756017082946748
2.030000000000001 11.803939082898802
2.039999999999999 11.77486226677275
2.0500000000000007 11.715666321962587
2.0599999999999987 11.720136658421326
2.0700000000000003 11.72668253988401
2.0799999999999983 11.773166640520966
2.09 11.768757077513484
2.099999999999998 11.768166380621693
2.1099999999999994 11.75140949826151
2.120000000000001 11.748570465524123
2.129999999999999 11.76203179733604
2.1400000000000006 11.78270027450662
2.1499999999999986 11.808006863614034
2.16 11.824133685313738
2.169999999999998 11.802456156730589
2.1799999999999997 11.85266757115295
2.1899999999999977 11.899077171336256
2.1999999999999993 11.962556864664382
2.210000000000001 12.05964099621114
2.219999999999999 12.225923220994463
2.2300000000000004 12.392493233646633
2.2399999999999984 12.585610859699827
2.25 12.790241946347962
2.259999999999998 13.04861886437104
2.2699999999999996 13.232159883401579
2.280000000000001 13.524707484765461
2.289999999999999 13.808500333010652
2.3000000000000007 14.109002658869652
2.3099999999999987 14.427834723532719
2.3200000000000003 14.683473099766745
2.3299999999999983 14.980179773106789
2.34 15.293944311715613
2.349999999999998 15.581472092930664
2.3599999999999994 15.882135835616278
2.370000000000001 16.165885075100448
2.379999999999999 16.496212485802978
2.3900000000000006 16.78252114738575
2.3999999999999986 17.076336083013466
2.41 17.414964995936653
2.419999999999998 17.708041680441713
2.4299999999999997 17.998766260594014
2.4399999999999977 18.330307491059585
2.4499999999999993 18.628573726568867
2.460000000000001 18.89591178338243
2.469999999999999 19.171741876236787
2.4800000000000004 19.547134071404237
2.4899999999999984 19.81290315630261
2.5 20.112666431458187
2.509999999999998 20.385407931922003
2.5199999999999996 20.66906923976336
2.530000000000001 20.96601032847129
2.539999999999999 21.240603069610188
2.5500000000000007 21.562857037456038
2.5599999999999987 21.808781276778497
2.5700000000000003 22.103995917088028
2.5799999999999983 22.362941666173157
2.59 22.425010503083755
2.599999999999998 22.309204879901735
2.6099999999999994 22.305920168653316
2.620000000000001 22.627899760312626
2.629999999999999 23.84913391360768
2.6400000000000006 24.079131819759493
2.6499999999999986 23.555415146413416
2.66 23.86446495475105
2.669999999999998 24.133626302297714
2.6799999999999997 24.462373061409068
2.6899999999999977 24.740363160437475
2.6999999999999993 25.09194972928611
2.710000000000001 25.340339670818544
2.719999999999999 25.641718814208524
2.7300000000000004 25.869961313200132
2.7399999999999984 26.123330866045418
2.75 26.42066606834078
2.759999999999998 26.737628072998103
2.7699999999999996 26.972244718363775
2.780000000000001 27.235037952676507
2.789999999999999 27.495598308135037
2.8000000000000007 27.84950452618152
2.8099999999999987 28.037183359058204
2.8200000000000003 28.728435826849374
2.8299999999999983 28.604802419984285
2.84 28.856753792609616
2.849999999999998 29.142818874725478
2.8599999999999994 29.44417495406124
2.870000000000001 29.73922598003844
2.879999999999999 30.336764252593735
2.8900000000000006 30.20736959295433
2.8999999999999986 30.426401255518194
2.91 30.73169746172177
2.919999999999998 30.978224887684743
2.9299999999999997 31.553134510272194
2.9399999999999977 31.51191751422333
2.9499999999999993 31.84437123608292
2.960000000000001 32.350150721012234
2.969999999999999 32.39174931576498
2.9800000000000004 32.66790987518305
2.9899999999999984 32.91436399725964
3.0 33.436440221457744
3.009999999999998 33.704399973438306
3.0199999999999996 33.7724457598501
3.030000000000001 34.15058365009256
3.039999999999999 34.43506665280989
3.0500000000000007 34.67434637641645
3.0599999999999987 35.26536530590964
3.0700000000000003 35.3106342825377
3.0799999999999983 35.78221811315481
3.09 36.03374883278538
3.099999999999998 36.143543051385365
3.1099999999999994 36.47516581525109
3.120000000000001 36.7848959241729
3.129999999999999 37.0915165713607
3.1400000000000006 37.50365261849166
3.1499999999999986 37.68234394039634
3.16 37.99881869924083
3.169999999999998 38.310420822143456
3.1799999999999997 38.643524138196724
3.1899999999999977 38.950630527900245
3.1999999999999993 39.367141548295116
3.210000000000001 39.706717038024934
3.219999999999999 39.89722823301547
3.2300000000000004 40.168892747442754
3.2399999999999984 40.51266389123825
3.25 40.8421828501547
3.259999999999998 41.11070067815341
3.2699999999999996 41.38766715261358
3.280000000000001 41.70991611867851
3.289999999999999 42.06966073283999
3.3000000000000007 42.382366301085526
3.3099999999999987 42.690795051526905
3.3200000000000003 43.11835297874145
3.3299999999999983 43.40536972166318
3.34 43.7205832277066
3.349999999999998 44.0630078572656
3.3599999999999994 44.37179335673211
3.370000000000001 44.723230912596186
3.379999999999999 44.96520356608365
3.3900000000000006 45.344689171009
3.3999999999999986 45.652246818942224
3.41 46.02711139679249
3.419999999999998 46.34471122106381
3.4299999999999997 46.6828958591292
3.4399999999999977 47.10275100910705
3.4499999999999993 47.41947352939464
3.460000000000001 47.73662325169312
3.469999999999999 48.11207687660213
3.4800000000000004 48.474418387640625
3.4899999999999984 48.853773283367076
3.5 49.22007434871153
3.509999999999998 49.58494860282319
3.5199999999999996 49.93631761722923
3.530000000000001 50.23793798810074
3.539999999999999 50.5067795068956
3.5500000000000007 50.93606119754675
3.5599999999999987 51.254698005280694
3.5700000000000003 51.6843175160088
3.5799999999999983 52.00618704190241
3.59 52.39425357821054
3.599999999999998 52.82854140621134
3.6099999999999994 53.176137289337895
3.620000000000001 53.61896658401638
3.629999999999999 54.03917250435806
3.6400000000000006 54.42658876972834
3.6499999999999986 54.84081943440742
3.66 55.319842293741885
3.669999999999998 55.64704642005546
3.6799999999999997 56.12607794574177
3.6899999999999977 56.47304707069391
3.6999999999999993 56.88869758922279
3.710000000000001 57.26572641482876
3.719999999999999 57.68016241924843
3.7300000000000004 58.16929014382605
3.7399999999999984 58.52802580221837
3.75 59.02645474375878
3.759999999999998 59.46996495576826
3.7699999999999996 59.852386248056696
3.780000000000001 60.35837553515278
3.789999999999999 60.75512651311335
3.8000000000000007 61.16373683545067
3.8099999999999987 61.647601015297155
3.8200000000000003 62.02934548123189
3.8299999999999983 62.50355304165848
3.84 62.85983978335037
3.849999999999998 63.316909816652235
3.8599999999999994 63.78816057826352
3.870000000000001 64.16035108118452
3.879999999999999 64.67216118127568
3.8900000000000006 65.07197008940511
3.8999999999999986 65.5599863598912
3.91 66.00953894998038
3.919999999999998 66.45547475182263
3.9299999999999997 66.949637713259
3.9399999999999977 67.44037231409337
3.9499999999999993 67.90397165027912
3.960000000000001 68.32994205613358
3.969999999999999 68.78304806045755
3.9800000000000004 69.11678320774719
3.9899999999999984 69.58806404968291
4.0 70.05167115084376
4.009999999999998 70.51869559372564
4.02 70.9495414660731
4.030000000000001 71.41908751566926
4.039999999999999 71.93414903583522
4.050000000000001 72.4435619772399
4.059999999999999 72.9407518784954
4.07 73.37831045011654
4.079999999999998 73.92796949364671
4.09 74.40977035992272
4.099999999999998 74.86997362392168
4.109999999999999 75.35672592988877
4.120000000000001 75.92687479341038
4.129999999999999 76.37866676212147
4.140000000000001 76.86511443533436
4.149999999999999 77.36018202289458
4.16 77.84149232812915
4.169999999999998 78.35403690048474
4.18 78.86641851602919
4.189999999999998 79.40907226515438
4.199999999999999 79.96109042389294
4.210000000000001 80.46021531287046
4.219999999999999 80.98263923446753
4.23 81.44343666505632
4.239999999999998 82.00671159228887
4.25 82.52952671810195
4.259999999999998 83.0239250391856
4.27 83.54849763958003
4.280000000000001 84.1212385384216
4.289999999999999 84.63310866005929
4.300000000000001 85.16093451020069
4.309999999999999 85.65928849509206
4.32 86.16166962201078
4.329999999999998 86.69165494400075
4.34 87.18974909939448
4.349999999999998 87.76941319468305
4.359999999999999 88.27571160010503
4.370000000000001 88.85402319888121
4.379999999999999 89.31615892239645
4.390000000000001 89.84160920266135
4.399999999999999 90.37542961493713
4.41 90.89658582822608
4.419999999999998 91.38677746936474
4.43 91.90678066582329
4.439999999999998 92.4002200874976
4.449999999999999 92.82391530523248
4.460000000000001 93.15843544572141
4.469999999999999 93.53340071497476
4.48 93.80510052747056
4.489999999999998 94.07557323804652
4.5 94.24305059438288
4.509999999999998 94.38361684842661
4.52 94.42125043609393
4.530000000000001 94.39587574445366
4.539999999999999 94.29358468996139
4.550000000000001 94.09252124136832
4.559999999999999 93.77421873542214
4.57 93.3396616785171
4.579999999999998 92.73340265801968
4.59 92.14441970071775
4.599999999999998 91.37198433326095
4.609999999999999 90.55922997208368
4.620000000000001 89.6293934132776
4.629999999999999 88.68497520556193
4.640000000000001 87.6441159338467
4.649999999999999 86.46745661061969
4.66 85.29480064130911
4.669999999999998 84.1097230305256
4.68 82.92685774018645
4.689999999999998 81.66583814801139
4.699999999999999 80.42913658556941
4.710000000000001 79.12351634665012
4.719999999999999 77.90620092768489
4.73 76.68511400096494
4.739999999999998 75.56217708360802
4.75 74.45012457326257
4.759999999999998 73.3328335572143
4.77 72.35072972993694
4.780000000000001 71.34357299052488
4.789999999999999 70.26987752342066
4.800000000000001 69.2843484442206
4.809999999999999 68.27407672659271
4.82 67.2240413099334
4.829999999999998 66.25816502761728
4.84 65.32552083924821
4.849999999999998 64.21417149405869
4.859999999999999 63.23059364638271
4.870000000000001 62.210598349799
4.879999999999999 61.21956732950265
4.890000000000001 60.26137958413584
4.899999999999999 59.35080246056765
4.91 58.41778793721242
4.919999999999998 57.47398212117062
4.93 56.484557196205046
4.939999999999998 55.62466625601356
4.949999999999999 54.6575418288768
4.960000000000001 53.83317572404335
4.969999999999999 53.0946903299753
4.98 52.26294944443134
4.989999999999998 51.443803038182395
5.0 50.71346918383571
5.009999999999998 49.93255715227386
5.02 49.19345742521564
5.030000000000001 48.509124167868606
5.039999999999999 47.77703846371203
5.050000000000001 47.06732385343972
5.059999999999999 46.43783757305238
5.07 45.7783685853921
5.079999999999998 45.10160920395034
5.09 44.42508218583527
5.099999999999998 43.890404366481846
5.109999999999999 43.238571117183035
5.120000000000001 42.66205360620518
5.129999999999999 42.02010194532553
5.140000000000001 41.45732458236432
5.149999999999999 40.981599173810025
5.16 40.39393987261896
5.169999999999998 39.80357577268885
5.18 39.3577851773812
5.189999999999998 38.79199724292859
5.199999999999999 38.245917515557096
5.210000000000001 37.80179865031882
5.219999999999999 37.30335093087522
5.23 36.759133971255665
5.239999999999998 36.30870018135539
5.25 35.864819873731065
5.259999999999998 35.456929329896845
5.27 34.9296101053898
5.280000000000001 34.5647399811044
5.289999999999999 34.08803206157232
5.300000000000001 33.668484882240506
5.309999999999999 33.3209521298147
5.32 32.794139609717064
5.329999999999998 32.426762154419954
5.34 32.020770279846964
5.349999999999998 31.62324281520879
5.359999999999999 31.310576715468876
5.370000000000001 30.87854885287016
5.379999999999999 30.57710323718696
5.390000000000001 30.163154029424568
5.399999999999999 29.766142415093906
5.41 29.522699758698945
5.419999999999998 29.170497162951055
5.43 28.83098267539086
5.439999999999998 28.481772958250314
5.449999999999999 28.16478310938315
5.460000000000001 27.87337882534485
5.469999999999999 27.536959094998625
5.48 27.28186219401617
5.489999999999998 26.864416247757042
5.5 26.64994396443374
5.509999999999998 26.386751595740428
5.52 26.12469730668124
5.530000000000001 25.994417143779764
5.539999999999999 25.67651543409238
5.550000000000001 25.428756752668427
5.559999999999999 25.177691098716085
5.57 25.00471794927574
5.579999999999998 24.73687186505928
5.59 24.65202906366599
5.599999999999998 24.347530111411384
5.609999999999999 24.062297168849852
5.620000000000001 23.773547796824968
5.629999999999999 23.563423518480164
5.640000000000001 23.4456100295778
5.649999999999999 23.29629998344146
5.66 23.089434383287916
5.669999999999998 22.857164523367338
5.68 22.676521777398506
5.689999999999998 22.55648305445414
5.699999999999999 22.39270757364571
5.710000000000001 22.16253416727271
5.719999999999999 22.056878496247045
5.73 21.88333989363883
5.739999999999998 21.638718372706297
5.75 21.55668007332146
5.759999999999998 21.407965500134264
5.77 21.252496132749783
5.780000000000001 21.166321344990116
5.789999999999999 20.968654787973435
5.800000000000001 20.859722702636283
5.809999999999999 20.683242334174196
5.82 20.6211663846725
5.829999999999998 20.479087631343646
5.84 20.379926227586687
5.849999999999998 20.20753140552955
5.859999999999999 20.128460213015202
5.870000000000001 20.041904531241734
5.879999999999999 19.82509670538724
5.890000000000001 19.736146640931516
5.899999999999999 19.658805000460227
5.91 19.537200911659507
5.919999999999998 19.43478036368038
5.93 19.26078528787446
5.939999999999998 19.108507702937512
5.949999999999999 19.029154244446325
5.960000000000001 18.938745719694047
5.969999999999999 18.865914394588287
5.98 18.696561131089496
5.989999999999998 18.566433961342195
6.0 18.465555142757438
6.009999999999998 18.36996631927349
6.02 18.328274493398528
6.030000000000001 18.168342659450605
6.039999999999999 18.045047785289334
6.050000000000001 17.890870424415464
6.059999999999999 17.811566586047515
6.07 17.684649051852865
6.079999999999998 17.578802758335392
6.09 17.536789581110018
6.099999999999998 17.434427355536137
6.109999999999999 17.28895638647598
6.120000000000001 17.241305406318048
6.129999999999999 17.051305088972235
6.140000000000001 16.97890485207759
6.149999999999999 16.817595131685657
6.16 16.80081780929174
6.169999999999998 16.663482337724254
6.18 16.57309630380327
6.189999999999998 16.500323567926202
6.199999999999999 16.397950380243287
6.210000000000001 16.29987253515376
6.219999999999999 16.116686288445372
6.23 15.984574002185875
6.239999999999998 15.953957058338238
6.25 15.85227519508961
6.259999999999998 15.73353606463794
6.27 15.703694224810755
6.280000000000001 15.583326786145488
6.289999999999999 15.520154646859027
6.300000000000001 15.376758468750253
6.309999999999999 15.249935838591561
6.32 15.15088670602959
6.329999999999998 15.014619231088183
6.34 14.923614047216262
6.349999999999998 14.829202877885388
6.359999999999999 14.750715064843321
6.370000000000001 14.664663053182263
6.379999999999999 14.602407572979907
6.390000000000001 14.435977440546287
6.399999999999999 14.414689428779809
6.41 14.30285691556452
6.419999999999998 14.223336420994213
6.43 14.023489729567535
6.439999999999998 13.958913291146658
6.449999999999999 13.860198370041097
6.460000000000001 13.752776132411796
6.469999999999999 13.631854609695726
6.48 13.58396067872806
6.489999999999998 13.492550922781374
6.5 13.36293407132275
6.509999999999998 13.291423337185943
6.52 13.265197248174081
6.530000000000001 13.177786164846122
6.539999999999999 13.06717234309085
6.550000000000001 12.98689773984162
6.559999999999999 12.96166734551676
6.57 12.842429592236561
6.579999999999998 12.769980653284518
6.59 12.81640250884021
6.599999999999998 12.719662111065059
6.609999999999999 12.605022049774544
6.620000000000001 12.576120784218539
6.629999999999999 12.504386869264772
6.640000000000001 12.421116288938478
6.649999999999999 12.350921290834695
6.66 12.284971926133371
6.669999999999998 12.226706378893297
6.68 12.192135574773275
6.689999999999998 12.127188648030032
6.699999999999999 12.097345018078041
6.710000000000001 12.074215613011352
6.719999999999999 12.007561950423154
6.73 11.943380966834955
6.739999999999998 11.892013178579464
6.75 11.833861238616887
6.759999999999998 11.806410246715824
6.77 11.744470970025773
6.780000000000001 11.695361288146888
6.789999999999999 11.629497642966747
6.800000000000001 11.607343411903788
6.809999999999999 11.545695477607996
6.82 11.507535692081833
6.829999999999998 11.470852193381845
6.84 11.4880086416898
6.849999999999998 11.349070022935502
6.859999999999999 11.341586004458854
6.870000000000001 11.32669818623442
6.879999999999999 11.299227796437277
6.890000000000001 11.229916214864142
6.899999999999999 11.187614157296581
6.91 11.78222597930612
6.919999999999998 11.110300517990094
6.93 11.025170264857506
6.939999999999998 11.568107411742044
6.949999999999999 11.545639791410512
6.960000000000001 11.00572965002437
6.969999999999999 11.593189095543318
6.98 11.579839328661318
6.989999999999998 11.56911114731301
7.0 11.59335955603421
7.009999999999998 11.531985188016968
7.02 11.484327372348817
7.030000000000001 11.394808319649618
7.039999999999999 11.349828467046024
7.050000000000001 11.328965443293834
7.059999999999999 11.312477520054681
7.07 11.312501879289542
7.079999999999998 11.330857903156286
7.09 11.329268799955905
7.099999999999998 11.257320056206161
7.109999999999999 11.211425761527313
7.120000000000001 11.118747785742693
7.129999999999999 11.06181860657665
7.140000000000001 11.099654818913567
7.149999999999999 11.093949478019285
7.16 11.117811004060592
7.169999999999998 11.0949738601701
7.18 11.04715677948026
7.189999999999998 11.088118513252862
7.199999999999999 11.065270132395485
7.210000000000001 11.048918044042697
7.219999999999999 10.978611872664622
7.23 10.991839037376335
7.239999999999998 11.000948233233606
7.25 10.978320304356359
7.259999999999998 10.977026851511624
7.27 10.992001007092632
7.280000000000001 10.945442706892528
7.289999999999999 10.97139175109497
7.300000000000001 10.972859797082304
7.309999999999999 10.932424710300008
7.32 10.942811553827992
7.329999999999998 10.994020334884231
7.34 10.943584063736214
7.349999999999998 10.969514150865791
7.359999999999999 10.934230342340403
7.370000000000001 10.918549027438326
7.379999999999999 10.897082101667108
7.390000000000001 10.872546957525069
7.399999999999999 10.90736012513296
7.41 10.90176177173862
7.419999999999998 10.940689574529262
7.43 10.931626246943846
7.439999999999998 10.967780456735428
7.449999999999999 10.97300580548777
7.460000000000001 11.022069062878305
7.469999999999999 11.031348908576938
7.48 11.035506096364221
7.489999999999998 11.047372224324914
7.5 11.074389547097471
7.509999999999998 11.034290104645876
7.52 11.049991654969016
7.530000000000001 11.018553619565278
7.539999999999999 11.061413704056159
7.550000000000001 11.096473811246675
7.559999999999999 11.094911098340905
7.57 11.077310255573167
7.579999999999998 11.66654404815201
7.59 11.14834398186372
7.599999999999998 11.673197382494122
7.609999999999999 11.699633034781842
7.620000000000001 11.18811454588025
7.629999999999999 11.211597312524823
7.640000000000001 11.198197461869427
7.649999999999999 10.775882052774875
7.66 11.2761570984248
7.669999999999998 10.687326818573975
7.68 11.274056277751061
7.689999999999998 10.845937854249035
7.699999999999999 10.832305431651225
7.710000000000001 10.872696688309428
7.719999999999999 10.881840775033044
7.73 10.87181642119458
7.739999999999998 10.906955125304403
7.75 10.903859483708226
7.759999999999998 10.92238235527456
7.77 10.977635670512436
7.780000000000001 10.964671447221832
7.789999999999999 10.986454715214245
7.800000000000001 11.020502371241363
7.809999999999999 11.04716584993079
7.82 11.066403627116197
7.829999999999998 11.081448949805592
7.84 11.069430770122093
7.849999999999998 11.614796367874126
7.859999999999999 11.597352100155806
7.870000000000001 11.644344302055766
7.879999999999999 11.68326382087724
7.890000000000001 11.705354839620213
7.899999999999999 11.22910931799268
7.91 11.811942059643485
7.919999999999998 11.879852755490102
7.93 11.867797606292802
7.939999999999998 11.411251363704778
7.949999999999999 11.4537318519995
7.960000000000001 11.44114292770956
7.969999999999999 11.48678684988418
7.98 11.500782089885321
7.989999999999998 11.45365067318483
8.0 11.920825415310087
8.009999999999998 11.906971220975667
8.02 11.90271731253049
8.030000000000001 11.944488566826907
8.04 11.949199671367344
8.05 12.013756296497817
8.059999999999999 12.01999433548568
8.07 12.073270989652288
8.079999999999998 12.097253124844855
8.09 12.10533261711008
8.099999999999998 12.074691151564558
8.11 12.028472353097108
8.120000000000001 12.011053535328092
8.129999999999999 12.014786859845108
8.14 12.033756129112579
8.149999999999999 11.889956394142665
8.16 12.00521888026684
8.169999999999998 12.102815400899395
8.18 11.970130949524346
8.189999999999998 11.948140357006736
8.2 12.120445565492979
8.21 12.061716017469472
8.219999999999999 12.03911910607833
8.23 11.857399997908573
8.239999999999998 11.847331874711923
8.25 11.694724197394963
8.259999999999998 11.724815269618903
8.27 11.64367325371875
8.280000000000001 11.645961741892018
8.29 11.792637673674562
8.3 11.595259366008014
8.309999999999999 11.513850999437654
8.32 11.807226590593816
8.329999999999998 11.621832672180982
8.34 11.78705173397949
8.349999999999998 11.767763944812328
8.36 11.55149775354418
8.370000000000001 11.72140694443526
8.379999999999999 11.643295940940341
8.39 11.551206882005166
8.399999999999999 12.212692055507551
8.41 12.052613441997831
8.419999999999998 12.175337143484152
8.43 12.105265878164213
8.439999999999998 12.099129058233299
8.45 12.02947959320238
8.46 11.992072160102085
8.469999999999999 11.970593834075718
8.48 11.954006504551266
8.489999999999998 11.912480275266294
8.5 11.847548580375296
8.509999999999998 11.875921485793329
8.52 11.875376812518152
8.530000000000001 11.863641377437633
8.54 11.791370098643654
8.55 11.762242013244236
8.559999999999999 11.744288398536233
8.57 11.669617023034451
8.579999999999998 11.711682472935305
8.59 11.718124699891424
8.599999999999998 11.659109661155195
8.61 11.135858603224897
8.620000000000001 11.051247706891147
8.629999999999999 11.04247717828719
8.64 11.047611618762655
8.649999999999999 11.028437575690358
8.66 11.053595270712243
8.669999999999998 11.028010570878827
8.68 11.132040319040808
8.689999999999998 11.08040284000906
8.7 11.061623442752941
8.71 11.098059279748338
8.719999999999999 11.056935616915272
8.73 11.03286982095574
8.739999999999998 11.04182654848955
8.75 11.054446324872089
8.759999999999998 11.111799811332208
8.77 11.136973641892787
8.780000000000001 11.007541396153194
8.79 11.130077191842101
8.8 11.11397361149697
8.809999999999999 11.150073564705774
8.82 11.152365252906328
8.829999999999998 11.138085980370104
8.84 11.047441920666003
8.849999999999998 11.054941337530769
8.86 11.087281545127393
8.870000000000001 11.092886877920165
8.879999999999999 10.8826406896659
8.89 11.02714548709368
8.899999999999999 10.958279315628829
8.91 10.981198066130208
8.919999999999998 10.999147036727242
8.93 11.000895306522033
8.939999999999998 10.969615975315408
8.95 10.9663860313171
8.96 10.868293166042127
8.969999999999999 10.949514913107308
8.98 11.01439726912808
8.989999999999998 11.023432885303851
9.0 10.986309673282468
9.009999999999998 11.038142733916008
9.02 11.057840236154401
9.030000000000001 10.996498551443057
9.04 10.92514488456171
9.05 10.902223350109809
9.059999999999999 10.815010630339568
9.07 10.808773474546065
9.079999999999998 10.81066365080359
9.09 10.825908199627392
9.099999999999998 11.39160249638147
9.11 11.374186171099302
9.120000000000001 11.434800314346283
9.129999999999999 11.43714341566058
9.14 11.42057879682929
9.149999999999999 11.469886662677556
9.16 11.450629613383349
9.169999999999998 11.385238767224118
9.18 11.366628830595122
9.189999999999998 11.345001217824429
9.2 11.91466115876904
9.21 11.266839977584164
9.219999999999999 10.683305838206289
9.23 11.316718646139641
9.239999999999998 11.421614744962445
9.25 11.492975554229009
9.259999999999998 11.489091794898924
9.27 10.942036700074198
9.280000000000001 10.962625273225592
9.29 10.917851509750168
9.3 10.972999076045728
9.309999999999999 10.885252624380122
9.32 10.892894790720957
9.329999999999998 10.861138695907467
9.34 10.704642054299873
9.349999999999998 10.737878253857632
9.36 10.822261084970163
9.370000000000001 10.794962367270893
9.379999999999999 10.8060541754772
9.39 10.780675096096644
9.399999999999999 10.696782235370467
9.41 10.861731028765032
9.419999999999998 10.88188028040551
9.43 10.920980491062512
9.439999999999998 10.91938556712914
9.45 10.800257119621966
9.46 10.806456650718337
9.469999999999999 10.832060644906115
9.48 10.769596380273628
9.489999999999998 10.754268634868424
9.5 10.598280207455169
9.509999999999998 10.59194782471575
9.52 10.714834716449795
9.530000000000001 10.6591496112578
9.54 10.714259663141968
9.55 11.369392600547977
9.559999999999999 11.234302178030273
9.57 10.638678680986754
9.579999999999998 11.39158026654856
9.59 11.366090042615088
9.599999999999998 11.369162815673372
