%x y
0.0 27.774021860044115
0.009999999999999787 27.609104588531494
0.019999999999999574 27.547886296487185
0.02999999999999936 27.5396485580399
0.040000000000000924 27.605629687216187
0.05000000000000071 27.715640118835875
0.0600000000000005 27.733810610340235
0.07000000000000028 27.740917394710333
0.08000000000000007 27.531605090213475
0.08999999999999986 27.552042891935507
0.09999999999999964 27.67238787979203
0.10999999999999943 27.677464755248415
0.120000000000001 27.681017859434093
0.13000000000000078 27.681771500602096
0.14000000000000057 27.666985602340986
0.15000000000000036 27.675615823976706
0.16000000000000014 27.66041204105821
0.16999999999999993 27.550198229642678
0.17999999999999972 27.65513661647978
0.1899999999999995 27.433456891513842
0.1999999999999993 27.580960341428522
0.21000000000000085 27.550854530365434
0.22000000000000064 27.43241504687785
0.23000000000000043 27.408592766234868
0.2400000000000002 27.429024132958354
0.25 27.41951705480661
0.2599999999999998 27.408615873271593
0.2699999999999996 27.5264876636546
0.27999999999999936 27.32485419225877
0.2900000000000009 27.32898926244477
0.3000000000000007 27.563655120808438
0.3100000000000005 27.380031924940194
0.3200000000000003 27.343426617805164
0.33000000000000007 27.337704266238557
0.33999999999999986 27.482222493483228
0.34999999999999964 27.282664652776493
0.35999999999999943 27.292833797093152
0.370000000000001 27.343174440644617
0.3800000000000008 27.461200597611374
0.39000000000000057 27.41578195151749
0.40000000000000036 27.41796533644689
0.41000000000000014 27.229435385441597
0.41999999999999993 27.219371391930842
0.4299999999999997 27.390855163717582
0.4399999999999995 27.200315637544627
0.4499999999999993 27.33135521111442
0.46000000000000085 27.159697102114926
0.47000000000000064 27.123001437140474
0.4800000000000004 27.09449413229794
0.4900000000000002 27.10232734179708
0.5 27.078674851500974
0.5099999999999998 27.074062082983332
0.5199999999999996 27.193049920780936
0.5299999999999994 27.17810531965341
0.5400000000000009 27.03821832110693
0.5500000000000007 27.053378068536837
0.5600000000000005 27.020083807187184
0.5700000000000003 27.201319401752592
0.5800000000000001 27.162460980459457
0.5899999999999999 27.004697738276978
0.5999999999999996 27.00695223612814
0.6099999999999994 26.974380439693057
0.620000000000001 26.982663651765908
0.6300000000000008 26.942840806688693
0.6400000000000006 26.981105512184385
0.6500000000000004 26.891933041833568
0.6600000000000001 26.94189567245612
0.6699999999999999 27.136182554045508
0.6799999999999997 26.97017020655958
0.6899999999999995 26.94602940921202
0.6999999999999993 26.937698071022325
0.7100000000000009 26.968101523518193
0.7200000000000006 27.121715108961205
0.7300000000000004 27.11421099309034
0.7400000000000002 26.92932890691091
0.75 26.918931304825087
0.7599999999999998 26.944204448869442
0.7699999999999996 26.949557076355582
0.7799999999999994 27.111534410652663
0.7900000000000009 26.928336016815773
0.8000000000000007 26.926451823312334
0.8100000000000005 26.937369586929933
0.8200000000000003 26.920567519401935
0.8300000000000001 26.96145155814028
0.8399999999999999 26.97977568397676
0.8499999999999996 26.976831356158918
0.8599999999999994 26.9222552657057
0.870000000000001 26.98271389869902
0.8800000000000008 27.193667589415455
0.8900000000000006 27.16332488000902
0.9000000000000004 26.967180043039846
0.9100000000000001 26.946694752076517
0.9199999999999999 26.937169443588154
0.9299999999999997 26.95565247917624
0.9399999999999995 27.13038877090414
0.9499999999999993 27.158610795768915
0.9600000000000009 26.93252425767892
0.9700000000000006 27.016524034864197
0.9800000000000004 26.957714001059912
0.9900000000000002 26.95173002030785
1.0 26.910452949734207
1.0099999999999998 26.945032256745176
1.0199999999999996 26.892041377149873
1.0299999999999994 26.862479031885695
1.040000000000001 26.94365776049554
1.0500000000000007 26.944121085176004
1.0600000000000005 26.94632795315472
1.0700000000000003 26.855516782311796
1.08 26.870935627813896
1.0899999999999999 26.905324627327673
1.0999999999999996 27.089682370847587
1.1099999999999994 26.890788866267954
1.120000000000001 26.91092597905209
1.1300000000000008 26.919603632217445
1.1400000000000006 26.89052146559161
1.1500000000000004 26.864454249308075
1.1600000000000001 26.898450006902067
1.17 26.91399532378147
1.1799999999999997 26.882942592913466
1.1899999999999995 26.88498423883626
1.1999999999999993 26.859221952230204
1.2100000000000009 27.04771485781376
1.2200000000000006 26.89716401147063
1.2300000000000004 26.810762510809795
1.2400000000000002 26.767661539897034
1.25 26.83341240248439
1.2599999999999998 26.81315479189651
1.2699999999999996 26.717801024608995
1.2799999999999994 26.75905762908613
1.290000000000001 26.72008000590741
1.3000000000000007 26.70399331651662
1.3100000000000005 26.730021731458734
1.3200000000000003 26.703528591807665
1.33 26.706082198133757
1.3399999999999999 26.72657666899438
1.3499999999999996 26.62447951719045
1.3599999999999994 27.25768725096242
1.370000000000001 26.613318841826846
1.3800000000000008 26.60170278895645
1.3900000000000006 26.5642448117735
1.4000000000000004 26.56394134473504
1.4100000000000001 26.76032213445807
1.42 26.780077777685936
1.4299999999999997 26.94365611745053
1.4399999999999995 26.55610170116169
1.4499999999999993 26.50023178839096
1.4600000000000009 26.502814973425846
1.4700000000000006 26.502991371179675
1.4800000000000004 26.471884188224784
1.4900000000000002 26.432325909282774
1.5 26.489589762257772
1.5099999999999998 26.51426534575704
1.5199999999999996 26.52896319779325
1.5299999999999994 26.683248665774723
1.540000000000001 26.40706569053148
1.5500000000000007 26.393780711639046
1.5600000000000005 26.393477371422946
1.5700000000000003 26.438073488174773
1.58 26.386424869653098
1.5899999999999999 26.36528968883339
1.5999999999999996 26.35684092573363
1.6099999999999994 26.30790053572614
1.620000000000001 26.287573786829267
1.6300000000000008 26.30470574795602
1.6400000000000006 26.48216065160147
1.6500000000000004 26.4350252329394
1.6600000000000001 26.251279009481
1.67 26.256656074957753
1.6799999999999997 26.25920344013906
1.6899999999999995 26.289917759247345
1.6999999999999993 26.21706250117967
1.7100000000000009 26.184945766805498
1.7200000000000006 26.155719645501676
1.7300000000000004 26.20747787516895
1.7400000000000002 26.155187859664906
1.75 26.12251830377688
1.7599999999999998 26.318717165631107
1.7699999999999996 26.286673249435683
1.7799999999999994 26.129036128650817
1.790000000000001 26.116739333779982
1.8000000000000007 26.113015819121003
1.8100000000000005 26.086639475457375
1.8200000000000003 26.08015197535226
1.83 26.06957571826527
1.8399999999999999 26.125536753800947
1.8499999999999996 26.08163665644328
1.8599999999999994 26.091152512700905
1.870000000000001 26.10944903682953
1.8800000000000008 26.128350316298576
1.8900000000000006 26.107874531075502
1.9000000000000004 26.040687064079982
1.9100000000000001 26.043485502976026
1.92 26.064956714816997
1.9299999999999997 26.035105694089253
1.9399999999999995 26.081944996860557
1.9499999999999993 26.059244225283813
1.9600000000000009 26.09596545707319
1.9700000000000006 26.048205651053095
1.9800000000000004 26.071133459088276
1.9900000000000002 26.306110491572497
2.0 26.112751858157253
2.01 26.093320489936318
2.0199999999999996 26.078721132929083
2.0299999999999994 26.06687490578348
2.040000000000001 26.07781618767879
2.0500000000000007 26.070999524293885
2.0600000000000005 26.05053291250716
2.0700000000000003 26.074887177832416
2.08 26.07715583697559
2.09 26.290993661127985
2.0999999999999996 26.131055598156266
2.1099999999999994 26.183466097306113
2.120000000000001 26.250186304006952
2.130000000000001 26.271400482205035
2.1400000000000006 26.368420238508328
2.1500000000000004 26.413554184212465
2.16 26.55440392097726
2.17 26.709691804272023
2.1799999999999997 26.91973824060662
2.1899999999999995 27.3881329858122
2.1999999999999993 27.498334508342964
2.210000000000001 27.95596044537598
2.2200000000000006 28.603281574904738
2.2300000000000004 28.970140406230016
2.24 29.88945296719188
2.25 30.314156767526825
2.26 31.30312205272265
2.2699999999999996 31.84758386613623
2.2799999999999994 32.67555149548904
2.290000000000001 33.49650882891462
2.3000000000000007 34.32384873526941
2.3100000000000005 35.09131854318898
2.3200000000000003 36.2786328415956
2.33 36.86557399689218
2.34 37.67524985552805
2.3499999999999996 38.559174886983286
2.3599999999999994 39.38219831497294
2.370000000000001 40.47997075474521
2.380000000000001 41.030764599034825
2.3900000000000006 41.914873471183625
2.4000000000000004 42.70911543485216
2.41 43.50256368998261
2.42 44.28962520506222
2.4299999999999997 45.38156906137002
2.4399999999999995 45.901125089478
2.4499999999999993 46.72095323878176
2.460000000000001 47.49593167947383
2.4700000000000006 48.343015332029694
2.4800000000000004 49.149703611161755
2.49 49.98165124691724
2.5 50.89302780509416
2.51 51.706729882793155
2.5199999999999996 52.47063669183417
2.5299999999999994 53.429067372450376
2.540000000000001 54.285283593582285
2.5500000000000007 55.002217707130924
2.5600000000000005 55.7568561049299
2.5700000000000003 56.669503284132915
2.58 57.47026881232305
2.59 58.176910936271796
2.5999999999999996 58.98833239413861
2.6099999999999994 59.745413507185305
2.620000000000001 60.77389183693088
2.630000000000001 61.51676830831215
2.6400000000000006 62.409934184470586
2.6500000000000004 62.9910433951046
2.66 63.554067724268904
2.67 64.31446380578743
2.6799999999999997 64.95206322141706
2.6899999999999995 65.52022807469514
2.6999999999999993 66.18740985715488
2.710000000000001 66.70845705140556
2.7200000000000006 67.29052709343031
2.7300000000000004 67.76613733828748
2.74 68.3472017483424
2.75 68.89531870169975
2.76 69.39833355105881
2.7699999999999996 69.89287679877262
2.7799999999999994 70.43485451590087
2.790000000000001 70.9010495511977
2.8000000000000007 71.44370608253406
2.8100000000000005 71.9107414703306
2.8200000000000003 72.4794869851705
2.83 72.93933164603085
2.84 73.41779034354272
2.8499999999999996 74.03864552173748
2.8599999999999994 74.51048757823992
2.870000000000001 74.76733377347368
2.880000000000001 75.40565524032552
2.8900000000000006 75.83977475865731
2.9000000000000004 76.10694400679878
2.91 76.53831182265525
2.92 76.91373696991401
2.9299999999999997 77.29311879557376
2.9399999999999995 77.72844606344081
2.9499999999999993 78.1021137208672
2.960000000000001 78.40478924124666
2.9700000000000006 78.80999306128481
2.9800000000000004 79.1241301291318
2.99 79.26161018399989
3.0 79.60404329246724
3.01 79.75208747794758
3.0199999999999996 80.10676681287828
3.0299999999999994 80.48029097250628
3.040000000000001 81.15648671059009
3.0500000000000007 81.44984438125468
3.0600000000000005 81.67468121951956
3.0700000000000003 81.99947552636226
3.08 82.20976484243957
3.09 82.5095240668783
3.0999999999999996 82.8069800906774
3.1099999999999994 82.97424547039643
3.120000000000001 83.25267264383535
3.130000000000001 83.49251868577682
3.1400000000000006 83.72924293154145
3.1500000000000004 83.9959604942279
3.16 84.09063782707837
3.17 84.21558067455388
3.1799999999999997 84.48285523357673
3.1899999999999995 84.68587390571838
3.1999999999999993 84.78516659838002
3.210000000000001 84.90442924079677
3.2200000000000006 85.15194954637536
3.2300000000000004 85.57635929701439
3.24 85.63083725768016
3.25 85.9440967578009
3.26 86.1475109959389
3.2699999999999996 86.34815652341474
3.2799999999999994 86.58504525839267
3.290000000000001 86.80015331200555
3.3000000000000007 87.12290254505488
3.3100000000000005 87.29505979120503
3.3200000000000003 87.36565058724662
3.33 87.6664471383853
3.34 87.73919722352097
3.3499999999999996 87.93149980374538
3.3599999999999994 88.14400952265441
3.370000000000001 86.51091197298345
3.380000000000001 86.66880212121424
3.3900000000000006 86.74336547964025
3.4000000000000004 86.88446708603924
3.41 86.94782903545635
3.42 87.07708020109516
3.4299999999999997 87.18251353448792
3.4399999999999995 87.28167084433235
3.4499999999999993 87.32589017115045
3.460000000000001 87.46069882656721
3.4700000000000006 87.5422323248062
3.4800000000000004 87.64570025559121
3.49 87.68211367730298
3.5 87.76068944851356
3.51 87.85183206868318
3.5199999999999996 87.91277270214114
3.5299999999999994 88.02986736173315
3.540000000000001 88.1264114483517
3.5500000000000007 88.21991428800474
3.5600000000000005 88.33004964930383
3.5700000000000003 88.44482831015685
3.58 91.01639220259135
3.59 91.13553087614805
3.5999999999999996 91.26963425537414
3.6099999999999994 91.34392246983805
3.620000000000001 91.42439837827041
3.630000000000001 91.55405847613116
3.6400000000000006 91.68265823777823
3.6500000000000004 91.77052174480238
3.66 91.83346628343496
3.67 91.93373250794436
3.6799999999999997 92.08890726620504
3.6899999999999995 92.23343672106526
3.6999999999999993 92.35846740515751
3.710000000000001 92.55143092962743
3.7200000000000006 92.69754040111236
3.7300000000000004 92.7463038095256
3.74 93.0418646764019
3.75 93.18422103191398
3.76 93.31843489515039
3.7699999999999996 93.4914306592757
3.7799999999999994 93.6588178932083
3.790000000000001 93.82188349332148
3.8000000000000007 94.02736004839738
3.8100000000000005 94.19436326864783
3.8200000000000003 94.35387245548483
3.83 94.60012866589074
3.84 94.75279942503934
3.8499999999999996 94.96271544990262
3.8599999999999994 95.18173852028991
3.870000000000001 95.3543749067068
3.880000000000001 95.59706229207093
3.8900000000000006 95.76679411727386
3.9000000000000004 93.12983059338755
3.91 93.40867481279643
3.92 93.61411644266781
3.9299999999999997 93.85004447640243
3.9399999999999995 94.10892868739471
3.9499999999999993 94.39626250310879
3.960000000000001 94.63106893572154
3.9700000000000006 94.8707756579046
3.9800000000000004 95.04984002636019
3.99 95.46635174919965
4.0 95.72703896875375
4.01 96.02922344042248
4.02 96.37536806349587
4.029999999999999 96.63481820930018
4.040000000000001 96.92386211681892
4.050000000000001 97.33931868982191
4.0600000000000005 97.58740662964813
4.07 97.96303386389415
4.08 98.24971209130834
4.09 98.53480219847216
4.1 98.83852372062653
4.109999999999999 99.18182903417814
4.120000000000001 99.48726469147459
4.130000000000001 99.82829324275754
4.140000000000001 100.13205445391546
4.15 100.4211979078851
4.16 100.72363191894773
4.17 101.03449034043275
4.18 101.45034662609429
4.1899999999999995 101.74222740509255
4.199999999999999 102.1089568495145
4.210000000000001 102.46265517376773
4.220000000000001 102.75737069182897
4.23 103.15963574793938
4.24 103.4525811869827
4.25 103.8221511777689
4.26 104.14089105054063
4.27 104.52757338511306
4.279999999999999 104.86440033963642
4.290000000000001 105.27555208843245
4.300000000000001 105.63169839415295
4.3100000000000005 105.95454134233897
4.32 106.34722224861343
4.33 106.72615278627926
4.34 107.04714084657975
4.35 107.49154078391497
4.359999999999999 107.8378978292496
4.370000000000001 108.25731209042075
4.380000000000001 108.65132209213171
4.390000000000001 109.09352311942637
4.4 109.54050978631855
4.41 109.93122655004042
4.42 110.38305736493977
4.43 110.81437942809013
4.4399999999999995 111.21551210810891
4.449999999999999 111.61036062693493
4.460000000000001 112.0093266842711
4.470000000000001 112.38295284238761
4.48 112.74785523023787
4.49 113.15369745517113
4.5 113.48715047916039
4.51 113.84886349574708
4.52 114.15596381601891
4.529999999999999 114.44730269379251
4.540000000000001 114.75604531994163
4.550000000000001 115.04204423375272
4.5600000000000005 115.37691531044683
4.57 115.73502856107761
4.58 116.07777697945299
4.59 116.4381010464245
4.6 116.75356903996126
4.609999999999999 117.0417474137178
4.620000000000001 117.32814368771977
4.630000000000001 117.57029174381893
4.640000000000001 117.86496434904674
4.65 118.09474919260771
4.66 118.34635659570664
4.67 118.57003603883108
4.68 118.71833494372939
4.6899999999999995 118.89158659691348
4.699999999999999 118.91002583930863
4.710000000000001 118.99973595878919
4.720000000000001 119.04981011354833
4.73 119.17834336507731
4.74 119.19324533141858
4.75 119.13621507802937
4.76 119.16242972050553
4.77 119.11776175303139
4.779999999999999 119.02467336916348
4.790000000000001 nan
4.800000000000001 nan
4.8100000000000005 nan
4.82 nan
4.83 nan
4.84 nan
4.85 nan
4.859999999999999 nan
4.870000000000001 nan
4.880000000000001 nan
4.890000000000001 nan
4.9 nan
4.91 nan
4.92 nan
4.93 nan
4.9399999999999995 nan
4.949999999999999 nan
4.960000000000001 nan
4.970000000000001 nan
4.98 nan
4.99 nan
5.0 nan
5.01 nan
5.02 nan
5.029999999999999 nan
5.040000000000001 nan
5.050000000000001 nan
5.0600000000000005 nan
5.07 nan
5.08 nan
5.09 nan
5.1 nan
5.109999999999999 nan
5.120000000000001 nan
5.130000000000001 107.53085875588765
5.140000000000001 107.08238621673597
5.15 106.61340904843199
5.16 106.16748785975955
5.17 105.66786958697358
5.18 105.18214385928043
5.1899999999999995 104.74800985639376
5.199999999999999 nan
5.210000000000001 nan
5.220000000000001 nan
5.23 nan
5.24 nan
5.25 nan
5.26 nan
5.27 nan
5.279999999999999 nan
5.290000000000001 nan
5.300000000000001 nan
5.3100000000000005 nan
5.32 nan
5.33 nan
5.34 nan
5.35 nan
5.359999999999999 nan
5.370000000000001 nan
5.380000000000001 nan
5.390000000000001 nan
5.4 nan
5.41 nan
5.420000000000002 nan
5.43 nan
5.440000000000001 nan
5.449999999999999 nan
5.460000000000001 nan
5.469999999999999 nan
5.48 nan
5.489999999999998 nan
5.5 nan
5.510000000000002 nan
5.52 nan
5.530000000000001 nan
5.539999999999999 nan
5.550000000000001 nan
5.559999999999999 nan
5.57 nan
5.580000000000002 nan
5.59 nan
5.600000000000001 nan
5.609999999999999 nan
5.620000000000001 nan
5.629999999999999 nan
5.640000000000001 nan
5.649999999999999 nan
5.66 nan
5.670000000000002 nan
5.68 nan
5.690000000000001 nan
5.699999999999999 nan
5.710000000000001 nan
5.719999999999999 nan
5.73 nan
5.739999999999998 nan
5.75 nan
5.760000000000002 nan
5.77 nan
5.780000000000001 nan
5.789999999999999 nan
5.800000000000001 nan
5.809999999999999 nan
5.82 nan
5.830000000000002 80.77153013818985
5.84 80.60131835800112
5.850000000000001 80.47973104876036
5.859999999999999 80.16342149783817
5.870000000000001 79.96565667944459
5.879999999999999 79.69192187810889
5.890000000000001 79.54364272960315
5.899999999999999 79.2991762059117
5.91 79.09628542115944
5.920000000000002 78.94309568280104
5.93 78.77840805610653
5.940000000000001 78.50781202677543
5.949999999999999 78.3903705559209
5.960000000000001 78.2558273276138
5.969999999999999 78.1022262996176
5.98 77.92907364583425
5.989999999999998 77.71004920687112
6.0 77.49796393280506
6.010000000000002 77.37985666556884
6.02 77.22698730065366
6.030000000000001 77.17961447783783
6.039999999999999 77.06891541065603
6.050000000000001 76.83170942481976
6.059999999999999 76.72861495132707
6.07 76.60304116312903
6.080000000000002 nan
6.09 76.40114503988096
6.100000000000001 76.30874695200957
6.109999999999999 76.23062464927911
6.120000000000001 76.07050051397405
6.129999999999999 75.96918929608591
6.140000000000001 75.88068586716442
6.149999999999999 75.76691353961665
6.16 75.69668716945971
6.170000000000002 75.68794263692716
6.18 75.5013742499713
6.190000000000001 75.39295776930435
6.199999999999999 75.36981746202635
6.210000000000001 75.2514433955801
6.219999999999999 75.24611104702308
6.23 75.168265407546
6.239999999999998 75.07691665397898
6.25 74.91960341109788
6.260000000000002 74.81414250503033
6.27 74.7249629623323
6.280000000000001 74.63782727916569
6.289999999999999 74.4820801561279
6.300000000000001 74.42174400135892
6.309999999999999 74.30586764844897
6.32 74.22706878014093
6.330000000000002 74.05695161702288
6.34 73.97144295362881
6.350000000000001 73.88050579781687
6.359999999999999 73.72200968366442
6.370000000000001 73.63720617265575
6.379999999999999 73.40787502977838
6.390000000000001 73.36411721832748
6.399999999999999 73.24207317847822
6.41 73.07071157716594
6.420000000000002 73.01062125567042
6.43 72.80986659426513
6.440000000000001 72.78703569238651
6.449999999999999 72.68022455687012
6.460000000000001 72.58661298987526
6.469999999999999 72.57256210162937
6.48 72.48837990029352
6.489999999999998 72.34308737587881
6.5 72.26146979556172
6.510000000000002 72.18629063367304
6.52 72.1739911149646
6.530000000000001 72.08976846909155
6.539999999999999 72.05897489715575
6.550000000000001 72.00989856186877
6.559999999999999 71.99382404203189
6.57 71.86578274731696
6.580000000000002 71.80745162647999
6.59 72.26669973579257
6.600000000000001 72.2221382375383
6.609999999999999 71.9484866321341
6.620000000000001 72.04177698811576
6.629999999999999 71.97951070325949
6.640000000000001 71.89325649624485
6.649999999999999 71.79455611260336
6.66 71.71094944350835
6.670000000000002 71.63883544544593
6.68 71.50589267739733
6.690000000000001 71.46803762721038
6.699999999999999 71.42989582150507
6.710000000000001 71.28745889428873
6.719999999999999 71.20731646036256
6.73 71.09284973314409
6.739999999999998 70.9801290167208
6.75 70.84690649871045
6.760000000000002 70.75550248797076
6.77 70.62725817442154
6.780000000000001 70.61030836594355
6.789999999999999 70.4359450546581
6.800000000000001 70.37422297180305
6.809999999999999 70.17927951664767
6.82 70.14001269850885
6.830000000000002 70.00786812791445
6.84 69.83847979406511
6.850000000000001 69.69407669602448
6.859999999999999 69.51854577886868
6.870000000000001 69.42946272273078
6.879999999999999 69.04016504492569
6.890000000000001 68.95602503253585
6.899999999999999 68.8375603678544
6.91 68.72733830201572
6.920000000000002 68.59380575029631
6.93 68.51561668365933
6.940000000000001 68.37560295613856
6.949999999999999 68.29116255414948
6.960000000000001 68.20185111241635
6.969999999999999 68.06710159106835
6.98 67.95984092031163
6.989999999999998 67.85430462144603
7.0 67.71343480646635
7.010000000000002 67.62634967222877
7.02 67.52229141742532
7.030000000000001 67.45428166680085
7.039999999999999 67.40271501329089
7.050000000000001 67.26263908498217
7.059999999999999 67.21202842609249
7.07 67.15166660998455
7.080000000000002 67.0746454227261
7.09 66.9361552378999
7.100000000000001 66.84333400218486
7.109999999999999 66.84523537577002
7.120000000000001 66.74503301327064
7.129999999999999 66.70171841087762
7.140000000000001 66.51934377352646
7.149999999999999 66.53477942246099
7.16 66.48676271712105
7.170000000000002 66.47056303523311
7.18 66.34313107748582
7.190000000000001 66.33395115410956
7.199999999999999 66.16005948354194
7.210000000000001 66.17140228402533
7.219999999999999 66.10984898150669
7.23 65.982469250623
7.239999999999998 65.98939548235873
7.25 65.85837394264644
7.260000000000002 65.73198292196115
7.27 65.7334910824139
7.280000000000001 65.58264800047701
7.289999999999999 65.59700497175302
7.300000000000001 65.5323131748163
7.309999999999999 65.42918721113466
7.32 65.42150473270756
7.330000000000002 65.31656545498313
7.34 65.28632699218096
7.350000000000001 65.25018012043162
7.359999999999999 65.2046071815121
7.370000000000001 65.13049712566837
7.379999999999999 65.07363336269954
7.390000000000001 65.05543029475007
7.399999999999999 65.06422699280162
7.41 64.96355533999122
7.420000000000002 64.99551645759666
7.43 64.97369238811422
7.440000000000001 64.86772157783568
7.449999999999999 64.88728557779766
7.460000000000001 64.85476772488934
7.469999999999999 64.77006283814524
7.48 64.7511627536089
7.489999999999998 64.71819797401635
7.5 64.7225045951184
7.510000000000002 64.7028194717489
7.52 64.64799236492831
7.530000000000001 64.5665364154176
7.539999999999999 64.6263360617339
7.550000000000001 64.49236074729939
7.559999999999999 64.45650455284212
7.57 64.38303909733109
7.580000000000002 64.35835234487764
7.59 64.37179735918639
7.600000000000001 64.36050504780933
7.609999999999999 64.25438790380309
7.620000000000001 64.33086104873891
7.629999999999999 64.33081979993082
7.640000000000001 64.2593807923403
7.649999999999999 64.2415669198834
7.66 64.2351620377859
7.670000000000002 64.22509443819987
7.68 64.16653745376543
7.690000000000001 64.19539453970978
7.699999999999999 64.15194619555848
7.710000000000001 64.12410014254098
7.719999999999999 64.15209837581214
7.73 64.06487615926818
7.739999999999998 64.1018036165184
7.75 64.08206006788231
7.760000000000002 64.09201517248559
7.77 64.0999544292383
7.780000000000001 64.10472724273362
7.789999999999999 64.04155208546143
7.800000000000001 64.02998698593527
7.809999999999999 64.01981241360122
7.82 64.04049014479027
7.830000000000002 64.00356880931119
7.84 64.0187161130089
7.850000000000001 63.98355109088952
7.859999999999999 64.00084690478177
7.870000000000001 63.93434427350333
7.879999999999999 63.95992334456922
7.890000000000001 63.952164325274296
7.899999999999999 63.90591400080024
7.91 63.860403039144714
7.920000000000002 63.84754832391477
7.93 63.87371393742078
7.940000000000001 63.86042562821078
7.949999999999999 63.90724643385995
7.960000000000001 63.84734678800547
7.969999999999999 63.824745712307326
7.98 63.83176710087604
7.989999999999998 63.837759574485425
8.0 63.82403469723395
8.010000000000002 63.90691016413654
8.02 63.861154242082854
8.030000000000001 63.907167580737166
8.04 63.87290220136261
8.05 63.897440487790874
8.059999999999999 63.950965874850375
8.07 64.00264826333004
8.080000000000002 63.961504595699736
8.09 64.01702278041007
8.100000000000001 63.99188316284723
8.11 63.969292220366036
8.120000000000001 64.00791423517575
8.129999999999999 64.05990003511027
8.14 64.06635287526925
8.149999999999999 64.15748778557125
8.16 64.19533551192254
8.170000000000002 64.1249527432561
8.18 64.19626996969566
8.190000000000001 64.19919443078669
8.2 64.20685969011794
8.21 64.21331713985583
8.219999999999999 64.21949417375069
8.23 64.3118142240626
8.239999999999998 64.3523015020102
8.25 64.33089991957794
8.260000000000002 64.28049721709361
8.27 64.37779441361008
8.280000000000001 64.3584022761521
8.29 64.43973199274835
8.3 64.36176546229706
8.309999999999999 64.42255886982834
8.32 64.45015476223492
8.330000000000002 64.39589100532672
8.34 64.44095880478793
8.350000000000001 64.3493860813742
8.36 64.42924195666681
8.370000000000001 64.42740025217941
8.379999999999999 64.48962695093748
8.39 64.47798325921042
8.399999999999999 64.43606588109151
8.41 64.54202241075802
8.420000000000002 64.50083664501261
8.43 64.50810307347517
8.440000000000001 64.4481722529841
8.45 64.44863000129706
8.46 64.50931394949762
8.469999999999999 64.39919848694204
8.48 64.4877596359097
8.489999999999998 64.50437576326968
8.5 64.47731043165905
8.510000000000002 64.51190605806065
8.52 64.58914096772057
8.530000000000001 64.51993183229206
8.54 64.50912890681671
8.55 64.58143746127315
8.559999999999999 64.5995918803933
8.57 64.65818206923426
8.580000000000002 64.66068794219134
8.59 64.65923962523686
8.600000000000001 64.6321876131157
8.61 64.5651961501294
8.620000000000001 64.6339035024608
8.629999999999999 64.60180892131575
8.64 64.6318124604953
8.649999999999999 64.66940400461024
8.66 64.59299883436198
8.670000000000002 64.58916190286604
8.68 64.64410289505143
8.690000000000001 64.65518525619848
8.7 64.64315454201446
8.71 64.64330264785929
8.719999999999999 64.69174627504235
8.73 64.65074392542027
8.739999999999998 64.65085071104969
8.75 64.72488309601744
8.760000000000002 64.71525492707676
8.77 64.65950954354184
8.780000000000001 64.66018069123552
8.79 64.70352861432053
8.8 64.67979541595031
8.809999999999999 64.61132760891657
8.82 64.70994243384672
8.830000000000002 64.65601141001179
8.84 64.68115045429711
8.850000000000001 64.7013581961475
8.86 64.66107736375866
8.870000000000001 64.69275002390796
8.879999999999999 64.63327505382073
8.89 64.56387504873197
8.899999999999999 64.60925163048582
8.91 64.63873490527922
8.920000000000002 64.5966227103697
8.93 64.53549102864235
8.940000000000001 64.57840319792275
8.95 64.50336037880669
8.96 64.45251485235366
8.969999999999999 64.4790808639468
8.98 64.46645713825995
8.989999999999998 64.39309981084749
9.0 64.48744572315779
9.010000000000002 64.4016448586837
9.02 64.37987492483475
9.030000000000001 64.35712023006926
9.04 64.35918220720384
9.05 64.34472260204946
9.059999999999999 64.339200766842
9.07 64.32538230652393
9.080000000000002 64.25138183951434
9.09 64.2032012231833
9.100000000000001 64.2304316431287
9.11 64.14157904041164
9.120000000000001 64.17352479266938
9.129999999999999 64.06441250440268
9.14 64.05515408570102
9.149999999999999 64.04109114193628
9.16 64.0752730368037
9.170000000000002 63.94413415665157
9.18 63.973378941106304
9.190000000000001 63.9432350852681
9.2 63.94195405150273
9.21 63.92358105987825
9.219999999999999 63.862226982481154
9.23 63.769970828059094
9.239999999999998 63.67157337854287
9.25 63.720492805717484
9.260000000000002 63.652090820312196
9.27 63.572095149428705
9.280000000000001 63.540914243259415
9.29 63.48667668810778
9.3 63.40928636460044
9.309999999999999 63.43456577916841
9.32 63.33140367241248
9.330000000000002 63.267457012948086
9.34 63.28347240831303
9.350000000000001 63.21272484073975
9.36 63.11579891477476
9.370000000000001 63.00971360978215
9.379999999999999 63.037941652315126
9.39 62.975893856014714
9.399999999999999 62.89459593256113
9.41 62.82404945519619
9.420000000000002 62.798808031064866
9.43 62.81942196391712
9.440000000000001 62.65230486379778
9.45 62.6750386812725
9.46 62.57644134522083
9.469999999999999 62.42323360582053
9.48 62.43956258189286
9.489999999999998 62.407112751447286
9.5 62.314118865836996
9.510000000000002 62.253138974022754
9.52 62.15310277507383
9.530000000000001 62.16894467704447
9.54 62.14958645191096
9.55 61.98895561012937
9.559999999999999 61.95527995682947
9.57 61.910317568215035
9.580000000000002 61.87486347698993
9.59 61.844095073609225
9.600000000000001 61.7665376201357
9.61 61.7835393338295
9.620000000000001 61.65293335247379
9.629999999999999 61.66603584311472
9.64 61.58265186399037
9.649999999999999 61.540665745751845
9.66 61.51478274463548
9.670000000000002 61.528165105672585
9.68 61.425055696330936
9.690000000000001 61.449233935124404
9.7 61.35153066340641
9.71 61.34411963440563
9.719999999999999 61.316995275433015
9.73 61.20676029859591
9.739999999999998 61.16935137721159
9.75 61.27997135184057
9.760000000000002 61.26369610164808
9.77 61.2037801556549
9.780000000000001 61.1581616263226
9.79 61.06905874801887
9.8 61.06871571944126
9.809999999999999 61.049705762722006
9.82 60.90785054963171
9.830000000000002 60.873317420058726
9.84 60.9061505255704
9.850000000000001 60.875173314381016
9.86 60.78303755862104
9.870000000000001 60.761133211992174
9.879999999999999 60.71527844087694
9.89 60.72872991648028
9.899999999999999 60.671062153032274
9.91 60.59606583260596
9.920000000000002 60.577135423905546
9.93 60.6380327835879
9.940000000000001 60.57031297021605
9.95 60.513860358279814
9.96 60.422380819394114
9.969999999999999 60.747721851427585
9.98 60.79800346281335
9.989999999999998 60.71459366999627
10.0 60.714213118498904
10.010000000000002 60.69902559530237
10.02 60.56283884608258
10.030000000000001 60.6151149724981
10.04 60.61222425830897
10.05 60.53514862572696
10.059999999999999 60.529970231272614
10.07 60.571028850897946
10.080000000000002 60.533586183280455
10.09 60.49817477985185
10.100000000000001 60.4742347240237
10.11 60.41536838859345
10.120000000000001 60.3654808722272
10.129999999999999 60.39697863771356
10.14 60.36853715139725
10.149999999999999 60.261649385317405
10.16 60.27566787821314
10.170000000000002 60.21398027843289
10.18 60.182153603752226
10.190000000000001 60.24592123242077
10.2 60.09634551834932
10.21 60.10028898798245
10.219999999999999 60.1610680788184
10.23 60.07089932491337
10.239999999999998 60.08558224536904
10.25 60.0083048436801
10.260000000000002 59.973276923327134
10.27 59.93705536676746
10.280000000000001 59.96357552333323
10.29 59.925949598429796
10.3 59.84881084598649
10.309999999999999 59.89187627571026
10.32 59.7870133321709
10.330000000000002 59.81905549669915
10.34 59.7831423648949
10.350000000000001 59.761460837032836
10.36 59.77242202816167
10.370000000000001 59.72442659219679
10.379999999999999 59.677908592806915
10.39 59.64378636783655
10.399999999999999 59.64523195642087
10.41 59.63654718603858
10.420000000000002 59.57840077469776
10.43 59.62054236729023
10.440000000000001 59.52349459496292
10.45 59.531858697002285
10.46 59.45835741390418
10.469999999999999 59.53970428656053
10.48 59.472483124608125
10.489999999999998 59.42742229817546
10.5 59.4013827292526
10.510000000000002 59.4373951805172
10.52 59.47258810427654
10.530000000000001 59.34140532451587
10.54 59.39494626415953
10.55 59.40810930258427
10.559999999999999 59.390007230476954
10.57 59.41196620176507
10.580000000000002 59.46748578173075
10.59 59.468701162644386
10.600000000000001 59.4165422541066
10.61 59.4368390553287
10.620000000000001 59.47686108777156
10.629999999999999 59.47084894258799
10.64 59.47677661723211
10.649999999999999 59.53706509965974
10.66 59.57309604918695
10.670000000000002 59.50587154876811
10.68 59.60076550878704
10.690000000000001 59.617825955396434
10.7 59.61404281049556
10.71 59.66415993133903
10.719999999999999 59.67440542612195
10.73 59.668554734872515
10.739999999999998 59.663423027395666
10.75 59.68989210625803
10.760000000000002 59.73474494486393
10.77 59.709170359509905
10.780000000000001 59.69707260704579
10.79 59.76740896353013
10.8 59.799877902476375
10.809999999999999 59.836457305801346
10.82 59.86767162289786
10.830000000000002 59.86778911176451
10.84 59.818767860776035
10.850000000000001 59.83822643657906
10.86 59.893809809510046
10.870000000000001 59.94483817799452
10.879999999999999 59.85873313200759
10.89 59.89900522791642
10.899999999999999 59.96091297935054
10.91 59.97021992344747
10.920000000000002 59.96738572651732
10.93 60.01215998630535
10.940000000000001 60.01620694748232
10.95 60.00788246447638
10.96 60.02017610816343
10.969999999999999 60.107227428008756
10.98 60.09080916810968
10.989999999999998 60.085760770891746
11.0 60.04965539979245
11.010000000000002 60.08286193696338
11.02 60.112228027165784
11.030000000000001 60.067872209301555
11.04 60.09842889560942
11.05 60.14413023523457
11.059999999999999 60.06066669307832
11.07 60.1943339703793
11.080000000000002 60.11196615677049
11.09 60.12031042555461
11.100000000000001 60.150867428356136
11.11 60.11086462637584
11.120000000000001 60.04184906960125
11.129999999999999 60.165511997864556
11.14 60.10489637766635
11.149999999999999 60.096177402296306
11.16 60.158718527134354
11.170000000000002 60.19291720659932
11.18 60.171775054922676
11.190000000000001 60.12291150548599
11.2 60.18053907526564
11.21 60.23801465559026
11.219999999999999 60.287645864120044
11.23 60.21866608837208
11.239999999999998 60.279895742336436
11.25 60.07815445571206
11.260000000000002 60.244734264808756
11.27 60.09641507068466
11.280000000000001 60.055655608263
11.29 60.05739598872346
11.3 60.147217596197336
11.309999999999999 60.12501408778943
11.32 60.20976908111855
11.330000000000002 60.23733681450952
11.34 60.22547759773032
11.350000000000001 60.247840404774706
11.36 60.30368357045745
11.370000000000001 60.28363756355944
11.379999999999999 60.36727268887473
11.39 60.31642268153516
11.399999999999999 60.334120963615234
11.41 60.316528398322504
11.420000000000002 60.352961420029374
11.43 60.390227485263296
11.440000000000001 60.40503914754549
11.45 60.37153942433696
11.46 60.327598889866444
11.469999999999999 60.382278293584676
11.48 60.33509064764114
11.489999999999998 60.40872412088861
11.5 60.47137478869995
11.510000000000002 60.39379034876983
11.52 60.309992358196254
11.530000000000001 60.33278227513444
11.54 60.40261770904094
11.55 60.24741221273708
11.559999999999999 60.32697667422585
11.57 60.247369810937755
11.580000000000002 60.27836739981145
11.59 60.353560948159014
11.600000000000001 60.37723601144196
11.61 60.38170722319805
11.620000000000001 60.36532204269752
11.629999999999999 60.34067751947676
11.64 60.32092890082443
11.649999999999999 60.28447194437735
11.66 60.24795772091197
11.670000000000002 60.20054985389604
11.68 60.21971117815944
11.690000000000001 60.174653451271595
11.7 60.19364932370529
11.71 60.20269751201778
11.719999999999999 60.26696698811572
11.73 60.23736647963036
11.739999999999998 60.16566185464867
11.75 60.16851072834037
11.760000000000002 60.21698393995574
11.77 60.162038702796956
11.780000000000001 60.2180642362034
11.79 60.215040610856406
11.8 60.16805143653724
11.809999999999999 60.19110811927008
11.82 60.21433756302795
11.830000000000002 60.19245376241228
11.84 60.11496799356128
11.850000000000001 60.10146526453823
11.86 60.13568861698684
11.870000000000001 60.15930763542637
11.879999999999999 60.16627217726616
11.89 60.09549856270677
11.899999999999999 60.09403335899692
11.91 60.2683525023115
11.920000000000002 60.188153551364444
11.93 60.1952646190458
11.940000000000001 60.15336040123903
11.95 60.09052267278225
11.96 60.16325228060664
11.969999999999999 60.160801338027326
11.98 60.129500504072176
11.989999999999998 60.060867630932904
12.0 60.01859719619605
12.010000000000002 60.03122303856116
12.02 60.044084739097585
12.030000000000001 60.03851941624257
12.04 60.011777157210744
12.05 60.03289561822888
12.059999999999999 60.014978401119535
12.07 60.00774405469126
12.080000000000002 59.946762282967846
12.09 59.934833035944706
12.100000000000001 59.92182111614555
12.11 59.930744417575966
12.120000000000001 59.895276375499606
12.129999999999999 59.930250751881545
12.14 59.905764861945805
12.149999999999999 59.89411353714209
12.16 59.946605304254334
12.170000000000002 59.96983078639003
12.18 59.92816240756769
12.190000000000001 59.88007510464934
12.2 59.81976503449636
12.21 59.848277967015164
12.219999999999999 59.786917093065185
12.23 59.752860716650346
12.239999999999998 59.8087246764123
12.25 59.79175212772854
12.260000000000002 59.72490616996261
12.27 59.75365395933377
12.280000000000001 59.8300325567464
12.29 59.82764801577366
12.3 59.73196184120709
12.309999999999999 59.70457427314701
12.32 59.72587276376735
12.330000000000002 59.72617061811971
12.34 59.626937551679575
12.350000000000001 59.663886779374565
12.36 59.62879339042926
12.370000000000001 59.609510311054365
12.379999999999999 59.62814400969106
12.39 59.606124845545764
12.399999999999999 59.63220120653867
12.41 59.61230613450976
12.420000000000002 59.64083203354206
12.43 59.5854860860824
12.440000000000001 59.61070841047685
12.45 59.56171739342099
12.46 59.56634485306655
12.469999999999999 59.61586334763027
12.48 59.545043827905445
12.489999999999998 59.60502335188244
12.5 59.51553087507919
12.510000000000002 59.63835932117507
12.52 59.58315365756627
12.530000000000001 59.61935102928504
12.54 59.59583246023448
12.55 59.64286031292552
12.559999999999999 59.64958504110659
12.57 59.65021213284867
12.580000000000002 59.69281044843366
12.59 59.6867525700012
12.600000000000001 59.66743137093897
12.61 59.58325647337645
12.620000000000001 59.65555257094052
12.629999999999999 59.68797181106832
12.64 59.69961910797607
12.649999999999999 59.725796927630725
12.66 59.67691120094378
12.670000000000002 59.66415396367446
12.68 59.71944017220507
12.690000000000001 59.76559625429565
12.7 59.691641066129684
12.71 59.675654860277525
12.719999999999999 59.73833923061628
12.73 59.71027983936432
12.739999999999998 59.73263789796874
12.75 59.80174355266023
12.760000000000002 59.72446710821795
12.77 59.71061381739062
12.780000000000001 59.774248976229785
12.79 59.80683308740926
12.8 59.726564577812844
12.809999999999999 59.772336831009966
12.82 59.83655103910746
12.830000000000002 59.80358876964135
12.84 59.82860805595562
12.850000000000001 59.80807883580911
12.86 59.81032961297932
12.870000000000001 59.87189897665986
12.879999999999999 59.85676178499198
12.89 59.82032897997381
12.899999999999999 59.80228462498556
12.91 59.80686969553332
12.920000000000002 59.843018102456725
12.93 59.80784444043212
12.940000000000001 59.84252598297303
12.95 59.878680733837726
12.96 59.843250532850746
12.969999999999999 59.88211163670171
12.98 59.8583801522452
12.989999999999998 59.80598032547256
13.0 59.84722052625668
13.010000000000002 59.86632288490354
13.02 59.89639464079611
13.030000000000001 59.86215263604326
13.04 59.837069005499345
13.05 59.89448175300193
13.059999999999999 59.90793728789797
13.07 59.86241692339995
13.080000000000002 59.84925858999168
13.09 59.85259611840877
13.100000000000001 59.869161675304134
13.11 59.85443189435429
13.120000000000001 59.870650303396786
13.129999999999999 59.786064036838695
13.14 59.76771653251858
13.149999999999999 59.77010011818986
13.16 59.759677260085546
13.170000000000002 59.69295369384855
13.18 59.7509864366715
13.190000000000001 59.738966483963026
13.2 59.765673759588424
13.21 59.7235878933824
13.219999999999999 59.72463922194798
13.23 59.67841306301693
13.239999999999998 59.692559839827325
13.25 59.60587478848822
13.260000000000002 59.67596939508627
13.27 59.703268809612126
13.280000000000001 59.66577038898559
13.29 59.69188069526878
13.3 59.66336882045084
13.309999999999999 59.68727475982813
13.32 59.57803266696579
13.330000000000002 59.59722693586315
13.34 59.541268687290895
13.350000000000001 59.5498587252728
13.36 59.6400706081286
13.370000000000001 59.58991746522241
13.379999999999999 59.57754524808451
13.39 59.54151124895158
13.399999999999999 59.57595603563922
13.41 59.57987140602653
13.420000000000002 59.511614999527225
13.43 59.49121846701713
13.440000000000001 59.532251965774286
13.45 59.54506169793378
13.46 59.5481720861972
13.469999999999999 59.524375020111364
13.48 59.57625466246387
13.489999999999998 59.528758867794764
13.5 59.50626010578919
13.510000000000002 59.4949358802229
13.52 59.539558097633034
13.530000000000001 59.537919813775375
13.54 59.52680527505302
13.55 59.54793892866395
13.559999999999999 59.56165016133623
13.57 59.55027086007508
13.580000000000002 59.51443282357057
13.59 59.46420482566326
13.600000000000001 59.521334114247
13.61 59.479169089696
13.620000000000001 59.5018104908469
13.629999999999999 59.45051086050207
13.64 59.50792979947087
13.649999999999999 59.50109420243109
13.66 59.496370758650826
13.670000000000002 59.50032833299156
13.68 59.464192369440475
13.690000000000001 59.51997109979206
13.7 59.50871484018674
13.71 59.50122715347853
13.719999999999999 59.47789482329897
13.73 59.48205798394501
13.739999999999998 59.52627917997512
13.75 59.479728209845945
13.760000000000002 59.46532202744166
13.77 59.45202493838627
13.780000000000001 59.41899465310303
13.79 59.41647913727215
13.8 59.391008802803555
13.809999999999999 59.39679912874375
13.82 59.368724361204436
13.830000000000002 59.367756378414015
13.84 59.32858553192676
13.850000000000001 59.362207046329935
13.86 59.36661522398765
13.870000000000001 59.245889307651865
13.879999999999999 59.22920438787523
13.89 59.15719514086048
13.899999999999999 59.25094066133145
13.91 59.19417544407058
13.920000000000002 59.08522419279656
13.93 59.131128738856575
13.940000000000001 59.06027393633837
13.95 59.060917667012504
13.96 59.014790665256655
13.969999999999999 59.05267717635916
13.98 59.04403297417514
13.989999999999998 59.03829768023377
14.0 58.91945421311382
14.010000000000002 58.99995832936596
14.02 58.97008955635491
14.030000000000001 58.88207569154177
14.04 58.85772552496306
14.05 58.948093701693566
14.059999999999999 58.909037119239585
14.07 58.847950191289
14.080000000000002 58.831467490801266
14.09 58.92220407016926
14.100000000000001 58.82646025779274
14.11 58.81692423984295
14.120000000000001 58.79499324829345
14.129999999999999 58.77235146179502
14.14 58.81239933122467
14.149999999999999 58.82761805736246
14.16 58.804943676783516
14.170000000000002 58.831413453386645
14.18 58.81383172674955
14.190000000000001 58.770913866365035
14.2 58.80497183304498
