%x y
0.0 11.695120642156056
0.010000000000001563 11.715468718555865
0.02000000000000135 11.708497008314142
0.030000000000001137 11.728154756031355
0.040000000000000924 11.741914687029041
0.05000000000000071 11.73103656942034
0.0600000000000005 11.75376954696887
0.07000000000000028 11.711763376435552
0.08000000000000007 11.73172343385864
0.09000000000000163 11.782453562754998
0.10000000000000142 11.826091152630553
0.11000000000000121 11.82733884365333
0.120000000000001 11.930857900331858
0.13000000000000078 11.923424610560104
0.14000000000000057 11.793909258847506
0.15000000000000036 11.932751582521735
0.16000000000000014 11.960747394032909
0.1700000000000017 11.954396849768344
0.1800000000000015 11.786831951239307
0.19000000000000128 11.802123110611944
0.20000000000000107 11.816630728269535
0.21000000000000085 11.782306801440264
0.22000000000000064 11.819378836222201
0.23000000000000043 11.7958678539396
0.2400000000000002 11.792640429606573
0.25 11.811302775483778
0.26000000000000156 11.749961961765766
0.27000000000000135 11.795650887792707
0.28000000000000114 11.758004010221615
0.2900000000000009 11.765654037629258
0.3000000000000007 11.764437224138725
0.3100000000000005 11.768889546517471
0.3200000000000003 11.740493655315595
0.33000000000000007 11.76705936066908
0.34000000000000163 11.774444533639127
0.3500000000000014 11.788853877666112
0.3600000000000012 11.790994981124369
0.370000000000001 11.763593456797064
0.3800000000000008 11.749262378765362
0.39000000000000057 11.819909648427634
0.40000000000000036 11.820874943909278
0.41000000000000014 11.813127408440625
0.4200000000000017 11.815636501589928
0.4300000000000015 11.835958396091367
0.4400000000000013 11.853981922184172
0.45000000000000107 11.844587982802246
0.46000000000000085 11.866936673735836
0.47000000000000064 11.86151346572232
0.4800000000000004 11.8647937307505
0.4900000000000002 11.859266998015002
0.5 11.880760116935889
0.5100000000000016 11.853016066824003
0.5200000000000014 11.904298260671702
0.5300000000000011 11.90743482752098
0.5400000000000009 11.85754056433715
0.5500000000000007 11.854526599331152
0.5600000000000005 11.853563359289314
0.5700000000000003 11.853205807514438
0.5800000000000001 11.859337063434802
0.5900000000000016 11.860075493948088
0.6000000000000014 11.837825807348157
0.6100000000000012 12.087092585058294
0.620000000000001 11.858173195534134
0.6300000000000008 11.824439250910519
0.6400000000000006 11.817025168282855
0.6500000000000004 11.801929282954418
0.6600000000000001 11.818513000320445
0.6700000000000017 11.826580560232943
0.6800000000000015 11.797050839955618
0.6900000000000013 11.77723591101729
0.7000000000000011 11.747828127187043
0.7100000000000009 11.76317473438348
0.7200000000000006 11.734760368076921
0.7300000000000004 11.739788525803903
0.7400000000000002 11.740228799522317
0.75 11.75234675711155
0.7600000000000016 11.729780554746526
0.7700000000000014 11.738922734165886
0.7800000000000011 11.73251713011583
0.7900000000000009 11.727094231366646
0.8000000000000007 11.772507870632968
0.8100000000000005 11.734198816322078
0.8200000000000003 11.760665874628568
0.8300000000000001 11.725796890272408
0.8400000000000016 11.742586191379196
0.8500000000000014 11.757190534420586
0.8600000000000012 11.74263765501601
0.870000000000001 11.77265898791368
0.8800000000000008 11.75124444594275
0.8900000000000006 11.75563717334635
0.9000000000000004 11.692366359178795
0.9100000000000001 11.746375994510757
0.9200000000000017 11.739465919084214
0.9300000000000015 11.73825802184933
0.9400000000000013 11.719351552379372
0.9500000000000011 11.71757389127847
0.9600000000000009 11.680978969736618
0.9700000000000006 11.704394596552039
0.9800000000000004 11.713140305769198
0.9900000000000002 11.706460345628699
1.0 11.702135487170558
1.0100000000000016 11.698799267687646
1.0200000000000014 11.718861292330086
1.0300000000000011 11.684765640330827
1.040000000000001 11.716320722205488
1.0500000000000007 11.697004077617748
1.0600000000000005 11.765731004602848
1.0700000000000003 11.713511990062244
1.08 11.712187814269349
1.0900000000000016 11.88812194498492
1.1000000000000014 11.852227874725035
1.1100000000000012 11.838310998012744
1.120000000000001 11.781318272840956
1.1300000000000008 11.75361918403601
1.1400000000000006 11.74298434341293
1.1500000000000004 11.776346636221145
1.1600000000000001 11.740793644377723
1.1700000000000017 11.754049789287528
1.1800000000000015 11.669528448714034
1.1900000000000013 11.674249639247037
1.200000000000001 11.644250183053362
1.2100000000000009 11.63244823194146
1.2200000000000006 11.642992078385127
1.2300000000000004 11.651051368579441
1.2400000000000002 11.60705888775626
1.25 11.614218934251353
1.2600000000000016 11.570455473056645
1.2700000000000014 11.55554220548343
1.2800000000000011 11.556662954894755
1.290000000000001 11.569206656898139
1.3000000000000007 11.54233037280407
1.3100000000000005 11.560017311224156
1.3200000000000003 11.532995403544088
1.33 11.532116508663648
1.3400000000000016 11.52905216684122
1.3500000000000014 11.537497599829106
1.3600000000000012 11.511491554433253
1.370000000000001 11.478308101041671
1.3800000000000008 11.527251166445213
1.3900000000000006 11.494287810582538
1.4000000000000004 11.470372416257913
1.4100000000000001 11.486857728627422
1.4200000000000017 11.508554750039087
1.4300000000000015 11.50366665958066
1.4400000000000013 11.530350771454849
1.450000000000001 11.527083649311539
1.4600000000000009 11.545091734838003
1.4700000000000006 11.521322027003148
1.4800000000000004 11.568344572390128
1.4900000000000002 11.56163950233101
1.5 11.58166456170293
1.5100000000000016 11.595923681173165
1.5200000000000014 11.577132970837074
1.5300000000000011 11.603082091262035
1.540000000000001 11.60104916608488
1.5500000000000007 11.670717917526272
1.5600000000000005 11.685885767498021
1.5700000000000003 11.676402039911128
1.58 11.683830382064565
1.5900000000000016 11.671757191208872
1.6000000000000014 11.661132803966856
1.6100000000000012 11.614121118436204
1.620000000000001 11.598276061021831
1.6300000000000008 11.577752688718146
1.6400000000000006 11.596249616811875
1.6500000000000004 11.575723342144421
1.6600000000000001 11.57070747506352
1.6700000000000017 11.529747786279842
1.6800000000000015 11.539560512614003
1.6900000000000013 11.558284609011757
1.700000000000001 11.543287343942321
1.7100000000000009 11.540961023326847
1.7200000000000006 11.560414576636875
1.7300000000000004 11.526632071061695
1.7400000000000002 11.54235949280026
1.75 11.564088222848968
1.7600000000000016 11.523976175878108
1.7700000000000014 11.588750273162018
1.7800000000000011 11.579646682266496
1.790000000000001 11.593545948987646
1.8000000000000007 11.623397320567047
1.8100000000000005 11.63465996786266
1.8200000000000003 11.67810390512331
1.83 11.698489506707329
1.8400000000000016 11.734149653768524
1.8500000000000014 11.73156823066356
1.8600000000000012 11.769326507476393
1.870000000000001 11.819791299894451
1.8800000000000008 11.785102907208119
1.8900000000000006 11.799532613253973
1.9000000000000004 11.820952806295056
1.9100000000000001 11.824170280228232
1.9200000000000017 11.865099823273674
1.9300000000000015 11.854362932524367
1.9400000000000013 11.890544234650207
1.950000000000001 11.885461621087511
1.9600000000000009 11.881071550641616
1.9700000000000006 11.892120223238955
1.9800000000000004 11.898567783554908
1.9900000000000002 11.872269381436142
2.0 11.872420856405505
2.0100000000000016 11.899164039497153
2.0200000000000014 11.921923015861761
2.030000000000001 11.924783305316751
2.040000000000001 11.936621313479865
2.0500000000000007 11.940747574584192
2.0600000000000005 11.899546887001932
2.0700000000000003 11.97857522830413
2.08 11.972873035700639
2.0900000000000016 11.953560924622952
2.1000000000000014 11.94507772715097
2.110000000000001 11.942626481412773
2.120000000000001 11.926469672410933
2.130000000000001 11.885120698019495
2.1400000000000006 11.87689786075753
2.1500000000000004 11.864649793893076
2.16 11.849361767083373
2.1700000000000017 11.80353842146106
2.1800000000000015 11.763789730417345
2.1900000000000013 11.738458398292067
2.200000000000001 11.735474229537939
2.210000000000001 11.700022585379962
2.2200000000000006 11.706402849055161
2.2300000000000004 11.692499032637357
2.24 11.688718665192862
2.25 11.724318317307583
2.2600000000000016 11.763302532721262
2.2700000000000014 11.82574552660157
2.280000000000001 11.92556520162085
2.290000000000001 12.01325768530198
2.3000000000000007 12.172742837491906
2.3100000000000005 12.32561855270822
2.3200000000000003 12.510605099060692
2.33 12.696657482284689
2.3400000000000016 12.892597807069265
2.3500000000000014 13.079394899006097
2.360000000000001 13.344549825774566
2.370000000000001 13.594795552812208
2.380000000000001 13.839509611100898
2.3900000000000006 14.105954982689473
2.4000000000000004 14.408695104800511
2.41 14.701443490881303
2.4200000000000017 14.961474569152072
2.4300000000000015 15.22339123828483
2.4400000000000013 15.5398033096028
2.450000000000001 15.731904768979955
2.460000000000001 16.00130474413398
2.4700000000000006 16.2231350489418
2.4800000000000004 16.508346372965846
2.49 16.729061914243047
2.5 16.961524148142974
2.5100000000000016 17.192595279953977
2.5200000000000014 17.439229063516876
2.530000000000001 17.680292925870745
2.540000000000001 17.916461129431585
2.5500000000000007 18.123398835651145
2.5600000000000005 18.337547492604877
2.5700000000000003 18.55106403451958
2.58 18.719699005749366
2.5900000000000016 18.909997524672196
2.6000000000000014 19.11804319383341
2.610000000000001 19.31999049688828
2.620000000000001 19.490416671023635
2.630000000000001 19.668111220913374
2.6400000000000006 19.83125855958709
2.6500000000000004 19.985933485525692
2.66 20.164376212840306
2.6700000000000017 20.286921140296226
2.6800000000000015 20.45147322049481
2.6900000000000013 20.58072503744708
2.700000000000001 20.684540279865946
2.710000000000001 20.872478697741478
2.7200000000000006 21.001733254457513
2.7300000000000004 21.128178570710013
2.74 21.227140248122137
2.75 21.297054807616213
2.7600000000000016 21.505532025865936
2.7700000000000014 21.60129981349266
2.780000000000001 21.752550065973065
2.790000000000001 21.892231239663158
2.8000000000000007 21.791888926996254
2.8100000000000005 21.811937339223025
2.8200000000000003 22.039443675697846
2.83 22.0555711521941
2.8400000000000016 22.31424803989142
2.8500000000000014 22.435040331566398
2.860000000000001 22.548974426186682
2.870000000000001 22.733884709879945
2.880000000000001 22.88178742631741
2.8900000000000006 22.93841673227726
2.9000000000000004 22.993626009102186
2.91 23.151378432874175
2.9200000000000017 23.270897182918365
2.9300000000000015 23.407616054577964
2.9400000000000013 23.63846676316484
2.950000000000001 23.714088995662085
2.960000000000001 23.889629713586224
2.9700000000000006 23.981862138320697
2.9800000000000004 24.266834414750228
2.99 24.31896700316223
3.0 24.345638384525593
3.0100000000000016 24.550255289544666
3.0200000000000014 24.70449462528785
3.030000000000001 24.980309569790304
3.040000000000001 25.009951866533868
3.0500000000000007 25.160667423364785
3.0600000000000005 25.44463922949245
3.0700000000000003 25.505538639649377
3.08 25.702548674131823
3.0900000000000016 25.777311176714363
3.1000000000000014 25.943295716436296
3.110000000000001 26.10120103281608
3.120000000000001 26.238522864005837
3.130000000000001 26.39333477814658
3.1400000000000006 26.606956356634623
3.1500000000000004 26.688677674751315
3.16 26.993320569533527
3.1700000000000017 27.21028734547394
3.1800000000000015 27.383541432974297
3.1900000000000013 27.48054527615944
3.200000000000001 27.634180770830312
3.210000000000001 27.813013956409414
3.2200000000000024 27.980601125924217
3.2300000000000004 28.164448887746136
3.240000000000002 28.29707942317428
3.25 28.46004892819467
3.2600000000000016 28.475393088095835
3.2699999999999996 28.693895391487146
3.280000000000001 28.8650599897827
3.289999999999999 29.037727243102598
3.3000000000000007 29.20576312840676
3.3100000000000023 29.414841929561838
3.3200000000000003 29.594877098046943
3.330000000000002 29.64656157966981
3.34 29.73466530909683
3.3500000000000014 29.958209421648554
3.3599999999999994 30.148645200405095
3.370000000000001 30.388921047374186
3.3800000000000026 30.581973652679252
3.3900000000000006 30.881756628435838
3.400000000000002 31.028336921143897
3.41 31.230901953894897
3.4200000000000017 31.39575655274467
3.4299999999999997 31.6147647632433
3.4400000000000013 31.802814145377877
3.4499999999999993 32.00408268945334
3.460000000000001 32.248401569303226
3.4700000000000024 32.389625426004564
3.4800000000000004 32.614964036116284
3.490000000000002 32.879170330288446
3.5 33.023546259196834
3.5100000000000016 33.22657604340105
3.5199999999999996 33.448860924631305
3.530000000000001 33.603706945616665
3.539999999999999 33.78838739554639
3.5500000000000007 33.94170316209488
3.5600000000000023 34.179206720632436
3.5700000000000003 34.32974351646141
3.580000000000002 34.546097724407424
3.59 34.718811636577406
3.6000000000000014 34.83402214831406
3.6099999999999994 35.01018827347585
3.620000000000001 35.22048862328647
3.6300000000000026 35.42573661796945
3.6400000000000006 35.557532252142586
3.650000000000002 35.749525822774196
3.66 35.92704185979173
3.6700000000000017 36.032631942038975
3.6799999999999997 36.220698897874755
3.6900000000000013 36.428185735770015
3.6999999999999993 36.52514612975539
3.710000000000001 36.72664730986922
3.7200000000000024 36.86735243202388
3.7300000000000004 37.02831959086396
3.740000000000002 37.18234449770045
3.75 37.309718685025835
3.7600000000000016 37.474154995633484
3.7699999999999996 37.60165330594289
3.780000000000001 37.721595457478756
3.789999999999999 37.84358237895354
3.8000000000000007 37.98112795698708
3.8100000000000023 38.118754483807436
3.8200000000000003 38.241775239265834
3.830000000000002 38.37230809883195
3.84 38.49511092927064
3.8500000000000014 38.604570544904774
3.8599999999999994 38.719889942124226
3.870000000000001 38.83081566788911
3.8800000000000026 38.94506040335153
3.8900000000000006 39.04842441880222
3.900000000000002 39.16361027053121
3.91 39.27567277858717
3.9200000000000017 39.37053585930396
3.9299999999999997 39.443166102984264
3.9400000000000013 39.545637465419375
3.9499999999999993 39.6246794387187
3.960000000000001 39.70072866060442
3.9700000000000024 39.80450201412483
3.9800000000000004 39.852868259730954
3.990000000000002 39.93122313438544
4.0 40.00612455214299
4.010000000000002 40.04958576489635
4.02 40.1363108589576
4.030000000000001 40.197933497455736
4.039999999999999 40.32887513115355
4.050000000000001 40.30678892340673
4.060000000000002 40.38381412220163
4.07 40.3972132555267
4.080000000000002 40.451464120876686
4.09 40.49528523418745
4.100000000000001 40.51927801404294
4.109999999999999 40.55366421085591
4.120000000000001 40.60959864421423
4.130000000000003 40.61517614272317
4.140000000000001 40.66299292387548
4.150000000000002 40.69378942551944
4.16 40.718741526987316
4.170000000000002 40.7179925858727
4.18 40.767435323256514
4.190000000000001 40.81666771478285
4.199999999999999 40.81284566791814
4.210000000000001 40.82868260588741
4.220000000000002 40.8317523906246
4.23 40.88126020737367
4.240000000000002 40.84688694295953
4.25 40.84452429361967
4.260000000000002 40.8275936679741
4.27 40.812902937851135
4.280000000000001 40.80486008675838
4.289999999999999 40.82862514600263
4.300000000000001 40.80449588559773
4.310000000000002 40.74294697696325
4.32 40.734120654903606
4.330000000000002 40.7172894861761
4.34 40.74043719026834
4.350000000000001 40.69381129173276
4.359999999999999 40.6216145151642
4.370000000000001 40.59527836017455
4.380000000000003 40.55111094428421
4.390000000000001 40.565746339797826
4.400000000000002 40.56282189941233
4.41 40.537288624343276
4.420000000000002 40.47564509655515
4.43 40.41584275228212
4.440000000000001 40.28922982556618
4.449999999999999 40.187980100302696
4.460000000000001 40.02767509150521
4.470000000000002 39.89350065817175
4.48 39.662691243322655
4.490000000000002 39.37684671158871
4.5 39.14918707806516
4.510000000000002 38.88384677466287
4.52 38.442121734448776
4.530000000000001 38.179183423061886
4.539999999999999 37.73849765086773
4.550000000000001 37.208524670795256
4.560000000000002 36.662370474323396
4.57 36.07509463600999
4.580000000000002 35.42904177182468
4.59 34.778926613125044
4.600000000000001 34.09698982310955
4.609999999999999 33.400724092331004
4.620000000000001 32.70660721525908
4.630000000000003 31.984770248331493
4.640000000000001 31.282350869604194
4.650000000000002 30.478032384390524
4.66 29.718574057700202
4.670000000000002 29.05982245464213
4.68 28.212276188236526
4.690000000000001 27.52589013044438
4.699999999999999 26.6746704991884
4.710000000000001 25.986152653778277
4.720000000000002 25.191692366496405
4.73 24.500328987088835
4.740000000000002 23.882893077723796
4.75 23.378056391062863
4.760000000000002 22.919091996753693
4.77 22.329327770113874
4.780000000000001 21.748504992837784
4.789999999999999 21.228605569113036
4.800000000000001 20.768631717379854
4.810000000000002 20.330138191122934
4.82 19.969874561972524
4.830000000000002 19.606096536515167
4.84 19.334377033424104
4.850000000000001 19.069529624952438
4.859999999999999 18.769123742748878
4.870000000000001 18.465962624392013
4.880000000000003 18.135685044399757
4.890000000000001 17.855778775095292
4.900000000000002 17.514574912036228
4.91 17.250329634786894
4.920000000000002 17.027036286000722
4.93 16.885855713491743
4.940000000000001 16.65552849001411
4.949999999999999 16.56491549715229
4.960000000000001 16.355240703968107
4.970000000000002 16.11254534215001
4.98 15.900256193292197
4.990000000000002 15.67090778275855
5.0 15.491570124003132
5.010000000000002 15.315545009606812
5.02 15.142607593477948
5.030000000000001 14.941708379687292
5.039999999999999 14.816649369750971
5.050000000000001 14.66086096293191
5.060000000000002 14.519296112710181
5.07 14.377984699910723
5.080000000000002 14.21961515419421
5.09 14.13591130460091
5.100000000000001 13.976780295212821
5.109999999999999 13.82806852839777
5.120000000000001 13.737336104705527
5.130000000000003 13.597507291935418
5.140000000000001 13.48992145889924
5.150000000000002 13.497875024029103
5.16 13.295366687737777
5.170000000000002 13.152212081697837
5.18 13.099410980612383
5.190000000000001 13.03371739268626
5.199999999999999 12.884861095990832
5.210000000000001 12.847714705630832
5.220000000000002 12.836187771227204
5.23 12.770116226346449
5.240000000000002 12.66420470048817
5.25 12.543055709961845
5.260000000000002 12.52989986184009
5.27 12.479017107131568
5.280000000000001 12.39682740859567
5.289999999999999 12.363052613470767
5.300000000000001 12.237107201675894
5.310000000000002 12.20648648952576
5.32 12.15263204998781
5.330000000000002 12.069983818566078
5.34 12.082187979195378
5.350000000000001 12.066660809671705
5.359999999999999 12.004456561408595
5.370000000000001 11.99753784923821
5.380000000000003 11.99433257206189
5.390000000000001 11.919846037688192
5.400000000000002 11.903880924532803
5.41 11.91194935315014
5.420000000000002 11.93246600345386
5.43 11.92728396666537
5.440000000000001 12.15069752656471
5.449999999999999 12.059355166586318
5.460000000000001 12.0262480401691
5.470000000000002 12.08571371518316
5.48 12.034196659579708
5.490000000000002 12.130875465709671
5.5 12.105652438682394
5.510000000000002 12.077969522279673
5.52 11.989691913892457
5.530000000000001 11.976317738841088
5.539999999999999 12.016283995872929
5.550000000000001 11.968749928641296
5.560000000000002 11.999993420731192
5.57 12.004960350516862
5.580000000000002 12.004792388589198
5.59 11.971380486288115
5.600000000000001 12.007066321617282
5.609999999999999 11.999493241950827
5.620000000000001 11.96519695365834
5.630000000000003 11.92960716271822
5.640000000000001 11.918585863567369
5.650000000000002 11.86978684725095
5.66 11.911643835395964
5.670000000000002 11.947078754110391
5.68 11.868186877505025
5.690000000000001 11.854379959312334
5.699999999999999 11.868757382410221
5.710000000000001 11.845523641402146
5.720000000000002 11.876889861665875
5.73 11.88755379078485
5.740000000000002 11.859973968318984
5.75 11.904708218966643
5.760000000000002 11.921499320672918
5.77 11.932822451400048
5.780000000000001 11.97496078969714
5.789999999999999 11.914136814844385
5.800000000000001 11.917804070568046
5.810000000000002 11.922844967466007
5.82 11.938981445456125
5.830000000000002 11.937619825560382
5.84 11.868099639166164
5.850000000000001 11.911488325716391
5.859999999999999 11.899251674367324
5.870000000000001 11.858778299221946
5.880000000000003 11.8905993061784
5.890000000000001 11.89312785909521
5.900000000000002 11.87276732584899
5.91 11.851904153566139
5.920000000000002 12.255419405621982
5.93 12.2524112097258
5.940000000000001 12.296675232250976
5.949999999999999 12.279600868099477
5.960000000000001 12.30529056814411
5.970000000000002 12.271778170252498
5.98 12.276435550868673
5.990000000000002 12.307453902677306
6.0 12.264777940196721
6.010000000000002 12.32568188792207
6.02 11.962737183659538
6.030000000000001 11.965894341705464
6.039999999999999 11.941683612775222
6.050000000000001 11.989927551634091
6.060000000000002 11.917535138404315
6.07 11.96945308139934
6.080000000000002 11.98856597494134
6.09 12.02571406690167
6.100000000000001 12.050886334721856
6.109999999999999 12.10279349390848
6.120000000000001 12.089808573104161
6.130000000000003 12.07569429020846
6.140000000000001 11.972407447892374
6.150000000000002 11.85060263692557
6.16 11.867572796816946
6.170000000000002 11.839947226585238
6.18 11.845084277261567
6.190000000000001 11.842694676263395
6.199999999999999 11.86706970732656
6.210000000000001 11.87986524561364
6.220000000000002 11.901283713234122
6.23 11.985029891333394
6.240000000000002 11.961538143782674
6.25 11.978385077387388
6.260000000000002 11.99099378586683
6.27 12.06456161599692
6.280000000000001 12.062442276089858
6.289999999999999 12.181631149005199
6.300000000000001 12.149417524370204
6.310000000000002 12.21417131840995
6.32 12.173595404203706
6.330000000000002 12.112392103907101
6.34 12.13354983736184
6.350000000000001 12.212219675215504
6.359999999999999 12.249389012416984
6.370000000000001 12.242712941255867
6.380000000000003 12.2173219620107
6.390000000000001 12.248356571246148
6.400000000000002 12.24927389169023
6.41 12.222023080983611
6.420000000000002 12.238095530869757
6.43 12.289452869170793
6.440000000000001 12.322684524580843
6.449999999999999 12.321179623087701
6.460000000000001 12.309835400310938
6.470000000000002 12.294839021934427
6.48 12.342022861243588
6.490000000000002 12.34555892565773
6.5 12.349775643067327
6.510000000000002 12.356326039214082
6.52 12.350274278954956
6.530000000000001 12.390832306482407
6.539999999999999 12.375442190598648
6.550000000000001 12.347508648724741
6.560000000000002 12.342952168777664
6.57 12.333571185854684
6.580000000000002 12.369276748232283
6.59 12.391291732906023
6.600000000000001 12.407095984439913
6.609999999999999 12.427105040441717
6.620000000000001 12.46323126182881
6.630000000000003 12.478072764647846
6.640000000000001 12.462322350636283
6.650000000000002 12.498603601495137
6.66 12.518228323329094
6.670000000000002 12.507897300870345
6.68 12.503201834120762
6.690000000000001 12.492444005616402
6.699999999999999 12.49482145210981
6.710000000000001 12.505351203589267
6.720000000000002 12.501999659528217
6.73 12.474285547785357
6.740000000000002 12.442971294906211
6.75 12.494633120644743
6.760000000000002 12.461494931920651
6.77 12.495420135029473
6.780000000000001 12.490361021556723
6.789999999999999 12.545160821739138
6.800000000000001 12.534667264933216
6.810000000000002 12.520033016414352
6.82 12.513757973293114
6.830000000000002 12.520075643280084
6.84 12.548462888709608
6.850000000000001 12.568264156436321
6.859999999999999 12.581136007821346
6.870000000000001 12.564537257887618
6.880000000000003 12.583066002435885
6.890000000000001 12.588352040926974
6.900000000000002 12.58720709745858
6.91 12.604880224088392
6.920000000000002 12.592625940107611
6.93 12.592771503004595
6.940000000000001 12.614237925620507
6.949999999999999 12.603283397113731
6.960000000000001 12.653155743862595
6.970000000000002 12.672166512209365
6.98 12.645305457408444
6.990000000000002 12.674381859103363
7.0 12.646460860928755
7.010000000000002 12.645702569921315
7.02 12.679436539673283
7.030000000000001 12.670144536005662
7.039999999999999 12.675471887615922
7.050000000000001 12.684209663088948
7.060000000000002 12.697646687705154
7.07 12.680878180988337
7.080000000000002 12.640614158756762
7.09 12.631909267654294
7.100000000000001 12.598041287113402
7.109999999999999 12.630384169651265
7.120000000000001 12.632595998750896
7.130000000000003 12.650948372027884
7.140000000000001 12.638975439618251
7.150000000000002 12.617805980628107
7.16 12.623642769628479
7.170000000000002 12.645443741336639
7.18 12.605235496022791
7.190000000000001 12.625738388334707
7.199999999999999 12.629658138536433
7.210000000000001 12.649687836241348
7.220000000000002 12.651178853869773
7.23 12.663706211379841
7.240000000000002 12.65130359219275
7.25 12.655874725776997
7.260000000000002 12.608233152480107
7.27 12.617794176926676
7.280000000000001 12.5757648788639
7.289999999999999 12.571085403930734
7.300000000000001 12.571936034168683
7.310000000000002 12.56783650407991
7.32 12.577773953302515
7.330000000000002 12.568308892596427
7.34 12.588026064477946
7.350000000000001 12.61607023208865
7.359999999999999 12.619609832121846
7.370000000000001 12.654042713977539
7.380000000000003 12.633455254080829
7.390000000000001 12.59705703857362
7.400000000000002 12.572268773384959
7.41 12.568044460546723
7.420000000000002 12.5723994856756
7.43 12.522891221127075
7.440000000000001 12.532084193583593
7.449999999999999 12.491000181845783
7.460000000000001 12.438694033852872
7.470000000000002 12.471109002928989
7.48 12.447541529413215
7.490000000000002 12.49508273980771
7.5 12.485123566323086
7.510000000000002 12.452366964749963
7.52 12.501571769092648
7.530000000000001 12.470583085877479
7.539999999999999 12.457214439009691
7.550000000000001 12.473758680321591
7.560000000000002 12.434741487772415
7.57 12.393006125571834
7.580000000000002 12.415965211000035
7.59 12.440930372785742
7.600000000000001 12.40223123965874
7.609999999999999 12.409782614600932
7.620000000000001 12.407846939509092
7.630000000000003 12.384152015609306
7.640000000000001 12.398784014900532
7.650000000000002 12.423761157726151
7.66 12.404396976705542
7.670000000000002 12.408619871060711
7.68 12.410006558186733
7.690000000000001 12.393183265604915
7.699999999999999 12.398275692013147
7.710000000000001 12.343386374820458
7.720000000000002 12.37113688433925
7.73 12.342521620655544
7.740000000000002 12.3652290650776
7.75 12.324160180314017
7.760000000000002 12.31928616569316
7.77 12.366872197106336
7.780000000000001 12.355386283620252
7.789999999999999 12.343611427690576
7.800000000000001 12.328885858730445
7.810000000000002 12.29671920655233
7.82 12.29286693809442
7.830000000000002 12.323877741526058
7.84 12.35972377486156
7.850000000000001 12.38910103933313
7.859999999999999 12.375607925305124
7.870000000000001 12.422291562550337
7.880000000000003 12.43142137261641
7.890000000000001 12.455496689072968
7.900000000000002 12.4726741985872
7.91 12.475964247882306
7.920000000000002 12.509068415740806
7.93 12.488339085187809
7.940000000000001 12.426178969727541
7.949999999999999 12.379136878450545
7.960000000000001 12.382883356332439
7.970000000000002 12.373562054042798
7.98 12.391791577218466
7.990000000000002 12.380552974488113
8.0 12.374950855392672
8.010000000000002 12.402192914164946
8.02 12.44356151868661
8.030000000000001 12.431356514294198
8.04 12.427782195001592
8.05 12.39764163620335
8.060000000000002 12.414783437307252
8.07 12.41154674303159
8.080000000000002 12.415181509519012
8.09 12.439404714968134
8.100000000000001 12.385462429724106
8.11 12.403127211037623
8.120000000000001 12.43218927630821
8.130000000000003 12.418746972877779
8.14 12.454069387254016
8.150000000000002 12.409624963318787
8.16 12.429754598617604
8.170000000000002 12.403683231577634
8.18 12.407086616635066
8.190000000000001 12.418018858959403
8.2 12.409151346207622
8.21 12.422301401492373
8.220000000000002 12.406751234221435
8.23 12.418451636951612
8.240000000000002 12.42363547204625
8.25 12.458560295812541
8.260000000000002 12.442806918553563
8.27 12.42368490302728
8.280000000000001 12.43042401751428
8.29 12.408242440641317
8.3 12.448367471903008
8.310000000000002 12.303074507567949
8.32 12.332112075386885
8.330000000000002 12.339062782638472
8.34 12.323453042239997
8.350000000000001 12.323769900458771
8.36 12.32593503521656
8.370000000000001 12.305995858529368
8.380000000000003 12.362796544307106
8.39 12.475418261049565
8.400000000000002 12.400932101446369
8.41 12.463379419304086
8.420000000000002 12.350157765462946
8.43 12.326561777225063
8.440000000000001 12.327858532714776
8.45 12.423591222088977
8.46 12.303361507348974
8.470000000000002 12.45424471141079
8.48 12.46502591859987
8.490000000000002 12.34528258901568
8.5 12.454904854327197
8.510000000000002 12.35825484198309
8.52 12.46097476093011
8.530000000000001 12.447375445444361
8.54 12.476459466335626
8.55 12.505432033958122
8.560000000000002 12.509773024817637
8.57 12.452975946420842
8.580000000000002 12.462257662932725
8.59 12.408011786450952
8.600000000000001 12.387375487601364
8.61 12.363120829178225
8.620000000000001 12.356184244141282
8.630000000000003 12.345495427700989
8.64 12.362047173830796
8.650000000000002 12.359172771911268
8.66 12.384688622489064
8.670000000000002 12.405289392060073
8.68 12.399977122636379
8.690000000000001 12.407270834003015
8.7 12.404777218043854
8.71 12.415236656740161
8.720000000000002 12.40318755713626
8.73 12.351703497873489
8.740000000000002 12.406922100328964
8.75 12.42253511567392
8.760000000000002 12.435017708730594
8.77 12.426591653948758
8.780000000000001 12.437343543366374
8.79 12.427053332536754
8.8 12.410088682052967
