%x y
0.0 29.506721245815115
0.009999999999999787 29.470195509263753
0.019999999999999574 29.4480664176431
0.02999999999999936 29.4552981486129
0.03999999999999915 29.393795204823466
0.049999999999998934 29.411965580498034
0.0600000000000005 29.438105382694406
0.07000000000000028 29.482340428996828
0.08000000000000007 29.457932018703726
0.08999999999999986 29.50574594592154
0.09999999999999964 29.462728077068164
0.10999999999999943 29.438488977034567
0.11999999999999922 29.486171894706235
0.129999999999999 29.49667377072315
0.14000000000000057 29.47399885590692
0.15000000000000036 29.502522034087775
0.16000000000000014 29.48804109824019
0.16999999999999993 29.491956336996708
0.17999999999999972 29.469617803526116
0.1899999999999995 29.46932624837512
0.1999999999999993 29.46010065397428
0.20999999999999908 29.452680143829884
0.22000000000000064 29.434276969032638
0.23000000000000043 29.500103537308213
0.2400000000000002 29.399252806406974
0.25 29.403283816781297
0.2599999999999998 29.47841344794739
0.2699999999999996 29.47747897017674
0.27999999999999936 29.439788993330623
0.28999999999999915 29.433282713911986
0.29999999999999893 29.494589771030945
0.3100000000000005 29.46541952357559
0.3200000000000003 29.466807973050965
0.33000000000000007 29.428272727430933
0.33999999999999986 29.45539504786908
0.34999999999999964 29.536994177951044
0.35999999999999943 29.50785102101019
0.3699999999999992 29.433697345095034
0.379999999999999 29.51715421226897
0.39000000000000057 29.44366556294675
0.40000000000000036 29.415589272387606
0.41000000000000014 29.396933887144137
0.41999999999999993 29.414204019818143
0.4299999999999997 29.402574736626047
0.4399999999999995 29.420882564484604
0.4499999999999993 29.387827071143157
0.4599999999999991 29.442246661239352
0.47000000000000064 29.373399048052462
0.4800000000000004 29.36365861791881
0.4900000000000002 29.377241897936536
0.5 29.333306776862717
0.5099999999999998 29.33914079636466
0.5199999999999996 29.342093044062242
0.5299999999999994 29.33982239295415
0.5399999999999991 29.327839074353143
0.5499999999999989 29.32001759921988
0.5600000000000005 29.288473351102155
0.5700000000000003 29.234725391287668
0.5800000000000001 29.247749715952192
0.5899999999999999 29.214723951581437
0.5999999999999996 29.231536468994378
0.6099999999999994 29.119241205734653
0.6199999999999992 29.13766010090902
0.629999999999999 29.143047224272937
0.6400000000000006 29.169569714323558
0.6500000000000004 29.15018119682725
0.6600000000000001 29.189081691528422
0.6699999999999999 29.185900429600824
0.6799999999999997 29.19968625012848
0.6899999999999995 29.164811002770385
0.6999999999999993 29.11006320979916
0.7099999999999991 29.144717770291205
0.7200000000000006 29.149923747803214
0.7300000000000004 29.170597860144028
0.7400000000000002 29.17278591251494
0.75 29.168440986037
0.7599999999999998 29.26041817068596
0.7699999999999996 29.24420305646172
0.7799999999999994 29.223521932713666
0.7899999999999991 29.233444522737685
0.7999999999999989 29.25955451890335
0.8100000000000005 29.26743871944643
0.8200000000000003 29.30393626279539
0.8300000000000001 29.247944265419264
0.8399999999999999 29.370769807032772
0.8499999999999996 29.378376377300242
0.8599999999999994 29.346764643228248
0.8699999999999992 29.300617994705853
0.879999999999999 29.36825364873191
0.8900000000000006 29.334390365990615
0.9000000000000004 29.352988953835336
0.9100000000000001 29.352952651846543
0.9199999999999999 29.331158678980195
0.9299999999999997 29.29881589455885
0.9399999999999995 29.350778262830943
0.9499999999999993 29.298943674013977
0.9599999999999991 29.32197218307504
0.9700000000000006 29.29737444466771
0.9800000000000004 29.4102409564646
0.9900000000000002 29.354884347335485
1.0 29.330788070495878
1.0099999999999998 29.35785751623896
1.0199999999999996 29.38343930402233
1.0299999999999994 29.298715648933275
1.0399999999999991 29.332695636950454
1.049999999999999 29.372450801444856
1.0600000000000005 29.380015685324253
1.0700000000000003 29.282482793033868
1.08 29.310944508138657
1.0899999999999999 29.36926604311987
1.0999999999999996 29.314541949529072
1.1099999999999994 29.24141291903581
1.1199999999999992 29.222177246259733
1.129999999999999 29.23455081875509
1.1400000000000006 29.230795254926964
1.1500000000000004 29.23511370829376
1.1600000000000001 29.24251147293155
1.17 29.2559154370891
1.1799999999999997 29.218505669298313
1.1899999999999995 29.207552715715416
1.1999999999999993 29.18715835044368
1.209999999999999 29.187475923523053
1.2200000000000006 29.18966742374063
1.2300000000000004 29.1583553358398
1.2400000000000002 29.123611283067273
1.25 29.14257703557931
1.2599999999999998 29.014110032512306
1.2699999999999996 29.109525798423554
1.2799999999999994 29.039958090984985
1.2899999999999991 29.061348284264568
1.299999999999999 29.034489520606257
1.3100000000000005 29.08848887038173
1.3200000000000003 29.024514938056583
1.33 29.07733182477706
1.3399999999999999 29.064365097820716
1.3499999999999996 29.036087703149775
1.3599999999999994 29.101670824791288
1.3699999999999992 29.121080929759806
1.379999999999999 29.065826262678573
1.3900000000000006 29.048971305990012
1.4000000000000004 29.063091628458736
1.4100000000000001 29.071924064118246
1.42 29.07600117641762
1.4299999999999997 29.066334286723976
1.4399999999999995 29.072531631050833
1.4499999999999993 29.01823154122061
1.459999999999999 29.094308017693265
1.4700000000000006 29.062302466466
1.4800000000000004 29.11034794108169
1.4900000000000002 29.08998167609564
1.5 29.116306330435577
1.5099999999999998 29.142652697977667
1.5199999999999996 29.12238678016057
1.5299999999999994 29.11859106153026
1.5399999999999991 29.13430604394145
1.549999999999999 29.182882467965406
1.5600000000000005 29.212122461848317
1.5700000000000003 29.228128400646877
1.58 29.242681532774135
1.5899999999999999 29.275242412570798
1.5999999999999996 29.310413774222067
1.6099999999999994 29.319280728934018
1.6199999999999992 29.286749985497373
1.629999999999999 29.327597646458713
1.6400000000000006 29.33698961088715
1.6500000000000004 29.35695957723367
1.6600000000000001 29.338877703915706
1.67 29.34393231794028
1.6799999999999997 29.414721146377673
1.6899999999999995 29.462442301004042
1.6999999999999993 29.441544915201334
1.709999999999999 29.456504620324864
1.7200000000000006 29.509491372327382
1.7300000000000004 29.238834216022727
1.7400000000000002 29.21897330045569
1.75 29.258611437429117
1.7599999999999998 29.265313476043296
1.7699999999999996 29.28590608801523
1.7799999999999994 29.255910040581675
1.7899999999999991 29.258888145112472
1.799999999999999 29.323448125248568
1.8100000000000005 29.307493194666456
1.8200000000000003 29.32283636812864
1.83 29.321018034308338
1.8399999999999999 29.371434537925047
1.8499999999999996 29.412062012680373
1.8599999999999994 29.421227655663166
1.8699999999999992 29.407373942710684
1.879999999999999 29.38361951938836
1.8900000000000006 29.441187374593454
1.9000000000000004 29.379713836555638
1.9100000000000001 29.668496213864607
1.92 29.68265107076504
1.9299999999999997 29.696290577723573
1.9399999999999995 29.651452915093145
1.9499999999999993 29.69350302149545
1.959999999999999 29.640987453730464
1.9700000000000006 29.636064081837212
1.9800000000000004 29.72349289432607
1.9900000000000002 29.517223138441842
2.0 29.80234483844924
2.01 29.83909454130339
2.0199999999999996 29.7775908026372
2.0299999999999994 29.79159454188254
2.039999999999999 29.796375484946306
2.049999999999999 29.44912990790226
2.0600000000000005 29.321485723529523
2.0700000000000003 29.740117105728455
2.08 29.75008183548732
2.09 29.812552413104036
2.0999999999999996 29.970460055354106
2.1099999999999994 30.091863207068453
2.119999999999999 30.22078877362422
2.129999999999999 30.36420847567733
2.1400000000000006 30.580037081828237
2.1500000000000004 30.627141563593867
2.16 30.81589604123478
2.17 30.899906207342024
2.1799999999999997 31.025415103936517
2.1899999999999995 31.227993946736362
2.1999999999999993 31.321463220624945
2.209999999999999 31.44189751974942
2.2200000000000006 31.633238095215212
2.2300000000000004 31.822030826353288
2.24 32.038611825401
2.25 32.17627898909967
2.26 32.35423986546645
2.2699999999999996 32.81480703141197
2.2799999999999994 33.014014930755984
2.289999999999999 32.845588884086936
2.299999999999999 33.00960737116479
2.3100000000000005 33.12519017167503
2.3200000000000003 33.34576757049631
2.33 33.3567312934447
2.34 33.606817007808964
2.3499999999999996 33.70054431531236
2.3599999999999994 33.83603839664662
2.369999999999999 33.85009978146627
2.379999999999999 33.87159347635496
2.3900000000000006 34.05622971900705
2.4000000000000004 34.136061969015536
2.41 34.2824227142571
2.42 34.438683766847596
2.4299999999999997 34.6664794101508
2.4399999999999995 34.822606704766955
2.4499999999999993 34.97940512102486
2.459999999999999 35.10509749707832
2.4700000000000006 35.286319253052135
2.4800000000000004 35.452878499472675
2.49 35.703061768396125
2.5 35.96874634097358
2.51 36.19508286171167
2.5199999999999996 36.480125830793895
2.5299999999999994 36.799012297335324
2.539999999999999 37.09474448876253
2.549999999999999 37.41670469072093
2.5600000000000005 37.74001027917421
2.5700000000000003 38.10592890001598
2.58 38.48840924538098
2.59 38.80357245517406
2.5999999999999996 39.17381453357008
2.6099999999999994 39.53956699529081
2.619999999999999 39.96906563238631
2.629999999999999 40.39601439284111
2.6400000000000006 40.85468604676855
2.6500000000000004 41.32274165780211
2.66 41.73171195154482
2.67 42.155743335746294
2.6799999999999997 42.62545338426636
2.6899999999999995 43.00520463972762
2.6999999999999993 43.64605068939919
2.709999999999999 44.13990019394994
2.7200000000000006 44.5834297288328
2.7300000000000004 44.98191973245898
2.74 45.41038352521075
2.75 45.93273639742284
2.76 46.55997448245934
2.7699999999999996 46.68319606948006
2.7799999999999994 47.15583121903751
2.789999999999999 47.646275139962
2.799999999999999 48.35712005442166
2.8100000000000005 48.839674596545606
2.8200000000000003 49.274036515073504
2.83 49.6992773980173
2.84 50.14891832996476
2.8499999999999996 50.53497179460422
2.8599999999999994 51.01800011733129
2.869999999999999 51.42017746603226
2.879999999999999 51.82040347482988
2.8900000000000006 52.14144886363682
2.9000000000000004 52.620170082064774
2.91 52.75650050232139
2.92 53.03477272307146
2.9299999999999997 53.65004580562152
2.9399999999999995 54.0169803806949
2.9499999999999993 54.3921924537336
2.959999999999999 54.77308998031426
2.9700000000000006 55.166925978161174
2.9800000000000004 55.462441928648744
2.99 55.72459333817241
3.0 56.049245313258666
3.01 56.33441720970683
3.0199999999999996 56.709722979913124
3.0299999999999994 57.009290892775894
3.039999999999999 57.01443743161182
3.049999999999999 57.631722642032244
3.0600000000000005 57.903562878228605
3.0700000000000003 58.161414147244564
3.08 58.38918704865152
3.09 58.64301376699939
3.0999999999999996 58.654516929657134
3.1099999999999994 59.1626718132503
3.119999999999999 59.37699082520613
3.129999999999999 59.44013081723357
3.1400000000000006 59.9139160480411
3.1500000000000004 60.12847925021862
3.16 60.11520914347899
3.17 60.59104056176611
3.1799999999999997 60.7731321722099
3.1899999999999995 60.99399882233161
3.1999999999999993 61.182472480877834
3.209999999999999 61.366438237271
3.2200000000000006 61.50531443556385
3.2300000000000004 61.63877410782803
3.24 61.550668501542816
3.25 61.70321606834817
3.26 62.06226411506625
3.2699999999999996 61.98535493964644
3.2799999999999994 62.11864691672228
3.289999999999999 62.50784279475894
3.299999999999999 62.64523873154058
3.3100000000000005 62.801475689990326
3.3200000000000003 62.78924222723766
3.33 62.935730678271284
3.34 63.26468076686632
3.3499999999999996 63.345359066178474
3.3599999999999994 63.24147065829496
3.369999999999999 63.38847110196939
3.379999999999999 63.49925465852877
3.3900000000000006 63.8281234384844
3.4000000000000004 63.92289410368629
3.41 63.99772311923036
3.42 63.926138974836135
3.4299999999999997 63.97340530891724
3.4399999999999995 63.59634872169449
3.4499999999999993 63.64381623724826
3.459999999999999 63.687914073014944
3.4700000000000006 63.95666113282731
3.4800000000000004 63.78894320469445
3.49 63.82611923065812
3.5 63.611310099674434
3.51 63.24883316414189
3.5199999999999996 63.12586477360404
3.5299999999999994 63.130623308687746
3.539999999999999 63.18818379079636
3.549999999999999 63.23959095326318
3.5600000000000005 63.202830098598895
3.5700000000000003 63.27107729679679
3.58 63.131472530781565
3.59 63.120799297712296
3.5999999999999996 63.11172810508403
3.6099999999999994 63.088640431477124
3.619999999999999 63.015529347803486
3.629999999999999 62.95991143876769
3.6400000000000006 62.85257620681515
3.6500000000000004 62.72425166871372
3.66 62.705888648334714
3.67 62.53937486007916
3.6799999999999997 62.372427582025324
3.6899999999999995 62.21320575162656
3.6999999999999993 62.06483484249907
3.709999999999999 61.91667271956511
3.7200000000000006 61.75943331918559
3.7300000000000004 61.53888814161806
3.74 61.33428924477911
3.75 61.116057359124845
3.76 60.92297550007504
3.7699999999999996 60.87349631755417
3.7799999999999994 60.723653333102085
3.789999999999999 60.53192138379764
3.799999999999999 60.36016225511997
3.8100000000000005 60.1592449539795
3.8200000000000003 60.01974758019459
3.83 59.812417442741264
3.84 59.56097024623544
3.8499999999999996 59.37904224435792
3.8599999999999994 59.11547395752377
3.869999999999999 58.9016169098518
3.879999999999999 58.69621139952944
3.8900000000000006 58.4541224116509
3.9000000000000004 58.22702504257444
3.91 58.07033557014071
3.92 57.743547022451054
3.9299999999999997 57.391303735708284
3.9399999999999995 57.10276830609324
3.9499999999999993 56.795775188346205
3.959999999999999 56.47232295092814
3.9700000000000006 56.10587056606377
3.9800000000000004 55.78820071269872
3.99 55.59920074506478
4.0 55.24210316649567
4.01 54.87895167596665
4.02 54.56397207392632
4.029999999999999 54.29252737765425
4.039999999999999 54.03468339605507
4.049999999999999 53.791971007687714
4.0600000000000005 53.55366660074898
4.07 53.140051576760456
4.08 52.77898614072353
4.09 52.40439204789928
4.1 52.03739524619739
4.109999999999999 51.685684604156734
4.119999999999999 51.23266744561503
4.129999999999999 50.843780127573126
4.140000000000001 50.431713367247326
4.15 50.001326881603575
4.16 49.645600707722
4.17 49.26379335937266
4.18 48.90721198168475
4.1899999999999995 48.45100521040748
4.199999999999999 48.084696302816155
4.209999999999999 47.894768688261294
4.220000000000001 47.51440542001389
4.23 47.11719572012559
4.24 46.79177082979504
4.25 46.463177046611115
4.26 46.28838602468505
4.27 45.99585573966145
4.279999999999999 45.710583688852054
4.289999999999999 45.42227452650979
4.299999999999999 45.06473385988938
4.3100000000000005 44.77305047944911
4.32 44.423302948258154
4.33 44.0851675346249
4.34 43.813770567639
4.35 43.46056317340998
4.359999999999999 43.06819012478113
4.369999999999999 42.684388947537535
4.379999999999999 42.12548643285107
4.390000000000001 41.456902835811874
4.4 41.06339655964201
4.41 40.72939166022121
4.42 40.305639584327885
4.43 39.984400004317635
4.4399999999999995 39.86366779860971
4.449999999999999 39.7333644966849
4.459999999999999 39.51344116309519
4.470000000000001 39.17496511839282
4.48 38.87197726981819
4.49 38.5450657949614
4.5 38.23349255929868
4.51 37.97180801819297
4.52 37.82408924269727
4.529999999999999 37.79193422154158
4.539999999999999 37.73146288303641
4.549999999999999 37.596890781105266
4.5600000000000005 37.61533751745065
4.57 37.46899203673027
4.58 37.6533672993593
4.59 37.88132025099701
4.6 38.18169236159882
4.609999999999999 38.883070942536555
4.619999999999999 39.57464432533882
4.629999999999999 40.12059135748402
4.640000000000001 40.711793854996536
4.65 41.43243344783657
4.66 42.15805622639537
4.67 42.743755533752065
4.68 43.36628644001992
4.6899999999999995 43.9171686699887
4.699999999999999 44.193852982605755
4.709999999999999 44.41530452266457
4.720000000000001 45.206471996232956
4.73 45.977593248799565
4.74 46.413660766472674
4.75 46.57621348966128
4.76 46.97254657817036
4.77 47.32937313430299
4.779999999999999 47.693980031073906
4.789999999999999 48.060602039371474
4.799999999999999 48.326568337089654
4.8100000000000005 48.866918100884845
4.82 48.83940817117587
4.83 48.69114345782086
4.84 48.8590973998788
4.85 49.33675644339719
4.859999999999999 49.40448333060823
4.869999999999999 49.50180681581293
4.879999999999999 49.60185768675569
4.890000000000001 49.71933737691455
4.9 49.68233201010973
4.91 49.68643489553632
4.92 49.70641562426284
4.93 49.717022857342634
4.9399999999999995 49.63874161540849
4.949999999999999 49.60868395304861
4.959999999999999 49.59852980688784
4.970000000000001 49.52172084034611
4.98 49.48769788153892
4.99 49.447827823838125
5.0 49.471823949616095
5.01 49.390022105385654
5.02 49.40352492831087
5.029999999999999 49.41084069351531
5.039999999999999 49.40519904755845
5.049999999999999 49.30566994744677
5.0600000000000005 49.3302142138763
5.07 49.2263065832358
5.08 49.138336722610845
5.09 49.100083468333935
5.1 49.05000896956781
5.109999999999999 48.7635169705222
5.119999999999999 48.65519000783081
5.129999999999999 48.54483803809889
5.140000000000001 48.401327818097
5.15 48.34304432279641
5.16 48.21014422771367
5.17 48.05844363098675
5.18 48.00102944474324
5.1899999999999995 47.886363040111824
5.199999999999999 47.834283232408744
5.209999999999999 47.75497988211431
5.220000000000001 47.67397859323982
5.23 47.628133780845474
5.24 47.54472731910903
5.25 47.47598090734812
5.26 47.434452999270235
5.27 47.35246310931466
5.279999999999999 47.28721604335592
5.289999999999999 47.16358472170019
5.299999999999999 47.07051836706487
5.3100000000000005 46.999740478311125
5.32 46.86615378232291
5.33 46.750365101845624
5.34 46.70487077008212
5.35 46.616946008898736
5.359999999999999 46.48907274036789
5.369999999999999 46.430210655960714
5.379999999999999 46.30369115818914
5.390000000000001 46.18894555642502
5.4 46.18979813022136
5.41 46.13171712213924
5.42 46.02697827476298
5.43 46.04148115206411
5.4399999999999995 45.93811895486412
5.449999999999999 45.89270277099041
5.459999999999999 45.82214744178805
5.470000000000001 45.75511921484103
5.48 45.610663569365286
5.49 45.509191807466706
5.5 45.39254489117619
5.51 45.358654084283906
5.520000000000001 45.21522062454102
5.529999999999999 45.128298072460794
5.540000000000001 44.97977188922932
5.549999999999999 44.94543489232363
5.5600000000000005 44.83321305429365
5.5699999999999985 44.739001444463824
5.58 44.72451412481688
5.589999999999998 44.56219988038617
5.6 44.5433869333341
5.610000000000001 44.45163231047217
5.619999999999999 44.33508577129383
5.630000000000001 44.235530854793225
5.639999999999999 44.17594763004034
5.65 44.06417768801714
5.659999999999998 43.95536413970753
5.67 43.85045295485436
5.6800000000000015 43.78522342810243
5.6899999999999995 43.71047199171939
5.700000000000001 43.54611072491862
5.709999999999999 43.50018955837654
5.720000000000001 43.38016515186186
5.729999999999999 43.27582977857606
5.74 43.16948356155665
5.749999999999998 43.039885359651834
5.76 43.004060354401595
5.770000000000001 42.89719810869813
5.779999999999999 42.84433564722064
5.790000000000001 42.73259079834908
5.799999999999999 42.65905776960485
5.8100000000000005 42.54818024598589
5.8199999999999985 42.467950412900876
5.83 42.50110190831806
5.839999999999998 42.41945745633282
5.85 42.3265368996186
5.860000000000001 42.25904475575504
5.869999999999999 42.163871055305144
5.880000000000001 42.07220554502271
5.889999999999999 42.019006807036284
5.9 41.85972869705799
5.909999999999998 41.78278582262446
5.92 41.73451431195741
5.9300000000000015 41.68720674791956
5.9399999999999995 41.55824197869092
5.950000000000001 41.48091298131122
5.959999999999999 41.419802678080174
5.970000000000001 41.29819079577819
5.979999999999999 41.27923918209636
5.99 41.161398065053966
5.999999999999998 41.190705548730094
6.01 41.02185242417714
6.020000000000001 41.01081927779536
6.029999999999999 40.91624492589023
6.040000000000001 40.85585784613227
6.049999999999999 40.756501398924456
6.0600000000000005 40.65734729018021
6.0699999999999985 40.55712228239619
6.08 40.54011494635051
6.089999999999998 40.37746072506881
6.1 40.37998913315242
6.110000000000001 40.26485744019724
6.119999999999999 40.24190849160203
6.130000000000001 40.139609267944095
6.139999999999999 40.084303914895074
6.15 40.015041770379185
6.159999999999998 39.952558867124715
6.17 39.91839771689476
6.1800000000000015 39.82046375971092
6.1899999999999995 39.73954259804647
6.200000000000001 39.66273421855437
6.209999999999999 39.63204222841807
6.220000000000001 39.50313826988459
6.229999999999999 39.496468682996934
6.24 39.39594317584373
6.249999999999998 39.31757121776695
6.26 39.18162258174037
6.270000000000001 39.091467712481595
6.279999999999999 39.05299878605118
6.290000000000001 38.93464389774747
6.299999999999999 38.88265498319322
6.3100000000000005 38.779573753046
6.3199999999999985 38.66162662287932
6.33 38.578259013449376
6.339999999999998 38.53365534105398
6.35 38.43288620896624
6.360000000000001 38.32398939644528
6.369999999999999 38.263419385408355
6.380000000000001 38.20618006948661
6.389999999999999 38.084096712610844
6.4 38.05451241887658
6.409999999999998 37.84987670642414
6.42 37.87459695550449
6.4300000000000015 37.759121735361475
6.4399999999999995 37.71315558279052
6.450000000000001 37.61353599986878
6.459999999999999 37.442392836186116
6.470000000000001 37.213609297284535
6.479999999999999 37.15888509430498
6.49 37.052413430825894
6.499999999999998 36.99154413240613
6.51 36.91182117534057
6.520000000000001 36.84284669144847
6.529999999999999 36.7644492190255
6.540000000000001 36.69048505930918
6.549999999999999 36.595001145534
6.5600000000000005 36.581994944361604
6.5699999999999985 36.568565220299575
6.58 36.470320337360604
6.589999999999998 36.40215591051631
6.6 36.32236211824457
6.610000000000001 36.26983932256016
6.619999999999999 36.1729842378826
6.630000000000001 36.0758613808754
6.639999999999999 36.00721387681508
6.65 35.85709298849703
6.659999999999998 35.83221018692166
6.67 35.721339203683996
6.6800000000000015 35.69722248017813
6.6899999999999995 35.56580714865485
6.700000000000001 35.522199606237706
6.709999999999999 35.4522453696241
6.720000000000001 35.4228048577989
6.729999999999999 35.30021148792122
6.74 35.27169326593443
6.749999999999998 35.232226935034255
6.76 35.14079778620455
6.770000000000001 35.07956956753459
6.779999999999999 34.995762515131176
6.790000000000001 34.94152559184171
6.799999999999999 34.87792803897069
6.8100000000000005 34.792940518283885
6.8199999999999985 34.71295945551769
6.83 34.580822419409365
6.839999999999998 34.52133049127117
6.85 34.466400981259106
6.860000000000001 34.36830748368951
6.869999999999999 34.30440144838872
6.880000000000001 34.20082453089124
6.889999999999999 34.17208190088111
6.9 34.25771023002423
6.909999999999998 34.35705072782645
6.92 34.347494581669515
6.9300000000000015 34.35996031566394
6.9399999999999995 34.25807237448576
6.950000000000001 34.124860258715344
6.959999999999999 34.03690940804844
6.970000000000001 33.92978652569024
6.979999999999999 33.770036229732526
6.99 34.009367129549375
6.999999999999998 33.677453985467835
7.01 33.57989879383908
7.020000000000001 33.455582036154624
7.029999999999999 33.4031668181013
7.040000000000001 33.19836443228723
7.049999999999999 33.13093643699449
7.0600000000000005 33.03925218152564
7.0699999999999985 32.971677053009046
7.08 32.86008065741545
7.089999999999998 32.78399388676692
7.1 32.72006083059888
7.110000000000001 32.646120831318505
7.119999999999999 32.575241235172214
7.130000000000001 32.4657205070387
7.139999999999999 32.38556665950013
7.15 32.28356804394934
7.159999999999998 32.20948918889664
7.17 32.14558445916216
7.1800000000000015 32.13606126067476
7.1899999999999995 31.941896930693613
7.200000000000001 31.96035679144834
7.209999999999999 31.868916527309434
7.220000000000001 31.82217621996955
7.229999999999999 31.757783243313966
7.24 31.73525135481464
7.249999999999998 31.691082779518908
7.26 31.66599711968107
7.270000000000001 31.607891108743164
7.279999999999999 31.55155086819516
7.290000000000001 31.509903105194248
7.299999999999999 31.524686425835743
7.3100000000000005 31.477985911301676
7.3199999999999985 31.459381620379226
7.33 31.43344752371951
7.339999999999998 31.41959438797759
7.35 31.34319099204958
7.360000000000001 31.309757479443626
7.369999999999999 31.255522328113223
7.380000000000001 31.23137627548476
7.389999999999999 31.123617350189733
7.4 31.13834844875135
7.409999999999998 31.05484209514375
7.42 30.984468512880895
7.4300000000000015 30.93814939131134
7.4399999999999995 30.869522126724398
7.450000000000001 30.78162796377464
7.459999999999999 30.708791629509427
7.470000000000001 30.62049767387597
7.479999999999999 30.561149456579127
7.49 30.46861339418065
7.499999999999998 30.45366379418341
7.51 30.396695383699488
7.520000000000001 30.36334769325199
7.529999999999999 30.295061878481388
7.540000000000001 30.297982519265183
7.549999999999999 30.25168891725221
7.5600000000000005 30.189111395827975
7.5699999999999985 30.18095478621879
7.58 30.14693997662422
7.589999999999998 30.089150644505217
7.6 30.08714468565575
7.610000000000001 30.043632661032483
7.619999999999999 30.00415461637783
7.630000000000001 30.01309660327714
7.639999999999999 30.00888143769211
7.65 29.951130545282947
7.659999999999998 29.91592093501911
7.67 29.960390436923575
7.6800000000000015 29.93337561257681
7.6899999999999995 29.945554448977557
7.700000000000001 29.88445167866198
7.709999999999999 29.85362869309734
7.720000000000001 29.86767634710156
7.729999999999999 29.87422927388801
7.74 29.86319101793459
7.749999999999998 29.79491551913942
7.76 29.758001839456828
7.770000000000001 29.76508134575542
7.779999999999999 29.683763491958853
7.790000000000001 29.676068186977464
7.799999999999999 29.623019171317875
7.8100000000000005 29.598676734808603
7.8199999999999985 29.545367708318057
7.83 29.52139975069916
7.839999999999998 29.6688869465645
7.85 29.62038420770751
7.860000000000001 29.595837518263608
7.869999999999999 29.54267154712268
7.880000000000001 29.461070767816025
7.889999999999999 29.53419640311184
7.9 29.345192147468182
7.909999999999998 29.275289709473576
7.92 29.286191360555716
7.9300000000000015 29.250754491861752
7.9399999999999995 29.299203581414623
7.950000000000001 29.281766234810988
7.959999999999999 29.31765050888418
7.970000000000001 29.390515155714453
7.979999999999999 29.298862715859663
7.99 29.269416144629677
7.999999999999998 29.263346786704826
8.01 29.304003725682268
8.020000000000001 29.28023417362694
8.03 29.268956804776938
8.040000000000001 29.239872473651765
8.049999999999999 29.187140513271594
8.06 29.261128818485094
8.069999999999999 29.227321596847126
8.08 29.225665541901883
8.089999999999998 29.166255095139462
8.1 29.143991011304948
8.110000000000001 29.151955841568107
8.12 29.193413578790096
8.13 29.1267136765773
8.139999999999999 29.103168985227256
8.15 29.04551420448515
8.159999999999998 29.012281597245043
8.17 28.961736822455215
8.180000000000001 28.952276216503478
8.19 28.97267495988297
8.200000000000001 28.94923283376368
8.209999999999999 28.92514409546022
8.22 28.913773578738052
8.229999999999999 28.91233342305274
8.24 28.89482468017489
8.249999999999998 28.826927901126055
8.26 28.839315593073557
8.270000000000001 28.779636170625402
8.28 28.80987520265304
8.290000000000001 28.849099356091223
8.299999999999999 28.78087598881084
8.31 28.74732415585813
8.319999999999999 28.78875595613526
8.33 28.74900988913825
8.339999999999998 28.708091167266886
8.35 28.74256965935379
8.360000000000001 28.776501450711066
8.37 28.708391358234778
8.38 28.68900302783294
8.389999999999999 28.676165515039816
8.4 28.66638490962518
8.409999999999998 28.61435916768636
8.42 28.649845293518126
8.430000000000001 28.62746893591056
8.44 28.59448874489216
8.450000000000001 28.600935529724573
8.459999999999999 28.565716884146834
8.47 28.53713862631423
8.479999999999999 28.538556585085807
8.49 28.553599091189152
8.499999999999998 28.549875041574193
8.51 28.49501188527288
8.520000000000001 28.507173989644713
8.53 28.53126459782819
8.540000000000001 28.51584824739591
8.549999999999999 28.50347215280214
8.56 28.500882467673346
8.569999999999999 28.487328983336774
8.58 28.54500453486643
8.589999999999998 28.592888185483883
8.6 28.646931414864586
8.610000000000001 28.637904786328875
8.62 28.548398992322337
8.63 28.513272286282643
8.639999999999999 28.535381870281803
8.65 28.535237427049374
8.659999999999998 28.536741036015293
8.67 28.5232282919336
8.680000000000001 28.51652442033712
8.69 28.510013675627185
8.700000000000001 28.529668492161193
8.709999999999999 28.458136297058275
8.72 28.467367557993136
8.729999999999999 28.44912571864518
8.74 28.47832519663274
8.749999999999998 28.44993886807308
8.76 28.411547964338368
8.770000000000001 28.47246814055884
8.78 28.46317435884574
8.790000000000001 28.46391258184899
8.799999999999999 28.447769735091203
8.81 28.47463980982203
8.819999999999999 28.444891816336643
8.83 28.443332781465294
8.839999999999998 28.449423829829364
8.85 28.449693377143138
8.860000000000001 28.431833068440348
8.87 28.433092786649503
8.88 28.440646732579154
8.889999999999999 28.40747392671915
8.9 28.398945752118102
8.909999999999998 28.383163578028913
8.92 28.350269259322715
8.930000000000001 28.37064764588002
8.94 28.342191680982804
8.950000000000001 28.31882374334826
8.959999999999999 28.314847487601956
8.97 28.327360828997424
8.979999999999999 28.340603755884835
8.99 28.295731542993398
8.999999999999998 28.178192954839993
9.01 28.178939841047526
9.020000000000001 28.185729711042725
9.03 28.142966138223724
9.040000000000001 28.17146316947735
9.049999999999999 28.19802987217506
9.06 28.255736377681856
9.069999999999999 28.19668823085422
9.08 28.18208651158861
9.089999999999998 28.322455000148103
9.1 28.30350955228225
9.110000000000001 28.28404964500193
9.12 28.330811596750628
9.13 28.322704003023645
9.139999999999999 28.307182082077077
9.15 28.290027064530218
9.159999999999998 28.29253154691988
9.17 28.28725393696671
9.180000000000001 28.26603563140633
9.19 28.578462661113036
9.200000000000001 28.613314991838937
9.209999999999999 28.588954834580804
9.22 28.56303958696654
9.229999999999999 28.592649760243837
9.24 28.555512986487976
9.249999999999998 28.586632822493467
9.26 28.63104793509905
9.270000000000001 28.62810687859224
9.28 28.664416840909237
9.290000000000001 28.678383422220676
9.299999999999999 28.648260045093622
9.31 28.63169077385516
9.319999999999999 28.68610151842494
9.33 28.44645831529767
9.339999999999998 28.414046575777817
9.35 28.444020317737234
9.360000000000001 28.458260126839335
9.37 28.39257834251447
9.38 28.77650994133183
9.389999999999999 28.814191319579173
9.4 28.806766980056416
9.409999999999998 28.791384355682354
9.42 28.800971351165288
9.430000000000001 28.859598704273353
9.44 28.839491005339376
9.450000000000001 28.880353990254996
9.459999999999999 28.846532079001822
9.47 28.918549745513346
9.479999999999999 28.89630629801623
9.49 28.912477896822253
9.499999999999998 28.93328666876938
9.51 28.908287159716618
9.520000000000001 28.920184039039228
9.53 28.925357515355973
9.540000000000001 28.954416973203276
9.549999999999999 28.98024027591833
9.56 29.012460502438664
9.569999999999999 29.05097104510887
9.58 29.05544632692206
9.589999999999998 29.020645167084744
9.6 29.078555087733424
9.610000000000001 29.089045356746375
9.62 29.127768900107775
9.63 29.1659281048918
9.639999999999999 29.16561811055626
9.65 29.181043997139707
9.659999999999998 29.23195013484123
9.67 29.227269506798084
9.680000000000001 29.22982606692439
9.69 29.095441860024938
9.700000000000001 29.275077602058392
9.709999999999999 29.30039445141141
9.72 29.298883044917048
9.729999999999999 29.19546676683346
9.74 29.340397315375785
9.749999999999998 29.223355851503243
9.76 29.372056626743035
9.770000000000001 29.380968690577884
9.78 29.405704755678116
9.790000000000001 29.265460360836588
9.799999999999999 29.44384942024251
9.81 29.30768047447852
9.819999999999999 29.503864086689138
9.83 29.50456536129922
9.839999999999998 29.54939358115906
9.85 29.5726441302799
9.860000000000001 29.57216000318076
9.87 29.39238038401715
9.88 29.63247969635922
9.889999999999999 29.48926486497275
9.9 29.47950709133225
9.909999999999998 29.51453528843296
9.92 29.55490113883955
9.930000000000001 29.586019206058808
9.94 29.54035978081994
9.950000000000001 29.490560715483166
9.959999999999999 29.508099537063135
9.97 29.51483266034534
9.979999999999999 29.539148229824576
9.99 29.543392421789463
9.999999999999998 29.550324921194548
10.01 29.56028749292411
10.020000000000001 29.572488715401548
10.03 29.562852424975837
10.040000000000001 29.499912157722314
10.049999999999999 29.642585361729203
10.06 29.653019915079863
10.069999999999999 29.65765549328852
10.08 29.59619275017105
10.089999999999998 29.649061893910165
10.1 29.694310953813762
10.110000000000001 29.596747559771067
10.12 29.638161218556544
10.13 29.687238334026592
10.139999999999999 29.698986321987633
10.15 29.79418749722589
10.159999999999998 29.71564780396831
10.17 29.738501923451334
10.180000000000001 29.765330559943486
10.19 29.81333704804181
10.200000000000001 29.86267879703874
10.209999999999999 29.973541017430957
10.22 29.955665760144296
10.229999999999999 29.949578017926335
10.24 29.71651856975993
10.249999999999998 29.75330793144378
10.26 29.74275703046471
10.270000000000001 29.660333700425795
10.28 29.693646344800808
10.290000000000001 29.70920400366267
10.299999999999999 29.754987439942344
10.31 29.761642774722297
10.319999999999999 29.752103670165923
10.33 29.723944966476587
10.339999999999998 29.7405138394423
10.35 29.818655739957194
10.360000000000001 30.182374379026374
10.37 30.161706265431288
10.38 29.902774542473697
10.389999999999999 29.94547295665846
10.4 29.992989648434538
10.409999999999998 30.22640225335973
10.42 30.22067425680013
10.430000000000001 30.253651213677323
10.44 30.288259959500323
10.450000000000001 30.331350883964
10.459999999999999 30.368341670896775
10.47 30.381084660756358
10.479999999999999 30.367628606955357
10.49 30.435104592896558
10.499999999999998 30.433417482323588
10.51 30.393944270814842
10.520000000000001 30.43294590410912
10.53 30.409566335552363
10.540000000000001 30.41874407555345
10.549999999999999 30.45095346976011
10.56 30.439061964911534
10.569999999999999 30.450837783210375
10.58 30.48967665769029
10.589999999999998 30.457864690673283
10.6 30.474516134193752
10.610000000000001 30.513980772394348
10.62 30.49355489958149
10.63 30.49049792223741
10.639999999999999 30.471060207404783
10.65 30.498468231506465
10.659999999999998 30.587302875469337
10.67 30.60236069958199
10.680000000000001 30.617052879224946
10.69 30.61323249806956
10.700000000000001 30.67381180192144
10.709999999999999 30.70065343093917
10.72 30.73860342755821
10.729999999999999 30.734182100123423
10.74 30.79141572892002
10.749999999999998 30.86169444687198
10.76 30.88770894728013
10.770000000000001 30.87891024944063
10.78 30.9249257720914
10.790000000000001 30.969969007355125
10.799999999999999 30.95364669370637
10.81 30.973666299449384
10.819999999999999 30.965925180375294
10.83 30.9915285653895
10.839999999999998 30.98212919888808
10.85 31.005899114519785
10.860000000000001 31.003487029307724
10.87 30.99553322816816
10.88 31.0263043522728
10.889999999999999 31.035368013916912
10.9 31.01688448879361
10.909999999999998 30.959364116717623
10.92 30.990346031212837
10.930000000000001 30.954582348460207
10.94 31.011585292948237
10.950000000000001 30.974613090688297
10.959999999999999 30.947098380548454
10.97 30.989365001891343
10.979999999999999 30.967325704144464
10.99 30.95415848636698
10.999999999999998 30.967259363810243
11.01 30.955975599410536
11.020000000000001 30.93084577144546
11.03 30.9550304968879
11.040000000000001 30.96036512267804
11.049999999999999 30.985867087499802
11.06 30.99085183478467
11.069999999999999 30.988527047496575
11.08 31.008878138206633
11.089999999999998 31.027572961600132
11.1 31.029775990447085
11.110000000000001 31.086203045798285
11.12 31.075187768077285
11.13 31.0647533858544
11.139999999999999 31.077846694328993
11.15 31.105621234555365
11.159999999999998 31.148209594147612
11.17 31.107198451968962
11.180000000000001 31.186933619334845
11.19 31.190589550160613
11.200000000000001 31.177940056311176
11.209999999999999 31.252119561794313
11.22 31.20000538702859
11.229999999999999 31.268012588860252
11.24 31.32324998817089
11.249999999999998 31.327924842222238
11.26 31.364413846194974
11.270000000000001 31.357588278858366
11.28 31.375807253195745
11.290000000000001 31.383581045695784
11.299999999999999 31.391589864744766
11.31 31.453134742051034
11.319999999999999 31.46209831357241
11.33 31.46205334991541
11.339999999999998 31.514134275732374
11.35 31.543332164192762
11.360000000000001 31.54052452934438
11.37 31.54548840395035
11.38 31.52414153467654
11.389999999999999 31.54965245446508
11.4 31.53001011385966
11.409999999999998 31.61291733127539
11.42 31.51418010819716
11.430000000000001 31.511756425345105
11.44 31.592261598701743
11.450000000000001 31.61768996227402
11.459999999999999 31.63564830050874
11.47 31.648525928978422
11.479999999999999 31.630885700757574
11.49 31.697528933335093
11.499999999999998 31.725963263952828
11.51 31.719070945554442
11.520000000000001 31.661530777069807
11.53 31.693429254485945
11.540000000000001 31.747184978019934
11.549999999999999 31.778729720597116
11.56 31.802090538354165
11.569999999999999 31.75521436942273
11.58 31.797977049899266
11.589999999999998 31.84107042840959
11.6 31.806019544800602
11.610000000000001 31.790054263243192
11.62 31.814522765400252
11.63 31.815432909732316
11.639999999999999 31.825912071257296
11.65 31.84209103578982
11.659999999999998 31.899813599455044
11.67 31.828444038865175
11.680000000000001 31.870119167272584
11.69 31.909670026157617
11.700000000000001 31.955062037218323
11.709999999999999 31.99953618028495
11.72 31.971270488155298
11.729999999999999 31.952995407415138
11.74 32.03644467419611
11.749999999999998 32.05524335994693
11.76 32.06632097523844
11.770000000000001 32.04460133931614
11.78 32.075007347162426
11.790000000000001 32.16155697787224
11.799999999999999 32.15617586897821
11.81 32.13615294146736
11.819999999999999 32.17464500543635
11.83 32.196707297559875
11.839999999999998 32.295025901269796
11.85 32.33219792818337
11.860000000000001 32.3506188348759
11.87 32.34687076004192
11.88 32.37290679049646
11.889999999999999 32.41803821565125
11.9 32.423044788306626
11.909999999999998 32.45094774202143
11.92 32.498118101927425
11.930000000000001 32.483811078083505
11.94 32.488647717032606
11.950000000000001 32.49164033640223
11.959999999999999 32.51151668815338
11.97 32.496108439433286
11.979999999999999 32.51211821775691
11.99 32.53758066000648
11.999999999999998 32.51146418175179
12.01 32.60906410634392
12.020000000000001 32.608101699741596
12.03 32.64942241913785
12.040000000000001 32.59620892179283
12.049999999999999 32.6248906887146
12.06 32.67707356184461
12.069999999999999 32.65766520828129
12.08 32.70892746024906
12.089999999999998 32.69119159885025
12.1 32.6959871369636
12.110000000000001 32.627361395930535
12.12 32.67809519240281
12.13 32.68336663113786
12.139999999999999 32.712609399515415
12.15 32.714372251555154
12.159999999999998 32.71542213367855
12.17 32.74635033613531
12.180000000000001 32.696055372118956
12.19 32.744839924602374
12.200000000000001 32.70672032344585
12.209999999999999 32.715053766189385
12.22 32.743072222314844
12.229999999999999 32.791904506643775
12.24 32.8353638410403
12.249999999999998 32.79670134337283
12.26 32.76883746533292
12.270000000000001 32.788545984797324
12.28 32.806276141214816
12.290000000000001 32.76346248424612
12.299999999999999 32.74763324313001
12.31 32.867775883119435
12.319999999999999 32.94292678596452
12.33 32.94536340854911
12.339999999999998 32.915790593669556
12.35 32.94468519468112
12.360000000000001 32.86887888290876
12.37 32.96231294948144
12.38 32.963829646075375
12.389999999999999 32.996852466091546
12.4 33.02303827184846
12.409999999999998 33.06020546998225
12.42 33.05919442824076
12.430000000000001 33.032460640049564
12.44 33.01119616430269
12.450000000000001 33.03205416530709
12.459999999999999 33.118477994643534
12.47 33.121721223694436
12.479999999999999 33.20328486508149
12.49 33.18121092120231
12.499999999999998 33.175231559467406
12.51 33.21592239508712
12.520000000000001 33.20310061494263
12.53 33.150600530129864
12.540000000000001 33.18005433949499
12.549999999999999 33.20452663128077
12.56 33.25080737215245
12.569999999999999 33.26526279499667
12.58 33.241299473040115
12.589999999999998 33.25683250009715
12.6 33.24346693273788
12.610000000000001 33.27464220623173
12.62 33.24437515586422
12.63 33.2399478830241
12.639999999999999 33.32121989967978
12.65 33.255572112620044
12.659999999999998 33.02631105753682
12.67 33.06993429339502
12.680000000000001 33.0174144574202
12.69 32.99429746889033
12.700000000000001 33.024285693382765
12.709999999999999 32.98914741753455
12.72 33.06472407948928
12.729999999999999 33.30475351215064
12.74 33.08701856136284
12.749999999999998 33.07869323267671
12.76 33.06474056951397
12.770000000000001 33.11767541014184
12.78 33.07144110773466
12.790000000000001 33.14379537275397
12.799999999999999 33.10606104228252
12.81 33.19787086296556
12.819999999999999 33.15603406788677
12.83 33.141275785223414
12.839999999999998 33.13867006895603
12.85 33.20097484005812
12.860000000000001 33.13155312883478
12.87 33.186922118260114
12.88 33.14906573241294
12.889999999999999 33.231249333050016
12.9 33.229443021449256
12.909999999999998 33.233682298360634
12.92 33.220737566946056
12.930000000000001 33.31461821063353
12.94 33.26762253938484
12.950000000000001 33.27198847231327
12.959999999999999 33.26373227411921
12.97 33.32867355497921
12.979999999999999 33.28856366671572
12.99 33.32468680006394
12.999999999999998 33.30508941003287
13.01 33.32096916574433
13.020000000000001 33.34053745530978
13.03 33.3685231354988
13.040000000000001 33.34544229461041
13.049999999999999 33.39352489888113
13.06 33.398611039993824
13.069999999999999 33.39166945090655
13.08 33.3949866554231
13.089999999999998 33.42938911894983
13.1 33.45720893993578
13.110000000000001 33.424910028337095
13.12 33.41082804581744
13.13 33.496750777239924
13.139999999999999 33.514039506750244
13.15 33.51915143061857
13.159999999999998 33.48797154279994
13.17 33.560199519225776
13.180000000000001 33.550092753020856
13.19 33.61093040442489
13.200000000000001 33.598178119885745
13.209999999999999 33.71972728543503
13.22 33.66317015317546
13.229999999999999 33.66327645969408
13.24 33.698278222836535
13.249999999999998 33.75470902863808
13.26 33.7344953218173
13.270000000000001 33.773291687006896
13.28 33.754279416853
13.290000000000001 33.7441306622861
13.299999999999999 33.75981295874865
13.31 33.83745836588244
13.319999999999999 33.84351907014354
13.33 33.82090719189484
13.339999999999998 33.81238326049663
13.35 33.813258553141985
13.360000000000001 33.88294682542855
13.37 33.83685217121559
13.38 33.93521926733459
13.389999999999999 33.883589211976044
13.4 33.97073483729865
13.409999999999998 33.94625924576715
13.42 33.90191204377185
13.430000000000001 33.99962063706874
13.44 34.00325066973215
13.450000000000001 33.97297486648901
13.459999999999999 34.03429095771877
13.47 34.02362888784549
13.479999999999999 34.038048750981574
13.49 34.0338070981887
13.499999999999998 34.03358837864098
13.51 34.04009063723396
13.520000000000001 33.998709372674696
13.53 34.07506923735839
13.540000000000001 34.1016513428035
13.549999999999999 34.12984723029287
13.56 34.08821685585332
13.569999999999999 34.12324859659913
13.58 34.11002573665597
13.589999999999998 34.08177033564602
13.6 34.06772181914063
13.610000000000001 34.1459180703571
13.62 34.17637171375248
13.63 34.06401855993995
13.639999999999999 34.04913871837112
13.65 34.11441863145306
13.659999999999998 34.12435897899161
13.67 34.115002893498186
13.680000000000001 34.16217817192445
13.69 34.15358281035184
13.700000000000001 34.15449029358834
13.709999999999999 34.12251435145241
13.72 34.200712196896035
13.729999999999999 34.225009351243656
13.74 34.19222222049916
13.749999999999998 34.16982466139133
13.76 34.25014967461073
13.770000000000001 34.270435416761
13.78 34.21057662263003
13.790000000000001 34.18624235148865
13.799999999999999 34.22378880962938
13.81 34.173248042216954
13.819999999999999 34.217030213733445
13.83 34.23372191467177
13.839999999999998 34.22907994229358
13.85 34.27919328882269
13.860000000000001 34.23842001402586
13.87 34.26994332548791
13.88 34.261229109541716
13.889999999999999 34.22418713674341
13.9 34.31726967920706
13.909999999999998 34.371088535448365
13.92 34.3198363169235
13.930000000000001 34.33406068631011
13.94 34.3367278105308
13.950000000000001 34.29682422694256
13.959999999999999 34.34718900179747
13.97 34.33273946139438
13.979999999999999 34.39560840265817
13.99 34.39987260029666
13.999999999999998 34.428682506003895
14.01 34.44215829341018
14.020000000000001 34.42321961000901
14.03 34.24499905674886
14.040000000000001 34.23193081706382
14.049999999999999 34.28410027333372
14.06 34.32467550765507
14.069999999999999 34.26712031982869
14.08 34.317670771577355
14.089999999999998 34.304334963072904
14.1 34.37218351776369
14.110000000000001 34.36231818687273
14.12 34.4085147882898
14.13 34.4302841703004
14.139999999999999 34.48649430950325
14.15 34.49555441087918
14.159999999999998 34.50121887327352
14.17 34.50681289828064
14.180000000000001 34.5178847709105
14.19 34.56039951821865
14.200000000000001 34.580812319113875
14.209999999999999 34.593768108827476
14.22 34.55059271211478
14.229999999999999 34.60063953907061
14.24 34.59836774863758
14.249999999999998 34.565550276665704
14.26 34.565625219735125
14.270000000000001 34.56666527431522
14.28 34.69179955474962
14.290000000000001 34.67710607949191
14.299999999999999 34.71393116460333
14.31 34.70739387889986
14.319999999999999 34.69871434788281
14.33 34.643787952043176
14.339999999999998 34.69965541681239
14.35 34.73774465920849
14.360000000000001 34.74289948099175
14.37 34.802701351469196
14.38 34.810410293188134
14.389999999999999 34.809820617781305
14.4 34.817467864173906
14.409999999999998 34.85851979956155
14.42 34.821992238621704
14.430000000000001 34.82872357100575
14.44 34.869703679950575
14.450000000000001 34.81881080215006
14.459999999999999 34.901412194020885
14.47 34.91075037385771
14.479999999999999 34.80662461254685
14.49 34.85320408182481
14.499999999999998 34.83911938973922
14.51 34.85891551029683
14.520000000000001 34.86320853336134
14.53 34.87309013921272
14.540000000000001 34.87459017770459
14.549999999999999 34.83651711742638
14.56 34.804001180545534
14.569999999999999 34.84211466144258
14.58 34.87980590258285
14.589999999999998 34.86847282670465
14.6 34.872299358094615
14.610000000000001 34.935406566642904
14.62 34.927532711912775
14.63 34.88764313005682
14.639999999999999 34.87115033113734
14.65 34.857253574560374
14.659999999999998 34.909443375150815
14.67 34.86875464139145
14.680000000000001 34.9100833603767
14.69 34.915011029698505
14.700000000000001 34.88179439801019
14.709999999999999 34.77822472506358
14.72 34.798389091955
14.729999999999999 34.84114330214898
14.74 34.844051496492966
14.749999999999998 34.85700798465333
14.76 34.91803003197244
14.770000000000001 34.93989457993396
14.78 34.900699684380726
14.790000000000001 34.895455083092244
14.799999999999999 34.92971038696516
14.81 34.87520506991277
14.819999999999999 34.91696878760545
14.83 34.97085757451974
14.839999999999998 34.943180753451806
14.85 34.95720990585015
14.860000000000001 35.04038855218117
14.87 35.000818331345826
14.88 35.04821502345474
14.889999999999999 35.00952584360125
14.9 35.02318335130677
14.909999999999998 35.086895534547864
14.92 35.09221867772085
14.930000000000001 35.075112238565175
14.94 35.11921507195947
14.950000000000001 35.11578492429643
14.959999999999999 35.11309756549376
14.97 35.08984818610506
14.979999999999999 35.15081270286694
14.99 35.1363528859647
14.999999999999998 35.1656106350198
15.01 35.1662593414805
15.020000000000001 35.174270453194964
15.03 35.16030596359265
15.040000000000001 35.205877737985226
15.049999999999999 35.18564666779278
15.06 35.21586766646976
15.069999999999999 35.186548616019024
15.08 35.19570207719941
15.089999999999998 35.063534958042275
15.1 35.10979456312635
15.110000000000001 35.16556443847823
15.12 35.05294301994003
15.13 35.06891408703022
15.139999999999999 34.99059390151879
15.15 35.21744015554756
15.159999999999998 35.02238725900367
15.17 35.02428334238431
15.180000000000001 35.18807393093874
15.19 35.15800537408696
15.200000000000001 35.22668230660075
15.209999999999999 35.24290777842057
15.22 35.2528027025033
15.229999999999999 35.21458676499209
15.24 35.15753837834671
15.249999999999998 35.20272137009245
15.26 35.221832452415896
15.270000000000001 35.17357201921473
15.28 35.04064143286102
15.290000000000001 35.116001732763436
15.299999999999999 35.14273783132012
15.31 35.12846307991879
15.319999999999999 35.07321404240206
15.33 35.05840999926512
15.339999999999998 35.05562097565592
15.35 35.08899623143637
15.360000000000001 35.10498858565851
15.37 35.09619944847488
15.38 35.088131010920335
15.389999999999999 35.19877110095845
15.4 35.218955643521255
15.409999999999998 35.13318483344602
15.42 35.152254237513986
15.430000000000001 35.4230653777369
15.44 35.15245489964076
15.450000000000001 35.17119386406742
15.459999999999999 35.41986754265329
15.47 35.434031334650314
15.479999999999999 35.41845137226392
15.49 35.63247591762611
15.499999999999998 35.61763706613081
15.51 35.59265019233137
15.520000000000001 35.646192941828474
15.53 35.42541894052179
15.540000000000001 35.419280606571334
15.549999999999999 35.451623155893515
15.56 35.52256835424063
15.569999999999999 35.61388861926776
15.58 35.580220389605685
15.589999999999998 35.60416583455842
15.6 35.63619938472699
15.610000000000001 35.6314733512272
15.62 35.62743737523482
15.63 35.67868824816144
15.639999999999999 35.69343947680593
15.65 35.813217513834246
15.659999999999998 35.83811868273432
15.67 35.88821404791151
15.680000000000001 35.8976311675023
15.69 35.60944674586747
15.700000000000001 35.647948291902175
