%x y
0.0 31.839909398358436
0.009999999999999787 31.764123215488674
0.019999999999999574 31.737462474983445
0.02999999999999936 31.735640290260196
0.03999999999999915 31.658211220729676
0.049999999999998934 31.635239263181838
0.0600000000000005 31.634019184408853
0.07000000000000028 31.66720049339593
0.08000000000000007 31.619179702551314
0.08999999999999986 31.683455875455586
0.09999999999999964 31.5767031019404
0.10999999999999943 31.523868350567433
0.11999999999999922 31.57408200767824
0.129999999999999 31.58444726404207
0.14000000000000057 31.51473528306986
0.15000000000000036 31.521857657934184
0.16000000000000014 31.48050185684548
0.16999999999999993 31.520149924742302
0.17999999999999972 31.466656024538608
0.1899999999999995 31.445633749103088
0.1999999999999993 31.435816734478102
0.20999999999999908 31.394672950463534
0.22000000000000064 31.3537114586511
0.23000000000000043 31.47563301662109
0.2400000000000002 31.3094539050805
0.25 31.309236723399387
0.2599999999999998 31.41780868877668
0.2699999999999996 31.412445582053138
0.27999999999999936 31.327187262302942
0.28999999999999915 31.303653886066705
0.29999999999999893 31.40259123694153
0.3100000000000005 31.35734165056124
0.3200000000000003 31.35863959580312
0.33000000000000007 31.293785081647094
0.33999999999999986 31.317566652765365
0.34999999999999964 31.429737051063373
0.35999999999999943 31.393283765907523
0.3699999999999992 31.287163134326462
0.379999999999999 31.397384684066758
0.39000000000000057 31.294336137556506
0.40000000000000036 31.253378387733683
0.41000000000000014 31.250314291090298
0.41999999999999993 31.258963302101037
0.4299999999999997 31.21987552962492
0.4399999999999995 31.21525612548641
0.4499999999999993 31.192032839241946
0.4599999999999991 31.256131102378728
0.47000000000000064 31.16784743655544
0.4800000000000004 31.153843889341037
0.4900000000000002 31.148338961393264
0.5 31.111028135803654
0.5099999999999998 31.095745721161293
0.5199999999999996 31.09094502539113
0.5299999999999994 31.071113907158377
0.5399999999999991 31.066164397549663
0.5499999999999989 31.02895587560126
0.5600000000000005 31.00682074752244
0.5700000000000003 30.920392718410156
0.5800000000000001 30.905417050814687
0.5899999999999999 30.851159539674534
0.5999999999999996 30.888317651190235
0.6099999999999994 30.736716272154126
0.6199999999999992 30.751813768263773
0.629999999999999 30.717563031927135
0.6400000000000006 30.73888773928524
0.6500000000000004 30.69874892370739
0.6600000000000001 30.74358919778456
0.6699999999999999 30.745762857432233
0.6799999999999997 30.73738135873945
0.6899999999999995 30.683655747568718
0.6999999999999993 30.617918793089565
0.7099999999999991 30.64605516764962
0.7200000000000006 30.63655395173221
0.7300000000000004 30.651645344115252
0.7400000000000002 30.63780350375955
0.75 30.618804172899768
0.7599999999999998 30.728809910472833
0.7699999999999996 30.68487519971503
0.7799999999999994 30.64420353509042
0.7899999999999991 30.644819691657684
0.7999999999999989 30.695685068861636
0.8100000000000005 30.69779372918116
0.8200000000000003 30.735336461172462
0.8300000000000001 30.64356184123033
0.8399999999999999 30.799830777986827
0.8499999999999996 30.816348130827386
0.8599999999999994 30.764254636776364
0.8699999999999992 30.701418405530806
0.879999999999999 30.792086680639102
0.8900000000000006 30.740700421595903
0.9000000000000004 30.773679617199516
0.9100000000000001 30.7536569727932
0.9199999999999999 30.74079938292665
0.9299999999999997 30.6911217646102
0.9399999999999995 30.759755512401632
0.9499999999999993 30.691382858841344
0.9599999999999991 30.719217109381006
0.9700000000000006 30.689591145761373
0.9800000000000004 30.861899804440327
0.9900000000000002 30.773201129873243
1.0 30.748718225547194
1.0099999999999998 30.7600851845062
1.0199999999999996 30.828502343156366
1.0299999999999994 30.705274575768232
1.0399999999999991 30.77027738837516
1.049999999999999 30.850790060473578
1.0600000000000005 30.834437406170313
1.0700000000000003 30.707418563167106
1.08 30.757514819153226
1.0899999999999999 30.859679671987017
1.0999999999999996 30.746897239808682
1.1099999999999994 30.68556693251447
1.1199999999999992 30.664043899779458
1.129999999999999 30.70188783329651
1.1400000000000006 30.69535968586732
1.1500000000000004 30.695145925235664
1.1600000000000001 30.685757983771875
1.17 30.719744091651293
1.1799999999999997 30.67369264708925
1.1899999999999995 30.678627285837987
1.1999999999999993 30.673774978220994
1.209999999999999 30.658629186106396
1.2200000000000006 30.681951132856454
1.2300000000000004 30.655043414322662
1.2400000000000002 30.60934121125796
1.25 30.673278456906907
1.2599999999999998 30.480312509735924
1.2699999999999996 30.611566441857782
1.2799999999999994 30.566882636241097
1.2899999999999991 30.599193681066755
1.299999999999999 30.55085057382164
1.3100000000000005 30.615890754844994
1.3200000000000003 30.552307942031263
1.33 30.606721729520316
1.3399999999999999 30.60291363818166
1.3499999999999996 30.576423619769937
1.3599999999999994 30.60867603751823
1.3699999999999992 30.64817247425802
1.379999999999999 30.606082685549453
1.3900000000000006 30.58301079040603
1.4000000000000004 30.618271413289925
1.4100000000000001 30.62542084422614
1.42 30.624818451679346
1.4299999999999997 30.635599847606613
1.4399999999999995 30.648118339733745
1.4499999999999993 30.602433701461052
1.459999999999999 30.662052688248465
1.4700000000000006 30.63093355753731
1.4800000000000004 30.706993867028824
1.4900000000000002 30.673426030391003
1.5 30.719692498871883
1.5099999999999998 30.735425848335492
1.5199999999999996 30.68849737239677
1.5299999999999994 30.689252136570296
1.5399999999999991 30.711749704543017
1.549999999999999 30.75494187867919
1.5600000000000005 30.761757326077092
1.5700000000000003 30.7776707640986
1.58 30.784938475604754
1.5899999999999999 30.825532086169783
1.5999999999999996 30.876739731653725
1.6099999999999994 30.88264936058732
1.6199999999999992 30.80031240660304
1.629999999999999 30.812657337735146
1.6400000000000006 30.837254496948052
1.6500000000000004 30.86629812552983
1.6600000000000001 30.78290328881201
1.67 30.790492667025617
1.6799999999999997 30.849646804523946
1.6899999999999995 30.897517719125144
1.6999999999999993 30.83930223536193
1.709999999999999 30.85095344264795
1.7200000000000006 30.903230678456417
1.7300000000000004 30.52966501081351
1.7400000000000002 30.46790244505286
1.75 30.52599074568932
1.7599999999999998 30.489255166074862
1.7699999999999996 30.4995101740081
1.7799999999999994 30.454908043397257
1.7899999999999991 30.46210045086402
1.799999999999999 30.51214023027969
1.8100000000000005 30.47369474320282
1.8200000000000003 30.47624366394708
1.83 30.439245888049104
1.8399999999999999 30.482186012783906
1.8499999999999996 30.522503529812226
1.8599999999999994 30.52169867909021
1.8699999999999992 30.468345281960275
1.879999999999999 30.413782144494665
1.8900000000000006 30.462378361207605
1.9000000000000004 30.380429176647233
1.9100000000000001 30.733542771623977
1.92 30.738833591562695
1.9299999999999997 30.740323579936515
1.9399999999999995 30.67847377032594
1.9499999999999993 30.71756647540678
1.959999999999999 30.650023294994398
1.9700000000000006 30.609148737933722
1.9800000000000004 30.712846708899207
1.9900000000000002 30.47262733832038
2.0 30.789734421083025
2.01 30.84155802065998
2.0199999999999996 30.76219981812053
2.0299999999999994 30.802952812862927
2.039999999999999 30.804909442372185
2.049999999999999 30.38974464338203
2.0600000000000005 30.25580361484257
2.0700000000000003 30.789093093101553
2.08 30.831279871493795
2.09 30.951897932182433
2.0999999999999996 31.197008060623105
2.1099999999999994 31.45623169629443
2.119999999999999 31.711148708187096
2.129999999999999 32.02061501079365
2.1400000000000006 32.44808465375095
2.1500000000000004 32.69876932591522
2.16 33.178311685981406
2.17 33.521250354939355
2.1799999999999997 33.988148475566696
2.1899999999999995 34.538727978381885
2.1999999999999993 35.01604784069259
2.209999999999999 35.5851968274427
2.2200000000000006 36.219895639817736
2.2300000000000004 36.92675672390837
2.24 37.72506331206422
2.25 38.45982426717995
2.26 39.272248908271145
2.2699999999999996 40.470612416896984
2.2799999999999994 41.38598387865977
2.289999999999999 41.92403697796703
2.299999999999999 42.75905838163836
2.3100000000000005 43.73264253159914
2.3200000000000003 44.814657282255375
2.33 45.699652765718604
2.34 46.89326226715214
2.3499999999999996 47.94347484384443
2.3599999999999994 49.08294181631921
2.369999999999999 50.03655367225842
2.379999999999999 51.0981628256999
2.3900000000000006 52.34678671784082
2.4000000000000004 53.498692926888666
2.41 54.79321134311572
2.42 56.02767624578489
2.4299999999999997 57.43256735987658
2.4399999999999995 58.716843256603134
2.4499999999999993 60.025391111506096
2.459999999999999 61.37293086655747
2.4700000000000006 62.70914206245707
2.4800000000000004 64.00185893199706
2.49 65.45595062196492
2.5 66.94082991700184
2.51 68.29923184501467
2.5199999999999996 69.74905130895073
2.5299999999999994 71.29912165658132
2.539999999999999 72.73571077672898
2.549999999999999 74.17335980402646
2.5600000000000005 75.69794709389444
2.5700000000000003 77.20412230799134
2.58 78.79946214119424
2.59 80.25539382059085
2.5999999999999996 81.7445134671201
2.6099999999999994 83.29689142968327
2.619999999999999 84.85709371077424
2.629999999999999 86.40972300479288
2.6400000000000006 87.94483901082162
2.6500000000000004 89.58726992675234
2.66 91.08417655544886
2.67 92.68040542461335
2.6799999999999997 94.21914427585357
2.6899999999999995 95.58884849224323
2.6999999999999993 97.579937445519
2.709999999999999 99.12972944771963
2.7200000000000006 100.68850328355636
2.7300000000000004 102.18068688206284
2.74 103.71766230912289
2.75 105.2958002487345
2.76 107.12842399136679
2.7699999999999996 108.44630321538637
2.7799999999999994 109.99777721291065
2.789999999999999 111.6792484865968
2.799999999999999 113.48900749054658
2.8100000000000005 115.27020505600252
2.8200000000000003 116.93358559537307
2.83 118.52273012457611
2.84 120.2139963485139
2.8499999999999996 121.76106245905997
2.8599999999999994 123.4026537528249
2.869999999999999 125.03906332593013
2.879999999999999 126.66609815056317
2.8900000000000006 128.2692007970565
2.9000000000000004 129.9149660855856
2.91 131.18568079638914
2.92 132.80479188672962
2.9299999999999997 134.70513267392877
2.9399999999999995 136.35276962184474
2.9499999999999993 138.06742173716447
2.959999999999999 139.72668765819722
2.9700000000000006 141.35832125707947
2.9800000000000004 142.8671574411585
2.99 144.46060264066415
3.0 146.07679907157203
3.01 147.633011307044
3.0199999999999996 149.23985058382306
3.0299999999999994 150.864950173721
3.039999999999999 152.1916880818605
3.049999999999999 154.08400836547372
3.0600000000000005 155.7349394348847
3.0700000000000003 157.2272646327254
3.08 158.71719000601942
3.09 160.3385785736176
3.0999999999999996 161.69772672459914
3.1099999999999994 163.5640436229209
3.119999999999999 165.17411888920725
3.129999999999999 166.41668505691683
3.1400000000000006 168.30735417955185
3.1500000000000004 169.84311769601533
3.16 171.14293485255524
3.17 173.08615398576688
3.1799999999999997 174.72385946429222
3.1899999999999995 176.3727699132381
3.1999999999999993 177.86946003434122
3.209999999999999 179.54943205880673
3.2200000000000006 181.20025785733196
3.2300000000000004 182.71972125642387
3.24 184.03198008056714
3.25 185.6596966713319
3.26 187.43351548197188
3.2699999999999996 188.73486231285415
3.2799999999999994 190.38639294571792
3.289999999999999 192.2652275506005
3.299999999999999 193.74948939664884
3.3100000000000005 195.3039746556683
3.3200000000000003 196.61001750288034
3.33 198.16500347878622
3.34 199.9552436972113
3.3499999999999996 201.49474380969434
3.3599999999999994 202.77763197491595
3.369999999999999 204.315278143196
3.379999999999999 205.93116252675853
3.3900000000000006 207.86493667252086
3.4000000000000004 209.4772191907527
3.41 210.98239277288792
3.42 212.37898593668683
3.4299999999999997 214.00416490744976
3.4399999999999995 214.48759324316643
3.4499999999999993 215.9913510304476
3.459999999999999 217.5814490279061
3.4700000000000006 219.40742119032075
3.4800000000000004 220.64187817590843
3.49 222.16612790191215
3.5 222.90482850804807
3.51 223.71720318171435
3.5199999999999996 224.8538630207239
3.5299999999999994 226.22861206700108
3.539999999999999 227.91114527053026
3.549999999999999 229.67738624591087
3.5600000000000005 231.1408184889308
3.5700000000000003 232.92376117300992
3.58 234.43167718681661
3.59 235.8074560333772
3.5999999999999996 237.44925547010644
3.6099999999999994 238.98061896046937
3.619999999999999 240.54082991798504
3.629999999999999 241.92069476646031
3.6400000000000006 243.48066585433077
3.6500000000000004 244.98449672494232
3.66 246.47428026949257
3.67 247.77018200455194
3.6799999999999997 249.25317662759193
3.6899999999999995 250.65669579385963
3.6999999999999993 252.02270852547628
3.709999999999999 253.36248288521176
3.7200000000000006 254.71654474396888
3.7300000000000004 256.1214333475997
3.74 257.34702762431687
3.75 258.6750743655743
3.76 260.0204842325825
3.7699999999999996 261.0754449535765
3.7799999999999994 262.4147428389303
3.789999999999999 263.9073285503156
3.799999999999999 265.16821664339363
3.8100000000000005 266.4373580016003
3.8200000000000003 267.7275573733183
3.83 269.0699581217538
3.84 270.34326638237405
3.8499999999999996 271.49165440883115
3.8599999999999994 272.59688443679863
3.869999999999999 273.80958642678235
3.879999999999999 274.91199765113174
3.8900000000000006 276.20460912920674
3.9000000000000004 277.4077384400099
3.91 278.6491019079799
3.92 279.62560471331744
3.9299999999999997 280.8450221472615
3.9399999999999995 281.9908995993528
3.9499999999999993 283.13985244242093
3.959999999999999 284.08195637569975
3.9700000000000006 285.2139249297641
3.9800000000000004 286.30928370010065
3.99 287.6315138557055
4.0 288.6038655706835
4.01 289.7197512156024
4.02 290.64572691261037
4.029999999999999 291.60052312772393
4.039999999999999 292.6630064363442
4.049999999999999 293.66316213175315
4.0600000000000005 294.7956401139213
4.07 295.60209731904695
4.08 296.670777621292
4.09 297.5696939192767
4.1 298.63959521122854
4.109999999999999 299.49513179867756
4.119999999999999 299.83967236134487
4.129999999999999 300.74110766998757
4.140000000000001 301.57081100421067
4.15 302.4971333717333
4.16 303.2289258502917
4.17 304.04619932042243
4.18 304.8512108158725
4.1899999999999995 305.7753258595658
4.199999999999999 306.54225393765887
4.209999999999999 308.2138942810834
4.220000000000001 309.08658620833097
4.23 309.86083950160526
4.24 310.395435973346
4.25 311.0960266684143
4.26 311.9907702438139
4.27 312.58468368754666
4.279999999999999 313.3090415490004
4.289999999999999 313.87425296602754
4.299999999999999 314.59694576341974
4.3100000000000005 315.10121660955656
4.32 315.7220044220871
4.33 316.25642472568103
4.34 317.00347893374135
4.35 317.56174598368756
4.359999999999999 318.03343997787175
4.369999999999999 318.37183622987516
4.379999999999999 318.14006053285055
4.390000000000001 317.65612777023364
4.4 317.87552624605905
4.41 318.0580689415307
4.42 318.25351362903444
4.43 318.4446996758992
4.4399999999999995 319.16768777574464
4.449999999999999 319.62412608496754
4.459999999999999 319.3937198228274
4.470000000000001 319.2487627073001
4.48 318.8631529458684
4.49 318.5883988647049
4.5 317.9763234553981
4.51 317.49335229925094
4.52 316.8313773430051
4.529999999999999 316.2059131186952
4.539999999999999 315.47393174574995
4.549999999999999 314.1849019575219
4.5600000000000005 313.3734363508038
4.57 311.6760833579298
4.58 310.6478907532129
4.59 309.69031498521815
4.6 308.55716921313467
4.609999999999999 308.1888248490402
4.619999999999999 307.3683611362427
4.629999999999999 306.0123662984814
4.640000000000001 304.585792390899
4.65 303.28351152632234
4.66 301.92709852501946
4.67 300.66188300416326
4.68 299.5424766809877
4.6899999999999995 298.5384197700991
4.699999999999999 296.9317367199351
4.709999999999999 295.5196302641531
4.720000000000001 295.6108401567749
4.73 295.7153479719523
4.74 295.10479305549705
4.75 293.84262863748813
4.76 293.3291379393347
4.77 292.7718221071028
4.779999999999999 292.5395835340456
4.789999999999999 292.1396337915428
4.799999999999999 291.82822621970973
4.8100000000000005 292.2856606034727
4.82 291.22934716263916
4.83 290.2790220333354
4.84 289.9849539184372
4.85 290.45382583363005
4.859999999999999 290.04063964457964
4.869999999999999 289.91206890109686
4.879999999999999 289.7151528696466
4.890000000000001 289.60456748066474
4.9 289.4219743855664
4.91 289.2623531924796
4.92 288.923051179357
4.93 289.0142106160975
4.9399999999999995 288.7824580989902
4.949999999999999 288.7805761375239
4.959999999999999 288.5697482267508
4.970000000000001 288.4026892534033
4.98 288.26074968873735
4.99 288.234253576494
5.0 288.1146742973326
5.01 287.911232558101
5.02 287.74878841936913
5.029999999999999 287.6346658909339
5.039999999999999 287.42246318628975
5.049999999999999 287.3474614890321
5.0600000000000005 287.1956630645664
5.07 286.99184412314173
5.08 286.86984968712846
5.09 286.84539568844616
5.1 286.7527126758069
5.109999999999999 286.1117582902267
5.119999999999999 286.06478204483756
5.129999999999999 285.8957213922563
5.140000000000001 285.74135769411805
5.15 285.55401922220403
5.16 285.36718201305496
5.17 285.06062193788887
5.18 284.9261124521464
5.1899999999999995 284.81637696036694
5.199999999999999 284.64460235163307
5.209999999999999 284.549142541262
5.220000000000001 284.28291078600046
5.23 284.1670981769866
5.24 283.9221329530368
5.25 283.80013986825236
5.26 283.5738365444189
5.27 283.45366020994004
5.279999999999999 283.1524261574417
5.289999999999999 283.00882758429714
5.299999999999999 282.86232851551995
5.3100000000000005 282.6941541708429
5.32 282.4695593371234
5.33 282.30110048443385
5.34 282.0942569539592
5.35 281.8960343501319
5.359999999999999 281.5814850213717
5.369999999999999 281.42622264479866
5.379999999999999 281.1600110846474
5.390000000000001 280.98799639497383
5.4 280.8325815359867
5.41 280.69149709004967
5.42 280.53235722566546
5.43 280.3479024945382
5.4399999999999995 280.07741554080894
5.449999999999999 280.0920392346163
5.459999999999999 279.89620314026865
5.470000000000001 279.6234589078714
5.48 279.500894192754
5.49 279.1901846612471
5.5 278.90164131410836
5.51 278.7852340339636
5.520000000000001 278.5840712504792
5.529999999999999 278.38195536666774
5.540000000000001 278.0715450162929
5.549999999999999 277.9553767217826
5.5600000000000005 277.66557581018765
5.5699999999999985 277.4629680924319
5.58 277.20148567991805
5.589999999999998 276.9494674495785
5.6 276.7391124880095
5.610000000000001 276.50306026994656
5.619999999999999 276.18027496900436
5.630000000000001 275.94695715005423
5.639999999999999 275.6589921752261
5.65 275.4370343022988
5.659999999999998 275.31264379896743
5.67 274.9571018964713
5.6800000000000015 274.81644377799955
5.6899999999999995 274.5120406505809
5.700000000000001 274.1167394613432
5.709999999999999 273.9397804603177
5.720000000000001 273.5692209924409
5.729999999999999 273.34297683443987
5.74 273.02463452517435
5.749999999999998 272.7375003367672
5.76 272.46482840270335
5.770000000000001 272.3009237542485
5.779999999999999 271.9933033079729
5.790000000000001 271.66187774168645
5.799999999999999 271.3705550356733
5.8100000000000005 271.109795211494
5.8199999999999985 270.71112955502997
5.83 270.5355146603705
5.839999999999998 270.3127803630261
5.85 269.9240724411843
5.860000000000001 269.6144253341752
5.869999999999999 269.2868945143558
5.880000000000001 269.0024721404202
5.889999999999999 268.6644499465855
5.9 268.30203019485606
5.909999999999998 267.9302835480672
5.92 267.6815763152317
5.9300000000000015 267.36113460718497
5.9399999999999995 267.03957378602865
5.950000000000001 266.7226716518694
5.959999999999999 266.4203089285828
5.970000000000001 265.972797357274
5.979999999999999 265.6747691546061
5.99 265.29426305513044
5.999999999999998 265.04444860981516
6.01 264.7045763605702
6.020000000000001 264.26814067029017
6.029999999999999 263.8535501832082
6.040000000000001 263.42915709928167
6.049999999999999 263.072273034039
6.0600000000000005 262.84863377407373
6.0699999999999985 262.4628193926112
6.08 262.1302690585404
6.089999999999998 261.62033217237956
6.1 261.3102015384555
6.110000000000001 260.94485245732244
6.119999999999999 260.4890532778917
6.130000000000001 260.1389185152808
6.139999999999999 259.6101801070016
6.15 259.28368924458425
6.159999999999998 258.82173495160447
6.17 258.388923796884
6.1800000000000015 257.9158025050473
6.1899999999999995 257.5773246611534
6.200000000000001 257.1573016338672
6.209999999999999 256.80405408165126
6.220000000000001 256.24139593611915
6.229999999999999 255.8562941996578
6.24 255.37723098316553
6.249999999999998 254.96811520202417
6.26 254.47732240028586
6.270000000000001 254.05642356573765
6.279999999999999 253.69462354768393
6.290000000000001 253.25462369478527
6.299999999999999 252.75284096587882
6.3100000000000005 252.24028540273463
6.3199999999999985 251.64590159729218
6.33 251.19353386095355
6.339999999999998 250.7719314784777
6.35 250.31773287269542
6.360000000000001 249.78260798143498
6.369999999999999 249.2895950871544
6.380000000000001 248.8413617776689
6.389999999999999 248.33284175854874
6.4 247.93329715625424
6.409999999999998 247.19758673069686
6.42 246.95784651883872
6.4300000000000015 246.6658069210293
6.4399999999999995 246.3042992627223
6.450000000000001 245.71711090412606
6.459999999999999 245.14869122607791
6.470000000000001 244.10622557615847
6.479999999999999 243.62268256907362
6.49 243.17152656194023
6.499999999999998 242.7315527774614
6.51 242.11160666301987
6.520000000000001 241.5786373846299
6.529999999999999 241.06498127815897
6.540000000000001 240.48722007486327
6.549999999999999 240.1107415074817
6.5600000000000005 239.7768710965974
6.5699999999999985 239.14311317485152
6.58 238.69637026082654
6.589999999999998 238.1872242714196
6.6 237.58872395407516
6.610000000000001 237.18674150090604
6.619999999999999 236.55943007493653
6.630000000000001 235.96327533792694
6.639999999999999 235.5100287870236
6.65 234.83307556087513
6.659999999999998 234.3715483262203
6.67 233.86690397759332
6.6800000000000015 233.44611375782975
6.6899999999999995 232.8778203214977
6.700000000000001 232.28572405742938
6.709999999999999 231.7272011764924
6.720000000000001 231.3477668735441
6.729999999999999 230.7341843465286
6.74 230.23015813716216
6.749999999999998 229.81471589289026
6.76 229.32710479389084
6.770000000000001 228.83285735367951
6.779999999999999 228.23760221011315
6.790000000000001 227.81745779343663
6.799999999999999 227.31890075311924
6.8100000000000005 226.84006557237814
6.8199999999999985 226.28710585075152
6.83 225.74894851550908
6.839999999999998 225.3788446032416
6.85 224.8243724320405
6.860000000000001 224.3867427856004
6.869999999999999 223.75915832173268
6.880000000000001 223.12778110716744
6.889999999999999 222.65823382105864
6.9 222.44257006451915
6.909999999999998 222.11586530861638
6.92 221.6298922390642
6.9300000000000015 221.15152088940823
6.9399999999999995 220.6665078234887
6.950000000000001 220.09984678190773
6.959999999999999 219.5191835496918
6.970000000000001 218.96305664258128
6.979999999999999 218.2982184303284
6.99 218.31780054019157
6.999999999999998 217.32926574677924
7.01 216.84813674142333
7.020000000000001 216.25931109714242
7.029999999999999 215.78651180043977
7.040000000000001 215.06251297255147
7.049999999999999 214.44486353417022
7.0600000000000005 214.1183355271806
7.0699999999999985 213.52671544710657
7.08 213.00302434081996
7.089999999999998 212.49399165570566
7.1 211.97913777749676
7.110000000000001 211.49200216253956
7.119999999999999 210.98526704449952
7.130000000000001 210.45627072627695
7.139999999999999 209.98958170539385
7.15 209.48398028191116
7.159999999999998 208.84437899649944
7.17 208.50180459031486
7.1800000000000015 207.99572880154366
7.1899999999999995 207.40122441368618
7.200000000000001 207.0102648803118
7.209999999999999 206.43389400965478
7.220000000000001 205.9582412998092
7.229999999999999 205.4303305574629
7.24 204.93046821459313
7.249999999999998 204.46057658467123
7.26 203.96789804110352
7.270000000000001 203.49660992999242
7.279999999999999 202.93428205493507
7.290000000000001 202.4463351389111
7.299999999999999 201.9756911827333
7.3100000000000005 201.52143409697723
7.3199999999999985 200.93471120429172
7.33 200.43201553602415
7.339999999999998 199.93770784963482
7.35 199.49599623630974
7.360000000000001 198.96590628127544
7.369999999999999 198.49073085432337
7.380000000000001 197.92023482546384
7.389999999999999 197.5100615786635
7.4 197.08423114096405
7.409999999999998 196.52480402228684
7.42 196.0617684002686
7.4300000000000015 195.6208298344651
7.4399999999999995 195.15574502913617
7.450000000000001 194.60498292296174
7.459999999999999 194.09511036630926
7.470000000000001 193.71597350931688
7.479999999999999 193.1681635240359
7.49 192.7276721065379
7.499999999999998 192.21007675488136
7.51 191.76612228742164
7.520000000000001 191.2868408553984
7.529999999999999 190.87859006238415
7.540000000000001 190.44633223202524
7.549999999999999 190.06552008443774
7.5600000000000005 189.61358726134333
7.5699999999999985 189.2258199354562
7.58 188.76037398991087
7.589999999999998 188.2951491449837
7.6 187.97006999936693
7.610000000000001 187.537343366377
7.619999999999999 187.09976359066036
7.630000000000001 186.6896170249977
7.639999999999999 186.3137457177377
7.65 185.86820563703148
7.659999999999998 185.51774106342964
7.67 185.1610019983664
7.6800000000000015 184.74216436136368
7.6899999999999995 184.3782642205319
7.700000000000001 183.9205545381542
7.709999999999999 183.5335796852171
7.720000000000001 183.2377756708156
7.729999999999999 182.76910335511596
7.74 182.41861993151107
7.749999999999998 182.0339737227646
7.76 181.64615458596907
7.770000000000001 181.37965667717245
7.779999999999999 180.89701957711992
7.790000000000001 180.5462940119282
7.799999999999999 180.09780251701994
7.8100000000000005 179.75376012219883
7.8199999999999985 179.42291597696413
7.83 179.08865792871757
7.839999999999998 178.951270262506
7.85 178.63014889182244
7.860000000000001 178.29455865392725
7.869999999999999 177.8004911238308
7.880000000000001 177.45694446046855
7.889999999999999 177.15508577492056
7.9 176.38668987060214
7.909999999999998 175.93517035699884
7.92 175.65850133965859
7.9300000000000015 175.3415006374256
7.9399999999999995 174.91619942873368
7.950000000000001 174.6039759319303
7.959999999999999 174.21436008861923
7.970000000000001 173.9832917358002
7.979999999999999 173.4567544767773
7.99 173.13392716380332
7.999999999999998 172.7672417306316
8.01 172.43849590417085
8.020000000000001 171.96023659845966
8.03 171.5962178171881
8.040000000000001 171.26344858972058
8.049999999999999 170.8098029062827
8.06 170.5850013166942
8.069999999999999 170.22981167847553
8.08 169.84678755679755
8.089999999999998 169.4325759184083
8.1 169.04178951635188
8.110000000000001 168.6285589685757
8.12 168.2666625295118
8.13 167.97567487586667
8.139999999999999 167.68975937395186
8.15 166.9939521683446
8.159999999999998 166.7508652416594
8.17 166.28954488565586
8.180000000000001 165.88789612264333
8.19 165.60305757962578
8.200000000000001 165.25924546274925
8.209999999999999 164.80639445389332
8.22 164.44213590235296
8.229999999999999 164.05146440690208
8.24 163.68470604387895
8.249999999999998 163.30859892683605
8.26 162.9559706030675
8.270000000000001 162.64764148156846
8.28 162.24243217146042
8.290000000000001 161.86402338210428
8.299999999999999 161.48038916353576
8.31 161.10799294490732
8.319999999999999 160.70657383094573
8.33 160.28157020605664
8.339999999999998 159.8597045509833
8.35 159.4472195250495
8.360000000000001 159.13869860701806
8.37 158.58563978791466
8.38 158.25927508766844
8.389999999999999 157.6685363335997
8.4 157.23492271968212
8.409999999999998 156.8156376301289
8.42 156.50404323210176
8.430000000000001 156.08390856457044
8.44 155.85592098381233
8.450000000000001 155.51449093929585
8.459999999999999 155.10671365438685
8.47 154.71560741838013
8.479999999999999 154.3095830758673
8.49 154.00276093654634
8.499999999999998 153.6460721286477
8.51 153.2298528627673
8.520000000000001 152.91454109045856
8.53 152.51108137793227
8.540000000000001 152.1306595945458
8.549999999999999 151.7694468970333
8.56 151.373023950039
8.569999999999999 150.995574584208
8.58 150.69336333509324
8.589999999999998 150.28255800565103
8.6 150.41735125874504
8.610000000000001 150.05559919427247
8.62 149.1588921658008
8.63 148.68183455356817
8.639999999999999 148.407884880084
8.65 148.0611465930151
8.659999999999998 147.75166121466947
8.67 147.3901232470998
8.680000000000001 147.1780200789027
8.69 146.8327219228711
8.700000000000001 146.359034527023
8.709999999999999 146.08710235632518
8.72 145.7465436824756
8.729999999999999 145.3784111788092
8.74 145.10779213512785
8.749999999999998 144.69960162277647
8.76 144.27895895391708
8.770000000000001 143.9878563901197
8.78 143.70712122262066
8.790000000000001 143.3481078361419
8.799999999999999 143.0433506867766
8.81 142.6507345774276
8.819999999999999 142.29268681975861
8.83 141.89139670352415
8.839999999999998 141.54453221552575
8.85 141.22865491436443
8.860000000000001 140.85353836159408
8.87 140.54446500085322
8.88 140.18119343976826
8.889999999999999 139.77525917710173
8.9 139.35457488408935
8.909999999999998 139.05576534799968
8.92 138.64903403283
8.930000000000001 138.21814609547607
8.94 137.80018877879652
8.950000000000001 137.422421427507
8.959999999999999 136.99927539046124
8.97 136.57850825976612
8.979999999999999 136.241392352851
8.99 135.74926501923468
8.999999999999998 135.28298833346062
9.01 134.9054743877128
9.020000000000001 134.5270327891043
9.03 134.10829099888485
9.040000000000001 133.72879523579607
9.049999999999999 133.26350926340177
9.06 132.987309737513
9.069999999999999 132.50712758414056
9.08 132.00282658304113
9.089999999999998 131.6693980129159
9.1 131.22683476009195
9.110000000000001 130.751843127999
9.12 130.4957442972688
9.13 130.0668939248688
9.139999999999999 129.64073747001794
9.15 129.17537238773954
9.159999999999998 128.8207849126423
9.17 128.39859090127504
9.180000000000001 127.96872967832383
9.19 128.05078429428568
9.200000000000001 127.65280975543817
9.209999999999999 127.26156647843479
9.22 126.83408615371731
9.229999999999999 126.46600573520078
9.24 126.02053983094254
9.249999999999998 125.69504615069937
9.26 125.33127692907074
9.270000000000001 124.87060288072665
9.28 124.50562213390077
9.290000000000001 124.1525959790154
9.299999999999999 123.71528902644671
9.31 123.33271151601409
9.319999999999999 122.94662545537068
9.33 122.11051294732901
9.339999999999998 121.69042172699241
9.35 121.32502593220786
9.360000000000001 120.93856762667983
9.37 120.55838045865379
9.38 120.74049415847733
9.389999999999999 120.35173510237279
9.4 119.95724606281897
9.409999999999998 119.57226429402792
9.42 119.28676892394536
9.430000000000001 118.87147636826604
9.44 118.48235278912313
9.450000000000001 118.18698123809835
9.459999999999999 117.8081997143201
9.47 117.57536678081819
9.479999999999999 117.15390748113239
9.49 116.83576224831816
9.499999999999998 116.53560485341444
9.51 116.16593210935878
9.520000000000001 115.79907138145718
9.53 115.477695604531
9.540000000000001 115.14314887104004
9.549999999999999 114.83718049044717
9.56 114.53802453896492
9.569999999999999 114.20219596849597
9.58 113.9231003310123
9.589999999999998 113.50982869831117
9.6 113.24071166654701
9.610000000000001 112.83055899288723
9.62 112.59387398200872
9.63 112.25120541190093
9.639999999999999 111.91016054715335
9.65 111.60275383610113
9.659999999999998 111.29993187874013
9.67 110.91753426340654
9.680000000000001 110.5480690507835
9.69 110.48233511280567
9.700000000000001 109.989556057723
9.709999999999999 109.53252386831466
9.72 109.24303037311171
9.729999999999999 109.13344378556171
9.74 108.56863481039899
9.749999999999998 108.43742156236054
9.76 107.94275079288192
9.770000000000001 107.64396211667253
9.78 107.25305887895502
9.790000000000001 107.1099477119138
9.799999999999999 106.5769708973193
9.81 106.41102633293188
9.819999999999999 105.97159802741858
9.83 105.60188409024454
9.839999999999998 105.29939425333646
9.85 104.98271225948645
9.860000000000001 104.6346703715452
9.87 104.43243104808464
9.88 104.06141574712453
9.889999999999999 103.83344847830908
9.9 103.46088205068973
9.909999999999998 103.22305049707407
9.92 102.9435200311969
9.930000000000001 102.61706754709391
9.94 102.27536794150839
9.950000000000001 101.99728089925316
9.959999999999999 101.72909121475715
9.97 101.41910259628861
9.979999999999999 101.15713564317917
9.99 100.84210725459488
9.999999999999998 100.55211372491678
10.01 100.27772592843084
10.020000000000001 100.03309418080346
10.03 99.7000347376256
10.040000000000001 99.39546350698588
10.049999999999999 99.19346826660501
10.06 98.96683157188663
10.069999999999999 98.655669797413
10.08 98.48160765179175
10.089999999999998 98.201448762583
10.1 97.96305729921545
10.110000000000001 97.62370421446519
10.12 97.36716586779818
10.13 97.15185656811163
10.139999999999999 96.89298988723203
10.15 96.75095212349834
10.159999999999998 96.35588558199997
10.17 96.18072719125587
10.180000000000001 95.87824054444292
10.19 95.67025745570865
10.200000000000001 95.34664246092356
10.209999999999999 95.17888265279892
10.22 94.81249712530861
10.229999999999999 94.49276787135261
10.24 93.7916667252971
10.249999999999998 93.56544542779088
10.26 93.29689626192447
10.270000000000001 92.98639982361578
10.28 92.74084176283779
10.290000000000001 92.46606320134833
10.299999999999999 92.25330647629721
10.31 91.91352545759942
10.319999999999999 91.7173920717694
10.33 91.37054121115116
10.339999999999998 91.0635248140198
10.35 90.88146625308286
10.360000000000001 91.15034582622924
10.37 90.84979558477012
10.38 90.00420090794323
10.389999999999999 89.80051472999267
10.4 89.60521639638912
10.409999999999998 89.81062228078781
10.42 89.50264309653835
10.430000000000001 89.23784078694482
10.44 88.97582934973508
10.450000000000001 88.80747459440042
10.459999999999999 88.60228520599667
10.47 88.37201094087872
10.479999999999999 88.17236905989412
10.49 87.97178024450997
10.499999999999998 87.73820813774807
10.51 87.42058354621057
10.520000000000001 87.2275070289534
10.53 86.96159391793032
10.540000000000001 86.75916221467027
10.549999999999999 86.53550228969648
10.56 86.24742526178213
10.569999999999999 86.06448845558181
10.58 85.85068820337887
10.589999999999998 85.51800375909157
10.6 85.31813218452336
10.610000000000001 85.12379954929116
10.62 84.79147675165405
10.63 84.58784266575404
10.639999999999999 84.305789709467
10.65 84.13582648560097
10.659999999999998 84.0329360219757
10.67 83.78002761005271
10.680000000000001 83.48241427842763
10.69 83.2783639749997
10.700000000000001 83.03765278287841
10.709999999999999 82.8100213029422
10.72 82.6442197199882
10.729999999999999 82.36995320363695
10.74 82.16372735290567
10.749999999999998 81.9280596854272
10.76 81.758326491797
10.770000000000001 81.48890242164026
10.78 81.32466023791719
10.790000000000001 81.0721949127846
10.799999999999999 80.78871187602326
10.81 80.53201953809106
10.819999999999999 80.23213580730831
10.83 80.07212157630312
10.839999999999998 79.7125822542018
10.85 79.5192457790107
10.860000000000001 79.3458828316385
10.87 78.94354247446572
10.88 78.7857435378921
10.889999999999999 78.55491194674175
10.9 78.38405501413413
10.909999999999998 78.04583155126997
10.92 77.85370666774737
10.930000000000001 77.59610441862432
10.94 77.44183151069359
10.950000000000001 77.16408831346293
10.959999999999999 76.87760167564318
10.97 76.68939539216817
10.979999999999999 76.48860179772797
10.99 76.17959304439177
10.999999999999998 76.02058783086179
11.01 75.77304124098785
11.020000000000001 75.49964252865698
11.03 75.27484565307373
11.040000000000001 75.11168321650868
11.049999999999999 74.91312334225731
11.06 74.71393991034786
11.069999999999999 74.50700571755976
11.08 74.26928842214855
11.089999999999998 74.1095117444078
11.1 73.92278257312555
11.110000000000001 73.80653928113153
11.12 73.55620072947178
11.13 73.36781278768608
11.139999999999999 73.18088131723641
11.15 73.01458640434831
11.159999999999998 72.90049327793116
11.17 72.57939319672951
11.180000000000001 72.51363122406099
11.19 72.28541628444465
11.200000000000001 72.0894456227491
11.209999999999999 71.96129381608156
11.22 71.66361155265915
11.229999999999999 71.5259127265227
11.24 71.43495450674229
11.249999999999998 71.21155699069433
11.26 70.99290404942143
11.270000000000001 70.74489506845532
11.28 70.57274418849019
11.290000000000001 70.41216208153273
11.299999999999999 70.20938205375671
11.31 70.00781160196983
11.319999999999999 69.78382424108754
11.33 69.54247661447371
11.339999999999998 69.45584718380535
11.35 69.22911193670942
11.360000000000001 69.00605377862499
11.37 68.76435915566125
11.38 68.51955589576691
11.389999999999999 68.3431121973975
11.4 68.11109036723667
11.409999999999998 67.93181387336432
11.42 67.56547426336972
11.430000000000001 67.29484290978769
11.44 67.19019545983322
11.450000000000001 66.97078393605295
11.459999999999999 66.73610828870144
11.47 66.49113295992626
11.479999999999999 66.21720863932714
11.49 66.15228145776004
11.499999999999998 65.96578938765934
11.51 65.6976191103607
11.520000000000001 65.52507071134268
11.53 65.34307116940757
11.540000000000001 65.25854523204599
11.549999999999999 65.0523869941106
11.56 64.8963263957282
11.569999999999999 64.63396620558325
11.58 64.45896438392383
11.589999999999998 64.38445566035597
11.6 64.14525502772229
11.610000000000001 63.904189457612134
11.62 63.73265873179121
11.63 63.606916620085435
11.639999999999999 63.41376584741317
11.65 63.235065141270276
11.659999999999998 63.154849679439536
11.67 62.8401249930609
11.680000000000001 62.7357177476801
11.69 62.674087313907464
11.700000000000001 62.51822141666697
11.709999999999999 62.44615834216127
11.72 62.18545190387826
11.729999999999999 61.98683270550241
11.74 61.977441738230965
11.749999999999998 61.81435070482931
11.76 61.678551463392715
11.770000000000001 61.44252348093153
11.78 61.28489823422097
11.790000000000001 61.259368761911105
11.799999999999999 61.07806093525787
11.81 60.883702704763465
11.819999999999999 60.712729202820995
11.83 60.56020007772594
11.839999999999998 60.48828761904387
11.85 60.4383892823524
11.860000000000001 60.28801428484964
11.87 60.11701978069225
11.88 59.94930549916093
11.889999999999999 59.8701584848074
11.9 59.71649901900766
11.909999999999998 59.574819390507024
11.92 59.45830231645711
11.930000000000001 59.24403207291897
11.94 59.066048692548605
11.950000000000001 58.89514575184053
11.959999999999999 58.80564972304748
11.97 58.633001949798455
11.979999999999999 58.46857327779588
11.99 58.357144388815655
11.999999999999998 58.118774843676036
12.01 58.10422455413623
12.020000000000001 57.96973520997227
12.03 57.91197631820687
12.040000000000001 57.64445219870004
12.049999999999999 57.52343575585367
12.06 57.520328734837754
12.069999999999999 57.33794828595923
12.08 57.28488120358463
12.089999999999998 57.09995818703605
12.1 56.93878857885634
12.110000000000001 56.73286131045828
12.12 56.71368290013945
12.13 56.58066956831385
12.139999999999999 56.49037176959602
12.15 56.312122120621616
12.159999999999998 56.21859638670454
12.17 56.170827856842635
12.180000000000001 55.99820301924285
12.19 55.938413064945614
12.200000000000001 55.76134408195338
12.209999999999999 55.69174118930244
12.22 55.662567713049626
12.229999999999999 55.59778735939118
12.24 55.55382540652428
12.249999999999998 55.35707661035498
12.26 55.23268231896075
12.270000000000001 55.170180890632054
12.28 55.080726732358755
12.290000000000001 54.94416854233453
12.299999999999999 54.73481607177921
12.31 54.767717239624815
12.319999999999999 54.79133454264955
12.33 54.68465600516403
12.339999999999998 54.50863338065625
12.35 54.38150976083957
12.360000000000001 54.194408999802064
12.37 54.2099945198451
12.38 54.09989036258237
12.389999999999999 53.81639621740194
12.4 53.6813325767166
12.409999999999998 53.64797444438454
12.42 53.54868892747109
12.430000000000001 53.37228677984301
12.44 53.19840388376511
12.450000000000001 53.090692618868346
12.459999999999999 53.13439947483882
12.47 53.017774220785725
12.479999999999999 52.97837471268893
12.49 52.967728991200104
12.499999999999998 52.895869566553515
12.51 52.86795738552878
12.520000000000001 52.71634491986069
12.53 52.53629969848514
12.540000000000001 52.43985275803532
12.549999999999999 52.431979924434614
12.56 52.36630205599866
12.569999999999999 52.27928138542688
12.58 52.059672257135894
12.589999999999998 52.00463353772503
12.6 51.88792551479847
12.610000000000001 51.809299790951336
12.62 51.63396445009985
12.63 51.49500599552772
12.639999999999999 51.52513585490206
12.65 51.34287063169588
12.659999999999998 50.09418152851026
12.67 50.08237185309491
12.680000000000001 49.92946486271076
12.69 49.811325890865284
12.700000000000001 49.751572143572076
12.709999999999999 49.56322208395966
12.72 49.557187399455074
12.729999999999999 50.57079244481711
12.74 49.40080569426268
12.749999999999998 49.24890063255546
12.76 49.16680480045088
12.770000000000001 49.197369009633476
12.78 49.02968126413411
12.790000000000001 48.95769950123693
12.799999999999999 48.85253059452363
12.81 48.86704095456039
12.819999999999999 48.78983462590253
12.83 48.573970985138516
12.839999999999998 48.50364279931658
12.85 48.580728263647984
12.860000000000001 48.39593231096045
12.87 48.347873991206484
12.88 48.19502019770086
12.889999999999999 48.244755351202144
12.9 48.18178159599903
12.909999999999998 48.108919553995904
12.92 47.942734888522494
12.930000000000001 47.9585286703979
12.94 47.780517163863635
12.950000000000001 47.80328959255091
12.959999999999999 47.65604856160215
12.97 47.621519316021185
12.979999999999999 47.522032146669474
12.99 47.543391755413026
12.999999999999998 47.36236874568695
13.01 47.3133579778945
13.020000000000001 47.2728105883791
13.03 47.13381565750632
13.040000000000001 47.04663508762884
13.049999999999999 47.06134287920629
13.06 46.942009909700715
13.069999999999999 46.88353337021864
13.08 46.74327526950505
13.089999999999998 46.771724179123
13.1 46.712962829612195
13.110000000000001 46.53218779269783
13.12 46.43657054390956
13.13 46.50787037774415
13.139999999999999 46.38020823891564
13.15 46.27226955918654
13.159999999999998 46.14230472023831
13.17 46.192476836821996
13.180000000000001 46.04966901629494
13.19 45.965421668792125
13.200000000000001 45.884399184961666
13.209999999999999 46.04558987209769
13.22 45.79737213144574
13.229999999999999 45.704429826887264
13.24 45.64863462539139
13.249999999999998 45.70606289049974
13.26 45.57532346901992
13.270000000000001 45.50403519575989
13.28 45.40225870886395
13.290000000000001 45.275784998219066
13.299999999999999 45.1905261951314
13.31 45.2065543624895
13.319999999999999 45.157814147157715
13.33 45.03584647461743
13.339999999999998 44.91385055577405
13.35 44.82808140958883
13.360000000000001 44.88900174208553
13.37 44.69671818267195
13.38 44.73700886675884
13.389999999999999 44.61861654828751
13.4 44.725386932119584
13.409999999999998 44.546421666474686
13.42 44.393557435637376
13.430000000000001 44.4929561306115
13.44 44.38389208195237
13.450000000000001 44.207533047743496
13.459999999999999 44.22799413581433
13.47 44.17077807006234
13.479999999999999 44.150406757743596
13.49 44.02578975900671
13.499999999999998 43.94239080199752
13.51 43.98229331512282
13.520000000000001 43.77217732582828
13.53 43.816573274579966
13.540000000000001 43.80936264630176
13.549999999999999 43.77486983765885
13.56 43.563313578467174
13.569999999999999 43.556064496540195
13.58 43.50860634060445
13.589999999999998 43.369543315436744
13.6 43.30548864813491
13.610000000000001 43.39709603496035
13.62 43.368253733749874
13.63 43.072915577210885
13.639999999999999 42.97111092087225
13.65 43.071345919058906
13.659999999999998 43.03236505524536
13.67 42.867901978563246
13.680000000000001 42.921567225013256
13.69 42.90001857283772
13.700000000000001 42.774392098176904
13.709999999999999 42.62604831246693
13.72 42.73157468765723
13.729999999999999 42.73082961199172
13.74 42.59523275469372
13.749999999999998 42.460075481657654
13.76 42.57766036605277
13.770000000000001 42.517787194222514
13.78 42.308773527948865
13.790000000000001 42.22640798687371
13.799999999999999 42.26143400179726
13.81 42.114142510490254
13.819999999999999 42.1050894256979
13.83 42.105995956704575
13.839999999999998 42.02817298314987
13.85 41.987627829703015
13.860000000000001 41.87767411098923
13.87 41.933000739474465
13.88 41.839091497127995
13.889999999999999 41.708982425747095
13.9 41.85289703062373
13.909999999999998 41.847133503462686
13.92 41.66634885041698
13.930000000000001 41.62552686773664
13.94 41.58129146221373
13.950000000000001 41.48124369143912
13.959999999999999 41.49200483259918
13.97 41.44935503997799
13.979999999999999 41.50443436895827
13.99 41.407738607439995
13.999999999999998 41.39028323496045
14.01 41.395950621674146
14.020000000000001 41.314144958043585
14.03 40.76599669317424
14.040000000000001 40.70871542649624
14.049999999999999 40.727804651118156
14.06 40.70604041159482
14.069999999999999 40.58970826361406
14.08 40.6334930636728
14.089999999999998 40.550534475409535
14.1 40.5855583098576
14.110000000000001 40.53537270997987
14.12 40.55038800754714
14.13 40.53139266600571
14.139999999999999 40.53268008167767
14.15 40.517654381079375
14.159999999999998 40.43722759853362
14.17 40.41980780590646
14.180000000000001 40.388049281986014
14.19 40.41057411073831
14.200000000000001 40.39056792022815
14.209999999999999 40.40917239574075
14.22 40.277699340591084
14.229999999999999 40.27661082446176
14.24 40.22325092463324
14.249999999999998 40.17045615074074
14.26 40.08645441599246
14.270000000000001 40.035648026020304
14.28 40.20859812497756
14.290000000000001 40.11326374975326
14.299999999999999 40.11293758819444
14.31 40.063774699384126
14.319999999999999 39.98860304410097
14.33 39.88494045985564
14.339999999999998 39.89732200507293
14.35 39.916177971852605
14.360000000000001 39.856771593495196
14.37 39.90750152206229
14.38 39.876425811650364
14.389999999999999 39.83649490821415
14.4 39.79940939818768
14.409999999999998 39.818635935611645
14.42 39.74587686063613
14.430000000000001 39.67918161901008
14.44 39.70258042654731
14.450000000000001 39.62893632950083
14.459999999999999 39.64859613326939
14.47 39.62887077814631
14.479999999999999 39.494450566939626
14.49 39.47541585421458
14.499999999999998 39.38845215003193
14.51 39.42049049005052
14.520000000000001 39.4151562020065
14.53 39.35956959466167
14.540000000000001 39.32999554886328
14.549999999999999 39.271971886804415
14.56 39.18372910225461
14.569999999999999 39.167312654483695
14.58 39.200092513479554
14.589999999999998 39.13629741426499
14.6 39.10393824559931
14.610000000000001 39.18294650947478
14.62 39.114341023448
14.63 39.02981854889994
14.639999999999999 39.00534113082713
14.65 38.931961236823135
14.659999999999998 38.96344816600657
14.67 38.91172225793764
14.680000000000001 38.91602411569199
14.69 38.892939569760834
14.700000000000001 38.841735151030484
14.709999999999999 38.7632600829143
14.72 38.73837192710511
14.729999999999999 38.748679611427406
14.74 38.757671110053266
14.749999999999998 38.71772314249891
14.76 38.78863931606001
14.770000000000001 38.823533402910726
14.78 38.728657635411665
14.790000000000001 38.681857805385384
14.799999999999999 38.719992282585395
14.81 38.59312741608873
14.819999999999999 38.635081932474634
14.83 38.694827801595835
14.839999999999998 38.61069216974748
14.85 38.607363719646045
14.860000000000001 38.71473178831942
14.87 38.620990149234686
14.88 38.63984681505494
14.889999999999999 38.60333969049081
14.9 38.54722871527512
14.909999999999998 38.61702655877745
14.92 38.630089969395286
14.930000000000001 38.547137961109215
14.94 38.593071722168986
14.950000000000001 38.60672377939527
14.959999999999999 38.53786479343948
14.97 38.480223855170706
14.979999999999999 38.562286205170636
14.99 38.49938804297075
14.999999999999998 38.49125770445273
15.01 38.513108214592165
15.020000000000001 38.46541789325359
15.03 38.41481585455536
15.040000000000001 38.442506070498524
15.049999999999999 38.38655005551856
15.06 38.410741445689126
15.069999999999999 38.31969440396924
15.08 38.325931762696044
15.089999999999998 38.04758881527947
15.1 38.105088366583246
15.110000000000001 38.180247270204035
15.12 37.97036342546086
15.13 37.98586417700763
15.139999999999999 37.822915584598846
15.15 38.38275359843895
15.159999999999998 37.82700819592195
15.17 38.007103133998555
15.180000000000001 38.02009685745783
15.19 38.08289190227968
15.200000000000001 38.04498537975759
15.209999999999999 38.157911620777654
15.22 38.130156858679165
15.229999999999999 38.02119879349283
15.24 37.907978881062256
15.249999999999998 37.91831736511287
15.26 37.912835523955636
15.270000000000001 37.85267557081217
15.28 37.59437779303197
15.290000000000001 37.67501659146265
15.299999999999999 37.713318763036824
15.31 37.680590758034455
15.319999999999999 37.562037793912026
15.33 37.52943606975421
15.339999999999998 37.528747544638605
15.35 37.60298915985409
15.360000000000001 37.64346217363662
15.37 37.61254999388879
15.38 37.57184284919865
15.389999999999999 37.78255657970793
15.4 37.825044842238526
15.409999999999998 37.49672470145714
15.42 37.521086376898744
15.430000000000001 38.24992726549742
15.44 37.51399413018513
15.450000000000001 37.52983334160564
15.459999999999999 38.22424029160415
15.47 38.239681927971645
15.479999999999999 38.22417900607128
15.49 38.50918800600968
15.499999999999998 38.4715458435212
15.51 38.409738981140194
15.520000000000001 38.478803269671346
15.53 38.15177034426691
15.540000000000001 38.12224267788034
15.549999999999999 38.154741335851895
15.56 38.24326225612801
15.569999999999999 38.3313730381046
15.58 38.27693054900781
15.589999999999998 38.31013243451618
15.6 38.33141477819781
15.610000000000001 38.30445315421363
15.62 38.29351094299205
15.63 38.33455023739125
15.639999999999999 38.35572248469691
15.65 38.52407890303634
15.659999999999998 38.534817953942095
15.67 38.589954180690356
15.680000000000001 38.58953254444663
15.69 38.167678611924536
15.700000000000001 38.18902721578962
