%x y
0.0 33.25173941862693
0.010000000000001563 33.24316794852206
0.02000000000000135 33.24836839968423
0.030000000000001137 33.254142620339735
0.040000000000000924 33.31121171762845
0.05000000000000071 33.24347261062701
0.0600000000000005 33.37670077632971
0.07000000000000028 33.30064121384106
0.08000000000000007 33.278004684841086
0.09000000000000163 33.32736820306679
0.10000000000000142 33.375055048941775
0.11000000000000121 33.333459594826486
0.120000000000001 33.64385412684578
0.13000000000000078 33.6191161690636
0.14000000000000057 33.317776034657975
0.15000000000000036 33.610633650473176
0.16000000000000014 33.665383777865394
0.1700000000000017 33.607919920156995
0.1800000000000015 33.331942176146626
0.19000000000000128 33.52348294857901
0.20000000000000107 33.54360008024147
0.21000000000000085 33.433631079456816
0.22000000000000064 33.52228466207694
0.23000000000000043 33.477733495312364
0.2400000000000002 33.416726389833684
0.25 33.51258387399658
0.26000000000000156 33.38484247698301
0.27000000000000135 33.47774380731114
0.28000000000000114 33.42010107103945
0.2900000000000009 33.427496051921054
0.3000000000000007 33.43451487282238
0.3100000000000005 33.40924907646877
0.3200000000000003 33.41775485685204
0.33000000000000007 33.380114346579745
0.34000000000000163 33.436606775277156
0.3500000000000014 33.40086820095517
0.3600000000000012 33.41883113498173
0.370000000000001 33.35025199334122
0.3800000000000008 33.33352238894778
0.39000000000000057 33.41935238940833
0.40000000000000036 33.38384778321196
0.41000000000000014 33.391633014328846
0.4200000000000017 33.33059556621696
0.4300000000000015 33.35895071782084
0.4400000000000013 33.36370187040311
0.45000000000000107 33.33566089550512
0.46000000000000085 33.38458430336716
0.47000000000000064 33.37862959327149
0.4800000000000004 33.402714148808016
0.4900000000000002 33.32043394672412
0.5 33.38724001628068
0.5100000000000016 33.34826072416297
0.5200000000000014 33.448458396060275
0.5300000000000011 33.45195705840558
0.5400000000000009 33.36971087358364
0.5500000000000007 33.31042796617063
0.5600000000000005 33.33894461805572
0.5700000000000003 33.29276873860704
0.5800000000000001 33.30859582167984
0.5900000000000016 33.32194652729076
0.6000000000000014 33.28814530206982
0.6100000000000012 33.47132402806217
0.620000000000001 33.32619585326634
0.6300000000000008 33.267252349566085
0.6400000000000006 33.21461075325417
0.6500000000000004 33.20876302140423
0.6600000000000001 33.24731578182295
0.6700000000000017 33.22800214905732
0.6800000000000015 33.17635353236434
0.6900000000000013 33.206740489097456
0.7000000000000011 33.1647558042866
0.7100000000000009 33.25179022839313
0.7200000000000006 33.1748392409756
0.7300000000000004 33.16900837282897
0.7400000000000002 33.14681944959456
0.75 33.157626172851344
0.7600000000000016 33.101832287456844
0.7700000000000014 33.15406670324835
0.7800000000000011 33.16628997667528
0.7900000000000009 33.12504277924036
0.8000000000000007 33.18539077316777
0.8100000000000005 33.18274050431387
0.8200000000000003 33.230243442922756
0.8300000000000001 33.13779798079011
0.8400000000000016 33.17121332454315
0.8500000000000014 33.17226035618904
0.8600000000000012 33.13672939013671
0.870000000000001 33.21801188431794
0.8800000000000008 33.179331415599194
0.8900000000000006 33.2245966726918
0.9000000000000004 33.097321766564846
0.9100000000000001 33.23406220796886
0.9200000000000017 33.133650242676964
0.9300000000000015 33.1981397032537
0.9400000000000013 33.21405016593928
0.9500000000000011 33.23200386353827
0.9600000000000009 33.22288888738776
0.9700000000000006 33.261727879595085
0.9800000000000004 33.2601912513929
0.9900000000000002 33.2579375191267
1.0 33.23923040034309
1.0100000000000016 33.26239565568186
1.0200000000000014 33.31474226228167
1.0300000000000011 33.244613612430655
1.040000000000001 33.35992981497421
1.0500000000000007 33.334470244441775
1.0600000000000005 33.422203968035475
1.0700000000000003 33.401767553639125
1.08 33.412123272814384
1.0900000000000016 33.55865445185275
1.1000000000000014 33.55911335731029
1.1100000000000012 33.60605094561953
1.120000000000001 33.55209782174725
1.1300000000000008 33.557731612198566
1.1400000000000006 33.531486913984985
1.1500000000000004 33.559805773026454
1.1600000000000001 33.574164588063084
1.1700000000000017 33.61655088955049
1.1800000000000015 33.51743676728806
1.1900000000000013 33.618390271203424
1.200000000000001 33.6346561105703
1.2100000000000009 33.604438949510254
1.2200000000000006 33.63454157134703
1.2300000000000004 33.68479966862937
1.2400000000000002 33.644879690288526
1.25 33.6888463020211
1.2600000000000016 33.70989488952596
1.2700000000000014 33.72657588632963
1.2800000000000011 33.79274907649155
1.290000000000001 33.77517568706424
1.3000000000000007 33.80093656461031
1.3100000000000005 33.825698536520036
1.3200000000000003 33.81514913149577
1.33 33.850744805468594
1.3400000000000016 33.88075990761827
1.3500000000000014 33.96761330329211
1.3600000000000012 34.002148940234264
1.370000000000001 34.02522182514444
1.3800000000000008 34.112243317728016
1.3900000000000006 34.071432888219576
1.4000000000000004 34.01098743709925
1.4100000000000001 34.09050202797671
1.4200000000000017 34.17823922969703
1.4300000000000015 34.19644717424255
1.4400000000000013 34.26373750779895
1.450000000000001 34.257350588674484
1.4600000000000009 34.23806274959667
1.4700000000000006 34.30533178840624
1.4800000000000004 34.34846253724878
1.4900000000000002 34.36358137325218
1.5 34.41116554997642
1.5100000000000016 34.47141843631639
1.5200000000000014 34.465555573366245
1.5300000000000011 34.53608253219688
1.540000000000001 34.53593194463535
1.5500000000000007 34.64682136169825
1.5600000000000005 34.66035029290828
1.5700000000000003 34.62724543334433
1.58 34.57373716027045
1.5900000000000016 34.54785732759071
1.6000000000000014 34.58720673122646
1.6100000000000012 34.52667533422916
1.620000000000001 34.477628108120555
1.6300000000000008 34.488559324283145
1.6400000000000006 34.496865409350704
1.6500000000000004 34.46598283442428
1.6600000000000001 34.43324425802957
1.6700000000000017 34.338830134499574
1.6800000000000015 34.40181408802814
1.6900000000000013 34.39811665594723
1.700000000000001 34.37220563159559
1.7100000000000009 34.328281776833265
1.7200000000000006 34.30957321621672
1.7300000000000004 34.28627637791496
1.7400000000000002 34.3129625583882
1.75 34.316078253740685
1.7600000000000016 34.120505455420826
1.7700000000000014 34.179861807727086
1.7800000000000011 34.087225323054454
1.790000000000001 34.11713675387823
1.8000000000000007 34.07254582504795
1.8100000000000005 34.00936695775118
1.8200000000000003 34.01675176819054
1.83 33.99375003903428
1.8400000000000016 33.95250945167809
1.8500000000000014 33.923663342242705
1.8600000000000012 33.903539599366695
1.870000000000001 33.94601037962478
1.8800000000000008 33.831963869590126
1.8900000000000006 33.781015961838065
1.9000000000000004 33.78665630144263
1.9100000000000001 33.70071277887084
1.9200000000000017 33.71266008948665
1.9300000000000015 33.67427722554956
1.9400000000000013 33.63935348007206
1.950000000000001 33.570387728766036
1.9600000000000009 33.52755044477138
1.9700000000000006 33.505747610481656
1.9800000000000004 33.43358857287251
1.9900000000000002 33.35129782844493
2.0 33.32370074641984
2.0100000000000016 33.29581441739055
2.0200000000000014 33.27244577626783
2.030000000000001 33.24912848539215
2.040000000000001 33.19100417883705
2.0500000000000007 33.18464357550078
2.0600000000000005 33.04139622812274
2.0700000000000003 33.180489103767215
2.08 33.13971129279585
2.0900000000000016 33.08629155529554
2.1000000000000014 33.10219079775431
2.110000000000001 33.12701535876137
2.120000000000001 33.134766851668005
2.130000000000001 33.10922623390449
2.1400000000000006 33.16674571949679
2.1500000000000004 33.19609527897947
2.16 33.293881431784186
2.1700000000000017 33.42619457346443
2.1800000000000015 33.50254412712503
2.1900000000000013 33.716745292185536
2.200000000000001 34.03536186775459
2.210000000000001 34.36342621009389
2.2200000000000006 34.89849426157391
2.2300000000000004 35.32721245385579
2.24 35.814404862347146
2.25 36.36611507425768
2.2600000000000016 37.02284401370606
2.2700000000000014 37.6307380840992
2.280000000000001 38.35253882193028
2.290000000000001 39.05428172936683
2.3000000000000007 39.79802146018233
2.3100000000000005 40.65059620316319
2.3200000000000003 41.49425184811559
2.33 42.23497222605467
2.3400000000000016 43.11469507640424
2.3500000000000014 43.93920457298106
2.360000000000001 44.95174361946413
2.370000000000001 45.88384962270962
2.380000000000001 46.81942318364408
2.3900000000000006 47.82756239110499
2.4000000000000004 48.83280607318918
2.41 49.81537756231231
2.4200000000000017 50.81126992996086
2.4300000000000015 51.80019207706614
2.4400000000000013 52.84636847044479
2.450000000000001 53.782141747681735
2.460000000000001 54.74486925979021
2.4700000000000006 55.79901604763639
2.4800000000000004 56.792146425529644
2.49 57.7463117499657
2.5 58.743242195957265
2.5100000000000016 59.70389713073621
2.5200000000000014 60.65482908975302
2.530000000000001 61.667130011599795
2.540000000000001 62.6359862493739
2.5500000000000007 63.546609381102506
2.5600000000000005 64.48816870254542
2.5700000000000003 65.41516460149337
2.58 66.38706747866382
2.5900000000000016 67.26782301451267
2.6000000000000014 68.31792267465224
2.610000000000001 69.17662866507209
2.620000000000001 70.14182819076994
2.630000000000001 71.0720356128248
2.6400000000000006 72.08170186079865
2.6500000000000004 72.9478030851737
2.66 73.87662502973996
2.6700000000000017 74.85949835895147
2.6800000000000015 75.83120979478485
2.6900000000000013 76.71090900360059
2.700000000000001 77.59625439247367
2.710000000000001 78.56052980028335
2.7200000000000006 79.45522611402923
2.7300000000000004 80.40279764281141
2.74 81.20923620323268
2.75 82.0704368984651
2.7600000000000016 83.04618374922512
2.7700000000000014 83.89885274272447
2.780000000000001 84.75756316928117
2.790000000000001 85.65794489338215
2.8000000000000007 86.40155300015874
2.8100000000000005 87.19290381250266
2.8200000000000003 88.07851553402737
2.83 88.8432071395163
2.8400000000000016 89.78022635818148
2.8500000000000014 90.649431791831
2.860000000000001 91.48510489336579
2.870000000000001 92.33080367104989
2.880000000000001 93.29138513285353
2.8900000000000006 94.01651458100531
2.9000000000000004 94.83353772093378
2.91 95.54422358851924
2.9200000000000017 96.37198354582588
2.9300000000000015 97.11195741005679
2.9400000000000013 97.97057402279881
2.950000000000001 98.82109877851838
2.960000000000001 99.40398050555557
2.9700000000000006 100.23967065195774
2.9800000000000004 101.10832128234387
2.99 101.75204312210195
3.0 102.42204623430663
3.0100000000000016 103.16413618868265
3.0200000000000014 103.86988233970138
3.030000000000001 104.75154091796907
3.040000000000001 105.34464609084205
3.0500000000000007 106.00006505641724
3.0600000000000005 106.77904535312717
3.0700000000000003 107.31173046175346
3.08 108.02348036082056
3.0900000000000016 108.68215957435113
3.1000000000000014 109.30647693762711
3.110000000000001 109.91226554928198
3.120000000000001 110.5297650846745
3.130000000000001 111.05717046350365
3.1400000000000006 111.69198109386161
3.1500000000000004 112.27879509208807
3.16 112.99515129677407
3.1700000000000017 113.57108567255241
3.1800000000000015 114.2225435067743
3.1900000000000013 114.562935742112
3.200000000000001 115.08428258675005
3.210000000000001 115.71795422265637
3.2200000000000024 116.25712323347432
3.2300000000000004 116.71712614225143
3.240000000000002 117.21359614370543
3.25 117.822655290606
3.2600000000000016 118.0597821795115
3.2699999999999996 118.54877334073231
3.280000000000001 119.06538983990342
3.289999999999999 119.55770143060988
3.3000000000000007 120.05761247386957
3.3100000000000023 120.56944556455056
3.3200000000000003 121.06590629173553
3.330000000000002 121.16569204634305
3.34 121.67756347359872
3.3500000000000014 122.15736172569274
3.3599999999999994 122.60592129319642
3.370000000000001 123.15495089181348
3.3800000000000026 123.56847971433857
3.3900000000000006 124.08241761802006
3.400000000000002 124.47705169763626
3.41 124.92796041684912
3.4200000000000017 125.40653717253416
3.4299999999999997 125.92511757988015
3.4400000000000013 126.35040920704348
3.4499999999999993 126.87249630904594
3.460000000000001 127.5041933741836
3.4700000000000024 127.8030430615263
3.4800000000000004 128.21838509728786
3.490000000000002 128.7318818767619
3.5 129.1313573607136
3.5100000000000016 129.63418508366271
3.5199999999999996 130.1937008014172
3.530000000000001 130.5547176540102
3.539999999999999 131.00129711046657
3.5500000000000007 131.4881041408654
3.5600000000000023 132.0196965784031
3.5700000000000003 132.38219697287326
3.580000000000002 132.926638254088
3.59 133.45503431703725
3.6000000000000014 133.733293805438
3.6099999999999994 134.24397225361065
3.620000000000001 134.8193670922744
3.6300000000000026 135.1747077241487
3.6400000000000006 135.57421671320438
3.650000000000002 136.10217897706715
3.66 136.5878673519665
3.6700000000000017 136.99102995370188
3.6799999999999997 137.55935470319866
3.6900000000000013 138.007265949318
3.6999999999999993 138.36906261113526
3.710000000000001 138.91929417955907
3.7200000000000024 139.41719793459487
3.7300000000000004 139.83650817169246
3.740000000000002 140.27586538553675
3.75 140.73977123329246
3.7600000000000016 141.12379588227915
3.7699999999999996 141.5763503576742
3.780000000000001 142.00522332815933
3.789999999999999 142.44519531265274
3.8000000000000007 142.88452020245091
3.8100000000000023 143.3459771735069
3.8200000000000003 143.77266114928085
3.830000000000002 144.15935716484313
3.84 144.68087017430938
3.8500000000000014 145.09515747525597
3.8599999999999994 145.4896095542307
3.870000000000001 145.929665469645
3.8800000000000026 146.3303733554322
3.8900000000000006 146.79660152044943
3.900000000000002 147.15744757697288
3.91 147.59440788502374
3.9200000000000017 147.9885173835457
3.9299999999999997 148.47970623013282
3.9400000000000013 148.8246634048727
3.9499999999999993 149.25302234489106
3.960000000000001 149.6036436516715
3.9700000000000024 150.0965784030597
3.9800000000000004 150.48175686257653
3.990000000000002 150.87265123091373
4.0 151.21818582573505
4.010000000000002 151.62075610037985
4.02 151.9760905827227
4.030000000000001 152.28736422120068
4.039999999999999 152.66728360439828
4.050000000000001 153.09068095847505
4.060000000000002 153.37411503746745
4.07 153.73607593503385
4.080000000000002 154.0671267326144
4.09 154.43315528046924
4.100000000000001 154.78746786038698
4.109999999999999 155.07138271302972
4.120000000000001 155.38767613852355
4.130000000000003 155.7055541308326
4.140000000000001 156.07710459169868
4.150000000000002 156.43769417442837
4.16 156.62962748863487
4.170000000000002 156.9923676856368
4.18 157.23273597458
4.190000000000001 157.51179084551495
4.199999999999999 157.71197476988772
4.210000000000001 157.96610668518537
4.220000000000002 158.2810661368452
4.23 158.5679462099307
4.240000000000002 158.7345016332882
4.25 158.93774670083982
4.260000000000002 159.16426165771404
4.27 159.51615979212175
4.280000000000001 159.75372054772146
4.289999999999999 160.02516618117602
4.300000000000001 160.17759460406288
4.310000000000002 160.4911018471538
4.32 160.68872937042843
4.330000000000002 160.89644921390953
4.34 161.08985284200696
4.350000000000001 161.32057895028257
4.359999999999999 161.49541004725018
4.370000000000001 161.64458551320857
4.380000000000003 161.80092997702118
4.390000000000001 162.01557510611
4.400000000000002 162.22807717295314
4.41 162.41404855837146
4.420000000000002 162.52809074019933
4.43 162.62926590795678
4.440000000000001 162.6535181893197
4.449999999999999 162.59411218650075
4.460000000000001 162.5534370346315
4.470000000000002 162.44007859803168
4.48 162.35671360018188
4.490000000000002 162.0780207032115
4.5 161.84624394469375
4.510000000000002 161.39711603293455
4.52 160.82091724848152
4.530000000000001 160.38969063846076
4.539999999999999 159.6581680522076
4.550000000000001 158.79141768807364
4.560000000000002 157.87738159705526
4.57 156.8893649537888
4.580000000000002 155.67739345016378
4.59 154.40161888217546
4.600000000000001 153.00674808293397
4.609999999999999 151.53985826503663
4.620000000000001 150.06812489187087
4.630000000000003 148.51564680842716
4.640000000000001 146.88535537595544
4.650000000000002 145.06628047026732
4.66 143.22458236610862
4.670000000000002 141.52296282166662
4.68 139.42210507579372
4.690000000000001 137.4856646883899
4.699999999999999 135.3303600461135
4.710000000000001 133.41969292639405
4.720000000000002 131.3263917234015
4.73 129.54340498885762
4.740000000000002 127.8002756553766
4.75 126.32316403354535
4.760000000000002 124.66318921114328
4.77 123.22267766242821
4.780000000000001 121.6655112812614
4.789999999999999 120.29197931153931
4.800000000000001 118.89738727826311
4.810000000000002 117.61892142435215
4.82 116.34229703359587
4.830000000000002 115.12968001722984
4.84 113.91725239232079
4.850000000000001 112.76882105706457
4.859999999999999 111.63300686789361
4.870000000000001 110.45849316533534
4.880000000000003 109.38199754071945
4.890000000000001 108.26259158617997
4.900000000000002 107.13519882136066
4.91 106.07369717633554
4.920000000000002 105.05931066326963
4.93 104.05831387606511
4.940000000000001 103.05785914229882
4.949999999999999 102.04381951143344
4.960000000000001 101.16168749142385
4.970000000000002 100.21848534821625
4.98 99.28110495828692
4.990000000000002 98.39737257055899
5.0 97.57325533802288
5.010000000000002 96.66463923542918
5.02 95.8146216059509
5.030000000000001 94.9474692966352
5.039999999999999 94.15311409498085
5.050000000000001 93.30149630113581
5.060000000000002 92.61829933789515
5.07 91.74395707507203
5.080000000000002 90.9465097436055
5.09 90.25223819314314
5.100000000000001 89.41411769425838
5.109999999999999 88.69399650354141
5.120000000000001 88.04159654699316
5.130000000000003 87.23620963747398
5.140000000000001 86.30154295791658
5.150000000000002 85.67317795145655
5.16 84.869502393391
5.170000000000002 84.14275782973365
5.18 83.64415968735531
5.190000000000001 82.96118562716246
5.199999999999999 82.27686098107483
5.210000000000001 81.68566565235986
5.220000000000002 81.08310176386023
5.23 80.44219601656113
5.240000000000002 79.80194758895735
5.25 79.19435530698834
5.260000000000002 78.58273547944952
5.27 77.91379516161103
5.280000000000001 77.32237223800986
5.289999999999999 76.79754487359085
5.300000000000001 76.14894039004972
5.310000000000002 75.64261886249662
5.32 75.07956903112009
5.330000000000002 74.51640239687649
5.34 73.95851346586913
5.350000000000001 73.27474414902093
5.359999999999999 72.72860589914184
5.370000000000001 72.12143414980129
5.380000000000003 71.6686537070587
5.390000000000001 71.0907118221487
5.400000000000002 70.58154692347554
5.41 70.05947540009404
5.420000000000002 69.55174688591329
5.43 69.05417132101726
5.440000000000001 68.53822403829747
5.449999999999999 67.96163678668563
5.460000000000001 67.48741522384196
5.470000000000002 67.09405472589498
5.48 66.51258517131814
5.490000000000002 66.11762286496545
5.5 65.6423288651545
5.510000000000002 65.19940580792813
5.52 64.64967831956238
5.530000000000001 64.17515794787066
5.539999999999999 63.66297866043901
5.550000000000001 63.207516781869074
5.560000000000002 62.783347974244585
5.57 62.23041851882014
5.580000000000002 61.81376633115123
5.59 61.24237080839694
5.600000000000001 60.94037910959788
5.609999999999999 60.48088206236842
5.620000000000001 60.091017142294355
5.630000000000003 59.70642176334598
5.640000000000001 59.28144827513253
5.650000000000002 58.84734832460522
5.66 58.41210573247247
5.670000000000002 58.04479795959186
5.68 57.574442940023204
5.690000000000001 57.14668899288476
5.699999999999999 56.78349160313577
5.710000000000001 56.328187306265036
5.720000000000002 55.98524788542341
5.73 55.583387359133184
5.740000000000002 55.158840441990236
5.75 54.724476695120345
5.760000000000002 54.31704383036626
5.77 53.937879460602616
5.780000000000001 53.5679047998255
5.789999999999999 53.21446966132851
5.800000000000001 52.793387211012046
5.810000000000002 52.561292703760586
5.82 52.12156830881467
5.830000000000002 51.83460448597184
5.84 51.40299406400091
5.850000000000001 51.04296721847247
5.859999999999999 50.78532712836986
5.870000000000001 50.348991474384015
5.880000000000003 50.06496954135116
5.890000000000001 49.6519534679401
5.900000000000002 49.42353733168463
5.91 49.021008434006234
5.920000000000002 48.90170395869602
5.93 48.55293386344632
5.940000000000001 48.254672909333735
5.949999999999999 48.000774625990246
5.960000000000001 47.70756619425422
5.970000000000002 47.30516016144149
5.98 47.03231601736947
5.990000000000002 46.61272758575471
6.0 46.316065858859915
6.010000000000002 46.001227575053434
6.02 45.49476799441538
6.030000000000001 45.245372171153335
6.039999999999999 44.9444288999972
6.050000000000001 44.66051243529729
6.060000000000002 44.23413356373753
6.07 44.03589541315468
6.080000000000002 43.713597492762844
6.09 43.439242662610496
6.100000000000001 43.061106211255776
6.109999999999999 42.80675147425151
6.120000000000001 42.59070100058184
6.130000000000003 42.314810166126804
6.140000000000001 42.16520660064989
6.150000000000002 42.083952169100684
6.16 41.82902338904632
6.170000000000002 41.525006794586744
6.18 41.25246024407565
6.190000000000001 40.957478788529244
6.199999999999999 40.731524821935054
6.210000000000001 40.46020188016942
6.220000000000002 40.19903192587672
6.23 39.92255062711597
6.240000000000002 39.69011849039296
6.25 39.49207754437808
6.260000000000002 39.245247075627226
6.27 38.82300309919242
6.280000000000001 38.7137256691563
6.289999999999999 38.40927392605809
6.300000000000001 38.18917499846091
6.310000000000002 37.99523509321091
6.32 37.720523722191636
6.330000000000002 37.53020466596948
6.34 37.35368195353922
6.350000000000001 37.105757625554034
6.359999999999999 36.909413455214064
6.370000000000001 36.742609068411724
6.380000000000003 36.541058463236055
6.390000000000001 36.29922399910324
6.400000000000002 36.13428336622425
6.41 35.93948355648455
6.420000000000002 35.75270625098348
6.43 35.531092423924036
6.440000000000001 35.32878732964092
6.449999999999999 35.11670254993807
6.460000000000001 34.99489833264428
6.470000000000002 34.8125843997077
6.48 34.6014223939125
6.490000000000002 34.39830345676341
6.5 34.246437178005564
6.510000000000002 34.061303834316405
6.52 33.872069668228406
6.530000000000001 33.709366539697406
6.539999999999999 33.537949692455
6.550000000000001 33.347220255890896
6.560000000000002 33.17677159523447
6.57 33.03342585132624
6.580000000000002 32.84607149389974
6.59 32.623568406686275
6.600000000000001 32.48219250720273
6.609999999999999 32.35988208306168
6.620000000000001 32.21501141075453
6.630000000000003 32.03303058949061
6.640000000000001 31.87547535920929
6.650000000000002 31.79927723777908
6.66 31.59945824254216
6.670000000000002 31.479316572053516
6.68 31.35763412925433
6.690000000000001 31.181502063608086
6.699999999999999 31.022358825197855
6.710000000000001 30.902150054039232
6.720000000000002 30.76230632006476
6.73 30.644060948057977
6.740000000000002 30.52707083384445
6.75 30.440863008581182
6.760000000000002 30.308584024770816
6.77 30.225175343888324
6.780000000000001 30.072804468939154
6.789999999999999 30.005624454750542
6.800000000000001 29.868882938934036
6.810000000000002 29.761905713159805
6.82 29.625296733569606
6.830000000000002 29.56670152207095
6.84 29.479600946140664
6.850000000000001 29.433784654644246
6.859999999999999 29.37727953447382
6.870000000000001 29.291432033652484
6.880000000000003 29.27800533279854
6.890000000000001 29.194973657714932
6.900000000000002 29.139336627406028
6.91 29.106581076934937
6.920000000000002 29.06486406349798
6.93 29.01874962564678
6.940000000000001 28.9838437508715
6.949999999999999 28.881122663575276
6.960000000000001 28.84954894108072
6.970000000000002 28.81349612542929
6.98 28.728349909919586
6.990000000000002 28.75571451188057
7.0 28.677908316249095
7.010000000000002 28.67099829531699
7.02 28.676205996604295
7.030000000000001 28.62418737008168
7.039999999999999 28.60480929834075
7.050000000000001 28.615556777679146
7.060000000000002 28.615242069812233
7.07 28.623094945426683
7.080000000000002 28.59392459244133
7.09 28.6153009376945
7.100000000000001 28.538741378536628
7.109999999999999 28.573288989900107
7.120000000000001 28.541216445309885
7.130000000000003 28.52715751230465
7.140000000000001 28.539515867390257
7.150000000000002 28.51028837761977
7.16 28.529767077824886
7.170000000000002 28.571555809096722
7.18 28.521918042874596
7.190000000000001 28.556098916142858
7.199999999999999 28.51950357602637
7.210000000000001 28.539779246789493
7.220000000000002 28.53117918212114
7.23 28.5384029704622
7.240000000000002 28.36464149056811
7.25 28.416701206224886
7.260000000000002 28.379747872091386
7.27 28.4042831940628
7.280000000000001 28.421063992560217
7.289999999999999 28.481747118981463
7.300000000000001 28.562887570653096
7.310000000000002 28.571948898311906
7.32 28.603331703549323
7.330000000000002 28.657672771144952
7.34 28.675547453723958
7.350000000000001 28.71898670359084
7.359999999999999 28.783041083542383
7.370000000000001 28.858115477285438
7.380000000000003 28.868849287244174
7.390000000000001 28.904492469599482
7.400000000000002 28.912843366017697
7.41 28.968925042009854
7.420000000000002 29.045124480390008
7.43 29.09967699381501
7.440000000000001 29.198267587017924
7.449999999999999 29.208408932047643
7.460000000000001 29.233919599213994
7.470000000000002 29.342349145403514
7.48 29.371362631096524
7.490000000000002 29.505945853752166
7.5 29.54707665646832
7.510000000000002 29.573239977061398
7.52 29.732150576617748
7.530000000000001 29.792937613232134
7.539999999999999 29.853633292699794
7.550000000000001 29.975199655648595
7.560000000000002 30.038685635509403
7.57 30.062739721875047
7.580000000000002 30.19788929333607
7.59 30.349751039710817
7.600000000000001 30.38144611310787
7.609999999999999 30.513000003364198
7.620000000000001 30.58062043429202
7.630000000000003 30.64141868828764
7.640000000000001 30.77004201497811
7.650000000000002 30.870442770870106
7.66 30.909247634970644
7.670000000000002 31.046283721206912
7.68 31.101311436910002
7.690000000000001 31.198233891342753
7.699999999999999 31.298057141471638
7.710000000000001 31.365197354058207
7.720000000000002 31.4837254903264
7.73 31.474024296647194
7.740000000000002 31.630545657800077
7.75 31.658961133136224
7.760000000000002 31.701233813182284
7.77 31.83594572365591
7.780000000000001 31.87115894725297
7.789999999999999 31.97153126791421
7.800000000000001 32.06371762535207
7.810000000000002 32.11376976774408
7.82 32.248198022466426
7.830000000000002 32.30985434647968
7.84 32.42204318987266
7.850000000000001 32.461520151390786
7.859999999999999 32.46741293999674
7.870000000000001 32.48618334060967
7.880000000000003 32.558903870865954
7.890000000000001 32.58329638547705
7.900000000000002 32.67592811266078
7.91 32.71524838872033
7.920000000000002 32.7617556510101
7.93 32.82101791584264
7.940000000000001 32.77631295948176
7.949999999999999 32.785767618840936
7.960000000000001 32.83642672376573
7.970000000000002 32.872955770428895
7.98 32.90648113225886
7.990000000000002 32.90661159393953
8.0 32.95983392515036
8.010000000000002 33.01144253249089
8.02 33.081272699360085
8.030000000000001 33.07691986633254
8.04 33.099112583806416
8.05 33.115503619297534
8.060000000000002 33.16798980356576
8.07 33.215431504522826
8.080000000000002 33.27487857262522
8.09 33.31162198359364
8.100000000000001 33.2574503393796
8.11 33.254181418154666
8.120000000000001 33.303744611350886
8.130000000000003 33.31256687228674
8.14 33.41700822427985
8.150000000000002 33.39718840152802
8.16 33.46602169222887
8.170000000000002 33.47878965060069
8.18 33.49333693591328
8.190000000000001 33.50991183756596
8.2 33.47400100254348
8.21 33.4883335706447
8.220000000000002 33.48730019281222
8.23 33.50047877408235
8.240000000000002 33.517891993417784
8.25 33.51148836421699
8.260000000000002 33.554772312989826
8.27 33.48547703646288
8.280000000000001 33.46758068006694
8.29 33.43849094802573
8.3 33.47498523747196
8.310000000000002 33.356438962650756
8.32 33.39323745270639
8.330000000000002 33.403958896376665
8.34 33.331868077419415
8.350000000000001 33.33577166448504
8.36 33.25218188544633
8.370000000000001 33.21010737980552
8.380000000000003 33.17553129530593
8.39 33.256078080170724
8.400000000000002 33.15300882903057
8.41 33.1948984840994
8.420000000000002 33.07982644536595
8.43 32.990175627140474
8.440000000000001 32.9647806067464
8.45 32.98470492124427
8.46 32.849316230140246
8.470000000000002 32.9156874690076
8.48 32.87815189850043
8.490000000000002 32.71252825372843
8.5 32.78270553732724
8.510000000000002 32.587515494187706
8.52 32.6589198620511
8.530000000000001 32.562811314763664
8.54 32.50543501106324
8.55 32.418803237347674
8.560000000000002 32.360928907738135
8.57 32.27287655344209
8.580000000000002 32.19722910264282
8.59 32.05985956050337
8.600000000000001 31.91648160305576
8.61 31.85091337492923
8.620000000000001 31.78324409411225
8.630000000000003 31.721674964945084
8.64 31.663018643878303
8.650000000000002 31.561340707989824
8.66 31.4914163941029
8.670000000000002 31.400493432205447
8.68 31.29429991170914
8.690000000000001 31.276844707574856
8.7 31.191033057443633
8.71 31.178962472424026
8.720000000000002 31.13750112221596
8.73 30.97820580190507
8.740000000000002 30.912279019828738
8.75 30.84255581061902
8.760000000000002 30.800668938738916
8.77 30.69062823193436
8.780000000000001 30.64317755562626
8.79 30.614468766252017
8.8 30.546513227289193
