%x y
0.0 34.97608316099996
0.009999999999999787 34.928662685349124
0.019999999999999574 34.942379512348204
0.02999999999999936 34.972967818640896
0.03999999999999915 34.969029893161775
0.049999999999998934 34.99091096318554
0.05999999999999872 34.90158050854719
0.07000000000000028 34.930484350297895
0.08000000000000007 34.94656019335932
0.08999999999999986 34.94633573400598
0.09999999999999964 34.89190917750947
0.10999999999999943 34.93888150653193
0.11999999999999922 34.93338802401454
0.129999999999999 34.95046252945713
0.1399999999999988 34.908191049706105
0.14999999999999858 34.9398099093766
0.16000000000000014 34.92889611471165
0.16999999999999993 34.88994504904566
0.17999999999999972 34.904906507590646
0.1899999999999995 34.92252401187933
0.1999999999999993 34.95724341035407
0.20999999999999908 34.85535765628879
0.21999999999999886 34.906655979902666
0.22999999999999865 34.85624312774047
0.2400000000000002 34.90675397935284
0.25 34.8985908958271
0.2599999999999998 34.85592480987099
0.2699999999999996 34.81280814896776
0.27999999999999936 34.72735099062355
0.28999999999999915 34.67370845787532
0.29999999999999893 34.69602359477723
0.3099999999999987 34.68107417830742
0.3200000000000003 34.70382883092596
0.33000000000000007 34.59683088341331
0.33999999999999986 34.61989707997991
0.34999999999999964 34.570302526590055
0.35999999999999943 34.561563258585316
0.3699999999999992 34.580950217458565
0.379999999999999 34.54619982790666
0.3899999999999988 34.55569974547316
0.3999999999999986 34.548353220126835
0.41000000000000014 34.475205367123166
0.41999999999999993 34.47445278186247
0.4299999999999997 34.40045904225404
0.4399999999999995 34.39318320708472
0.4499999999999993 34.37057264777545
0.4599999999999991 34.34108056502262
0.46999999999999886 34.30821396545455
0.47999999999999865 34.270787095491244
0.4900000000000002 34.247337358133876
0.5 34.19279036864269
0.5099999999999998 34.15530155750491
0.5199999999999996 34.12025384617371
0.5299999999999994 34.136394510535496
0.5399999999999991 34.19007594943595
0.5499999999999989 34.06256444247745
0.5599999999999987 34.10899698704107
0.5700000000000003 34.060642022763005
0.5800000000000001 34.04562466343581
0.5899999999999999 34.03354321144701
0.5999999999999996 34.04516917557665
0.6099999999999994 34.0387782746013
0.6199999999999992 33.9554604476251
0.629999999999999 34.00249741238368
0.6399999999999988 33.99203566404486
0.6499999999999986 34.003508837455314
0.6600000000000001 33.89788846073826
0.6699999999999999 33.89903891196558
0.6799999999999997 33.94218627737625
0.6899999999999995 33.98733110079142
0.6999999999999993 34.00054551422467
0.7099999999999991 33.980728056979416
0.7199999999999989 34.00985163397205
0.7299999999999986 33.920921468344034
0.7400000000000002 33.91147768156239
0.75 33.90868847140658
0.7599999999999998 33.844883499366674
0.7699999999999996 33.743337031364426
0.7799999999999994 33.82776185159625
0.7899999999999991 33.817177842949576
0.7999999999999989 33.78693851949877
0.8099999999999987 33.745613792572065
0.8200000000000003 33.75432145135484
0.8300000000000001 33.7561785842953
0.8399999999999999 33.80553955210907
0.8499999999999996 33.65486557950575
0.8599999999999994 33.70595066820924
0.8699999999999992 33.68872036676322
0.879999999999999 33.727256256057636
0.8899999999999988 33.63486529622615
0.8999999999999986 33.634047361039954
0.9100000000000001 33.626752391928136
0.9199999999999999 33.63785662882306
0.9299999999999997 33.62365216398203
0.9399999999999995 33.60885552741776
0.9499999999999993 33.675556030540335
0.9599999999999991 33.735955385312536
0.9699999999999989 33.6731623799718
0.9799999999999986 33.64198524538029
0.9900000000000002 33.66542230239397
1.0 33.632900659762086
1.0099999999999998 33.66155989941416
1.0199999999999996 33.61254988631779
1.0299999999999994 33.65973585701715
1.0399999999999991 33.67076981262313
1.049999999999999 33.73723421324389
1.0599999999999987 33.59459793554057
1.0700000000000003 33.62602699389262
1.08 33.64946100358303
1.0899999999999999 33.66633630825912
1.0999999999999996 33.6546053378904
1.1099999999999994 33.674738797103416
1.120000000000001 33.725358275286155
1.129999999999999 33.80808465173208
1.1400000000000006 33.77329500707823
1.1499999999999986 33.837794083736426
1.1600000000000001 33.86606612120286
1.1699999999999982 33.89165335300682
1.1799999999999997 33.85928323562278
1.1899999999999977 33.91579103176886
1.1999999999999993 33.94686429112427
1.2100000000000009 33.95830134317008
1.2199999999999989 34.000610491252985
1.2300000000000004 33.9049847637075
1.2399999999999984 33.99913876611369
1.25 34.04765847128903
1.259999999999998 33.9654962301596
1.2699999999999996 34.010395542741136
1.2800000000000011 34.08034760227122
1.2899999999999991 34.01905097583696
1.3000000000000007 34.20219394843234
1.3099999999999987 34.154914914337525
1.3200000000000003 34.22537680171726
1.3299999999999983 34.23513938298999
1.3399999999999999 34.238569108649074
1.3499999999999979 34.22555655766166
1.3599999999999994 34.205772622123106
1.370000000000001 34.295285742175636
1.379999999999999 34.31912600935399
1.3900000000000006 34.35939282579858
1.3999999999999986 34.405509279059956
1.4100000000000001 34.42554859691601
1.4199999999999982 34.48106244054743
1.4299999999999997 34.48339389335995
1.4399999999999977 34.480524240864646
1.4499999999999993 34.480151594224594
1.4600000000000009 34.59603596848025
1.4699999999999989 34.58186077547906
1.4800000000000004 34.625991564162376
1.4899999999999984 34.72188774825321
1.5 34.70309649171615
1.509999999999998 34.71442228393718
1.5199999999999996 34.730754836676525
1.5300000000000011 34.797406851290674
1.5399999999999991 34.738125192515426
1.5500000000000007 34.77772077823478
1.5599999999999987 34.69095150205561
1.5700000000000003 34.70696959543548
1.5799999999999983 34.738418544472054
1.5899999999999999 34.75463349931516
1.5999999999999979 34.78644181626917
1.6099999999999994 34.75368002014113
1.620000000000001 34.76385870308757
1.629999999999999 34.79723691386536
1.6400000000000006 34.84487955939011
1.6499999999999986 34.821349447701316
1.6600000000000001 34.986028304912814
1.6699999999999982 35.034834819671374
1.6799999999999997 35.079103570926215
1.6899999999999977 35.0008825466678
1.6999999999999993 35.09454525664955
1.7100000000000009 35.06477701388481
1.7199999999999989 35.05769899825937
1.7300000000000004 35.1423478443773
1.7399999999999984 35.12966144092435
1.75 35.13829312341174
1.759999999999998 35.16854563965232
1.7699999999999996 35.2464272980239
1.7800000000000011 35.30169233482164
1.7899999999999991 35.321403126641066
1.8000000000000007 35.331016056688675
1.8099999999999987 35.35240514433312
1.8200000000000003 35.381473093288506
1.8299999999999983 35.41775922444002
1.8399999999999999 35.512960834312366
1.8499999999999979 35.48516943494775
1.8599999999999994 35.55240851086151
1.870000000000001 35.577098122375325
1.879999999999999 35.63257423383976
1.8900000000000006 35.770563077343084
1.8999999999999986 35.71906527489441
1.9100000000000001 35.72166211618382
1.9199999999999982 35.758321882060116
1.9299999999999997 35.77623578480866
1.9399999999999977 35.90650606251815
1.9499999999999993 35.79673741033017
1.9600000000000009 35.801494070129266
1.9699999999999989 35.943582076984576
1.9800000000000004 36.07140386128329
1.9899999999999984 36.01876460780585
2.0 36.06493465049893
2.009999999999998 36.101211877746486
2.0199999999999996 36.195287196353405
2.030000000000001 36.27391951099524
2.039999999999999 36.29469439878295
2.0500000000000007 36.24971974068649
2.0599999999999987 36.321352821028654
2.0700000000000003 36.27600065869571
2.0799999999999983 36.40064143366664
2.09 36.39003581229528
2.099999999999998 36.42805078539372
2.1099999999999994 36.39277879425792
2.120000000000001 36.39366670797941
2.129999999999999 36.3988236359833
2.1400000000000006 36.48540095629396
2.1499999999999986 36.52096661706193
2.16 36.49057478850983
2.169999999999998 36.50113485342901
2.1799999999999997 36.57275850531144
2.1899999999999977 36.55362202258126
2.1999999999999993 36.55847260867798
2.210000000000001 36.56957294927661
2.219999999999999 36.6235859646658
2.2300000000000004 36.69478485967486
2.2399999999999984 36.66747879807799
2.25 36.78117134019172
2.259999999999998 36.94014987770064
2.2699999999999996 36.96574129685304
2.280000000000001 37.08892908686032
2.289999999999999 37.2309053184386
2.3000000000000007 37.45056500913282
2.3099999999999987 37.61883827294434
2.3200000000000003 37.78870545395602
2.3299999999999983 38.006091811647345
2.34 38.255750073734
2.349999999999998 38.4466285302894
2.3599999999999994 38.70462389902668
2.370000000000001 38.9429789380505
2.379999999999999 39.26241063912167
2.3900000000000006 39.559585700245826
2.3999999999999986 39.89935380480506
2.41 40.22463642277518
2.419999999999998 40.59320379988939
2.4299999999999997 40.93041438954811
2.4399999999999977 41.363578393641625
2.4499999999999993 41.776653991925414
2.460000000000001 42.19637089146379
2.469999999999999 42.58669085409583
2.4800000000000004 43.17805979075004
2.4899999999999984 43.59667528739135
2.5 44.15373499930669
2.509999999999998 44.63072480235517
2.5199999999999996 45.1016891474961
2.530000000000001 45.69708756490299
2.539999999999999 46.24617352874962
2.5500000000000007 46.87728449809117
2.5599999999999987 47.40956028964948
2.5700000000000003 48.02654401982727
2.5799999999999983 48.62589566787641
2.59 48.81441755515458
2.599999999999998 48.63825297176622
2.6099999999999994 48.777601642484235
2.620000000000001 49.46248093342713
2.629999999999999 51.88256187507753
2.6400000000000006 52.51375819934096
2.6499999999999986 51.540811762583985
2.66 52.23273664355439
2.669999999999998 52.94933815177693
2.6799999999999997 53.73343388757495
2.6899999999999977 54.450666385602695
2.6999999999999993 55.212103577876135
2.710000000000001 55.813423008837354
2.719999999999999 56.50483998796505
2.7300000000000004 57.1102003308853
2.7399999999999984 57.82194734464942
2.75 58.511710959972376
2.759999999999998 59.29382778805859
2.7699999999999996 59.92520749245723
2.780000000000001 60.67878552293314
2.789999999999999 61.34448139220086
2.8000000000000007 62.15909559096981
2.8099999999999987 62.80207542243197
2.8200000000000003 64.35374843057947
2.8299999999999983 64.19170042578571
2.84 64.93107792540106
2.849999999999998 65.62764578409818
2.8599999999999994 66.40645558105528
2.870000000000001 67.16383408837244
2.879999999999999 68.57299661193693
2.8900000000000006 68.47682568516167
2.8999999999999986 69.16897429667145
2.91 69.83731272048217
2.919999999999998 70.59464531667481
2.9299999999999997 71.93886034518756
2.9399999999999977 71.98595019510074
2.9499999999999993 72.7537367362134
2.960000000000001 74.0508655116402
2.969999999999999 74.19369002077266
2.9800000000000004 74.93597853234246
2.9899999999999984 75.62354766752833
3.0 76.85656949836789
3.009999999999998 77.60547268870718
3.0199999999999996 77.83574372005424
3.030000000000001 78.66570870543148
3.039999999999999 79.40609518979893
3.0500000000000007 80.13583487145266
3.0599999999999987 81.34887610170264
3.0700000000000003 81.62728541718775
3.0799999999999983 82.74159132725423
3.09 83.42010405432244
3.099999999999998 83.78955080665756
3.1099999999999994 84.59533725822817
3.120000000000001 85.32742704773005
3.129999999999999 86.11079434627479
3.1400000000000006 87.20516698415771
3.1499999999999986 87.63394262011761
3.16 88.46455763803472
3.169999999999998 89.19648273528651
3.1799999999999997 90.023123188556
3.1899999999999977 90.77709380957225
3.1999999999999993 91.79985716376297
3.210000000000001 92.5667846304053
3.219999999999999 93.13727095032868
3.2300000000000004 93.86828307780354
3.2399999999999984 94.60198622486038
3.25 95.56578077992833
3.259999999999998 96.18046115606253
3.2699999999999996 96.91505235830957
3.280000000000001 97.75195099986493
3.289999999999999 98.53428952014816
3.3000000000000007 99.3390148484824
3.3099999999999987 100.0900915819807
3.3200000000000003 100.95071625107859
3.3299999999999983 101.7283475530987
3.34 102.47423780444554
3.349999999999998 103.30144569736892
3.3599999999999994 104.02373965651259
3.370000000000001 104.80250240733693
3.379999999999999 105.57302425996589
3.3900000000000006 106.318974724237
3.3999999999999986 107.11413339409876
3.41 107.92924503224343
3.419999999999998 108.6551998830883
3.4299999999999997 109.55145432293281
3.4399999999999977 110.32243370335652
3.4499999999999993 111.09282865051566
3.460000000000001 111.87234278047481
3.469999999999999 112.66588631005604
3.4800000000000004 113.52823785925173
3.4899999999999984 114.3386849491126
3.5 115.20910603235211
3.509999999999998 115.96366787301157
3.5199999999999996 116.7353911183476
3.530000000000001 117.40251238249073
3.539999999999999 118.13741208313465
3.5500000000000007 118.98335808916516
3.5599999999999987 119.71048321828164
3.5700000000000003 120.59371645615909
3.5799999999999983 121.38182910853578
3.59 122.16146712302006
3.599999999999998 122.9889443174462
3.6099999999999994 123.83988725537316
3.620000000000001 124.64665335033897
3.629999999999999 125.53975273004447
3.6400000000000006 126.32948164883724
3.6499999999999986 127.15093876149774
3.66 128.01911976454477
3.669999999999998 128.7424912770701
3.6799999999999997 129.59613431270225
3.6899999999999977 130.3815690750927
3.6999999999999993 131.1769038861653
3.710000000000001 132.01761952414728
3.719999999999999 132.87850246866185
3.7300000000000004 133.71810642970274
3.7399999999999984 134.5508398230155
3.75 135.37611139503872
3.759999999999998 136.18857310943815
3.7699999999999996 136.9704613357983
3.780000000000001 137.85767438902747
3.789999999999999 138.6251410328273
3.8000000000000007 139.47663789628194
3.8099999999999987 140.2934886499372
3.8200000000000003 141.10592493284685
3.8299999999999983 141.92455034531682
3.84 142.7261563805466
3.849999999999998 143.47994484176732
3.8599999999999994 144.34461662969866
3.870000000000001 145.11639168260035
3.879999999999999 145.93229059575714
3.8900000000000006 146.7487881573894
3.8999999999999986 147.52326438114414
3.91 148.35471594985773
3.919999999999998 149.21640336581055
3.9299999999999997 150.02140040573423
3.9399999999999977 150.86703711483196
3.9499999999999993 151.69280432913422
3.960000000000001 152.40662344621373
3.969999999999999 153.2689412538638
3.9800000000000004 153.97800370191857
3.9899999999999984 154.78392119362388
4.0 155.6173919469952
4.009999999999998 156.40459213274383
4.02 157.18749009320072
4.030000000000001 157.98466856028696
4.039999999999999 158.7858531878226
4.050000000000001 159.63533627319066
4.059999999999999 160.45868497788342
4.07 161.25458465668532
4.079999999999998 162.0721578926586
4.09 162.91362520609192
4.099999999999998 163.655793805212
4.109999999999999 164.48044574098463
4.120000000000001 165.2522347419622
4.129999999999999 166.04703970688257
4.140000000000001 166.89023420498017
4.149999999999999 167.6905381532005
4.16 168.48251288405504
4.169999999999998 169.28389283155406
4.18 170.1003481656149
4.189999999999998 170.85004774474777
4.199999999999999 171.63084978207672
4.210000000000001 172.47974956479752
4.219999999999999 173.23738239321202
4.23 174.03439607232372
4.239999999999998 174.82623753618935
4.25 175.62694254723004
4.259999999999998 176.37499978002006
4.27 177.16871410542328
4.280000000000001 177.96903921602942
4.289999999999999 178.74061154139042
4.300000000000001 179.5301373069318
4.309999999999999 180.28345375710822
4.32 181.0452596141688
4.329999999999998 181.79920525703216
4.34 182.60040790478283
4.349999999999998 183.3221966623936
4.359999999999999 184.08819004477454
4.370000000000001 184.83774321525152
4.379999999999999 185.59424321864788
4.390000000000001 186.34187183902907
4.399999999999999 187.05361989535533
4.41 187.76053894297638
4.419999999999998 188.49471599709233
4.43 189.20228633528967
4.439999999999998 189.84314629767658
4.449999999999999 190.383050653391
4.460000000000001 190.83248944958177
4.469999999999999 191.294537788921
4.48 191.64528845004534
4.489999999999998 191.90565448316693
4.5 192.10989596713083
4.509999999999998 192.16491174185722
4.52 192.1432638453643
4.530000000000001 192.031514937093
4.539999999999999 191.68849234275766
4.550000000000001 191.29664363444
4.559999999999999 190.63483071578233
4.57 189.85854407649552
4.579999999999998 188.87969073524442
4.59 187.77795521634258
4.599999999999998 186.4551834045206
4.609999999999999 185.0234889108794
4.620000000000001 183.52003650464243
4.629999999999999 181.8335289826112
4.640000000000001 180.04284695968516
4.649999999999999 178.10293583221053
4.66 176.11076940022917
4.669999999999998 174.08429394615422
4.68 172.0560058448442
4.689999999999998 169.96844943681342
4.699999999999999 167.77175718565803
4.710000000000001 165.58616978995917
4.719999999999999 163.49259782144225
4.73 161.43947352852675
4.739999999999998 159.46473131674992
4.75 157.50959358266726
4.759999999999998 155.61384854954582
4.77 153.760823363498
4.780000000000001 151.9545182366212
4.789999999999999 150.12616717112445
4.800000000000001 148.28101268383074
4.809999999999999 146.4921664585791
4.82 144.67459942243443
4.829999999999998 142.87424020251177
4.84 141.10219987230343
4.849999999999998 139.17476230873888
4.859999999999999 137.3837029859904
4.870000000000001 135.58201250008588
4.879999999999999 133.76467423525156
4.890000000000001 132.01137381920609
4.899999999999999 130.28070944681684
4.91 128.50384221303202
4.919999999999998 126.74860826741853
4.93 124.99301190594437
4.939999999999998 123.31867170788408
4.949999999999999 121.66309396419857
4.960000000000001 120.04640088450154
4.969999999999999 118.47113427015853
4.98 116.92700879381837
4.989999999999998 115.41988242808665
5.0 113.95040642161146
5.009999999999998 112.44329349033157
5.02 111.03425237140804
5.030000000000001 109.63686793879167
5.039999999999999 108.26175472289651
5.050000000000001 106.93216205811717
5.059999999999999 105.61908973665957
5.07 104.2608815379538
5.079999999999998 102.9977986919382
5.09 101.69533087176046
5.099999999999998 100.44652274956363
5.109999999999999 99.19679053090294
5.120000000000001 97.96505393981782
5.129999999999999 96.78568463733299
5.140000000000001 95.592217504064
5.149999999999999 94.45948234839949
5.16 93.28173649173931
5.169999999999998 92.13391434433535
5.18 91.08138476486751
5.189999999999998 89.93760676841222
5.199999999999999 88.81510155446236
5.210000000000001 87.81925258344091
5.219999999999999 86.74528804947316
5.23 85.66741922297294
5.239999999999998 84.60058542206448
5.25 83.62368326835391
5.259999999999998 82.6398766288961
5.27 81.65471530130954
5.280000000000001 80.65057780342366
5.289999999999999 79.6884169248195
5.300000000000001 78.76379756751471
5.309999999999999 77.89109590762678
5.32 76.93850298121828
5.329999999999998 76.05172416803374
5.34 75.17127988573878
5.349999999999998 74.31224637370731
5.359999999999999 73.41802653023683
5.370000000000001 72.54427180263323
5.379999999999999 71.81477239111194
5.390000000000001 70.94875803806596
5.399999999999999 70.10255871822699
5.41 69.33071143469495
5.419999999999998 68.54948370210754
5.43 67.77289325647692
5.439999999999998 66.99748470060405
5.449999999999999 66.19235039471923
5.460000000000001 65.47118793202398
5.469999999999999 64.70512478567699
5.48 63.94978311589452
5.489999999999998 63.16184119111466
5.5 62.46480078120542
5.509999999999998 61.799799967269585
5.52 61.23288561751299
5.530000000000001 60.57880076658898
5.539999999999999 59.882170356544776
5.550000000000001 59.25047961869712
5.559999999999999 58.595779104211815
5.57 57.99657365259157
5.579999999999998 57.355647905351034
5.59 56.976816461150776
5.599999999999998 56.322047553645184
5.609999999999999 55.57845513946009
5.620000000000001 54.89631333350127
5.629999999999999 54.32536629761995
5.640000000000001 53.88102034830513
5.649999999999999 53.348577229120494
5.66 52.817759340512694
5.669999999999998 52.161404520278694
5.68 51.60898453137344
5.689999999999998 51.1099558573674
5.699999999999999 50.75235029635506
5.710000000000001 50.237260525628194
5.719999999999999 49.7559279980271
5.73 49.263185978055645
5.739999999999998 48.64873025536101
5.75 48.27699873907153
5.759999999999998 47.82776649398334
5.77 47.352255036043395
5.780000000000001 47.0178888432976
5.789999999999999 46.540518439841776
5.800000000000001 46.13526559729845
5.809999999999999 45.69496087409722
5.82 45.305333956062114
5.829999999999998 44.91936901927612
5.84 44.57495357486358
5.849999999999998 44.14431393601777
5.859999999999999 43.815748977907226
5.870000000000001 43.430120074689775
5.879999999999999 43.024966571515876
5.890000000000001 42.648316098561686
5.899999999999999 42.346063822782625
5.91 42.015672849252155
5.919999999999998 41.65478960641259
5.93 41.31296575321609
5.939999999999998 40.980778524940995
5.949999999999999 40.71852206410297
5.960000000000001 40.40353328481187
5.969999999999999 40.10846292420644
5.98 39.78581940182585
5.989999999999998 39.50537829337221
6.0 39.20921926630131
6.009999999999998 38.94929622833709
6.02 38.73564037790085
6.030000000000001 38.461972145720004
6.039999999999999 38.173245882318184
6.050000000000001 37.875202548803856
6.059999999999999 37.67773994851683
6.07 37.38538667073911
6.079999999999998 37.13772659500693
6.09 36.93890678392161
6.099999999999998 36.77069477340127
6.109999999999999 36.55150277881955
6.120000000000001 36.31440000669568
6.129999999999999 36.07670787240872
6.140000000000001 35.898988944521086
6.149999999999999 35.655085679508204
6.16 35.55259921325339
6.169999999999998 35.36359137144206
6.18 35.1569876695782
6.189999999999998 35.01494472854117
6.199999999999999 34.85331717548322
6.210000000000001 34.6852702630346
6.219999999999999 34.48309049130784
6.23 34.27574950502836
6.239999999999998 34.20449864713653
6.25 34.08363658945777
6.259999999999998 33.900753296688166
6.27 33.83396617127753
6.280000000000001 33.6930613328875
6.289999999999999 33.58872444613466
6.300000000000001 33.41504751997489
6.309999999999999 33.310868241016415
6.32 33.209246947751346
6.329999999999998 33.114787417655364
6.34 33.01615933099648
6.349999999999998 32.89887346842375
6.359999999999999 32.80560201463675
6.370000000000001 32.801646712432294
6.379999999999999 32.72144633062031
6.390000000000001 32.6347611108351
6.399999999999999 32.619488730213966
6.41 32.54735085184953
6.419999999999998 32.47212769124275
6.43 32.331389219080584
6.439999999999998 32.303288327353066
6.449999999999999 32.27829209394339
6.460000000000001 32.23076938320334
6.469999999999999 32.18859359315126
6.48 32.16941001928819
6.489999999999998 32.15228964033416
6.5 32.12126660116098
6.509999999999998 32.103028172832026
6.52 32.089693980110226
6.530000000000001 32.0436831311232
6.539999999999999 32.08788878979019
6.550000000000001 32.12808095280141
6.559999999999999 32.1771996712466
6.57 32.13365176165045
6.579999999999998 32.19343406695121
6.59 32.33472888761193
6.599999999999998 32.331987053523974
6.609999999999999 32.47366639940067
6.620000000000001 32.49012215033973
6.629999999999999 32.57557923572654
6.640000000000001 32.57652392482902
6.649999999999999 32.641245871484884
6.66 32.64102814252878
6.669999999999998 32.71417790980023
6.68 32.85527432127128
6.689999999999998 32.98799588063707
6.699999999999999 33.03329350982015
6.710000000000001 33.08851159562133
6.719999999999999 33.156044595512284
6.73 33.23252699146192
6.739999999999998 33.2352845591993
6.75 33.42736194066772
6.759999999999998 33.45568724750941
6.77 33.54468735175716
6.780000000000001 33.748562038023174
6.789999999999999 33.88444072506198
6.800000000000001 33.823027813373635
6.809999999999999 34.05059065997572
6.82 34.26500292787502
6.829999999999998 34.33094232192924
6.84 34.552255142418666
6.849999999999998 34.547982792637825
6.859999999999999 34.76717772704018
6.870000000000001 34.86973657775232
6.879999999999999 35.09146605146668
6.890000000000001 35.22075645577431
6.899999999999999 35.29217715783625
6.91 35.20924443621478
6.919999999999998 35.641196419301906
6.93 35.62257149818932
6.939999999999998 35.45411661349363
6.949999999999999 35.57462285676869
6.960000000000001 36.21429335989795
6.969999999999999 36.11510439283023
6.98 36.18215299245689
6.989999999999998 36.417333801618156
7.0 36.57003190154201
7.009999999999998 36.85391541499605
7.02 37.00096205264082
7.030000000000001 37.01877029898057
7.039999999999999 37.14890343484305
7.050000000000001 37.43966073723956
7.059999999999999 37.53793902210576
7.07 37.59607230793764
7.079999999999998 37.78447719718426
7.09 38.04023578155363
7.099999999999998 38.20127734442266
7.109999999999999 38.40988616994108
7.120000000000001 38.49810697029736
7.129999999999999 38.632747849881135
7.140000000000001 38.7610412639436
7.149999999999999 38.955868557475476
7.16 39.06751764302126
7.169999999999998 39.205262160208925
7.18 39.25911830441562
7.189999999999998 39.44532747003676
7.199999999999999 39.63945228741593
7.210000000000001 39.76023701478896
7.219999999999999 39.786644353242224
7.23 39.94515698616031
7.239999999999998 40.256373313684044
7.25 40.41207215346317
7.259999999999998 40.52739439543831
7.27 40.58244601992964
7.280000000000001 40.682888392576146
7.289999999999999 40.76832411643743
7.300000000000001 40.88870601165012
7.309999999999999 41.03941362253143
7.32 41.119009818151866
7.329999999999998 41.288395556350906
7.34 41.3774681365867
7.349999999999998 41.48974362185466
7.359999999999999 41.571963418565176
7.370000000000001 41.62418644876935
7.379999999999999 41.68490791651075
7.390000000000001 41.77720388555764
7.399999999999999 41.84475195251973
7.41 41.953520067287045
7.419999999999998 42.021370501293745
7.43 42.07338578466779
7.439999999999998 42.206549943875004
7.449999999999999 42.250549879550164
7.460000000000001 42.29029040691367
7.469999999999999 42.42014841073881
7.48 42.3998464768777
7.489999999999998 42.473126927108
7.5 42.49866266174174
7.509999999999998 42.62546383589374
7.52 42.74591759015586
7.530000000000001 42.7266076040798
7.539999999999999 42.872900970540854
7.550000000000001 42.96072381010484
7.559999999999999 42.95227286035611
7.57 43.013944639555
7.579999999999998 40.57250947837142
7.59 43.11653195132743
7.599999999999998 40.66623459072796
7.609999999999999 40.647426651303476
7.620000000000001 43.231358358680566
7.629999999999999 43.19319549953072
7.640000000000001 43.21433645104844
7.649999999999999 43.54185408403248
7.66 43.33680371429399
7.669999999999998 43.541735612964004
7.68 43.37312673415255
7.689999999999998 43.751048972570565
7.699999999999999 43.65813028625716
7.710000000000001 43.7270806042155
7.719999999999999 43.717689744618994
7.73 43.5906430246163
7.739999999999998 43.75388368285401
7.75 43.72743166398297
7.759999999999998 43.74338944393833
7.77 43.73565075311503
7.780000000000001 43.758991429407246
7.789999999999999 43.756975503599875
7.800000000000001 43.79491989558312
7.809999999999999 43.80965572083371
7.82 43.815148567823655
7.829999999999998 43.73322728351991
7.84 43.62300586143223
7.849999999999998 43.37194343189759
7.859999999999999 43.301345652621166
7.870000000000001 43.265088827988365
7.879999999999999 43.21965657900033
7.890000000000001 43.164342619788954
7.899999999999999 43.521434510240496
7.91 43.22846919324835
7.919999999999998 43.24785455361018
7.93 43.21300890599821
7.939999999999998 43.43014873550685
7.949999999999999 43.51095147736349
7.960000000000001 43.41817876267469
7.969999999999999 43.33059891358208
7.98 43.30872344663936
7.989999999999998 43.24992623153561
8.0 42.73981334886051
8.009999999999998 42.643851934969675
8.02 42.5363180556712
8.030000000000001 42.46183716202349
8.04 42.41882761936897
8.05 42.38997007827942
8.059999999999999 42.38470859599474
8.07 42.35239562158024
8.079999999999998 42.26687670289958
8.09 42.227591129767475
8.099999999999998 42.236808438859285
8.11 42.17536017793066
8.120000000000001 42.10153754439317
8.129999999999999 42.03070866814987
8.14 42.043192032821196
8.149999999999999 41.831596894706756
8.16 41.894130347883795
8.169999999999998 41.82867440980413
8.18 41.64350336953538
8.189999999999998 41.496860773843025
8.2 41.56746475141426
8.21 41.47722813974259
8.219999999999999 41.44427814898799
8.23 41.17476068677746
8.239999999999998 41.15610787704702
8.25 40.859466172725924
8.259999999999998 40.84409756365023
8.27 40.72823059455901
8.280000000000001 40.70180186598903
8.29 40.862876634070005
8.3 40.66634594866122
8.309999999999999 40.53107762536493
8.32 40.749347462551725
8.329999999999998 40.49087658832045
8.34 40.59442565394701
8.349999999999998 40.49045364007301
8.36 40.34484215532528
8.370000000000001 40.526548851772745
8.379999999999999 40.43927571408975
8.39 40.327333118688
8.399999999999999 38.143115001779535
8.41 37.87494203186067
8.419999999999998 38.029008367161516
8.43 37.93079482997194
8.439999999999998 37.95853866705917
8.45 37.91197431887492
8.46 37.8416720751056
8.469999999999999 37.85471779726234
8.48 37.731056109893615
8.489999999999998 37.57340702414449
8.5 37.59878324403201
8.509999999999998 37.592165556943286
8.52 37.615555728619505
8.530000000000001 37.512600107743275
8.54 37.47735630870457
8.55 37.475210655069716
8.559999999999999 37.420582454888724
8.57 37.321848286973726
8.579999999999998 37.244539826373696
8.59 37.24486380512495
8.599999999999998 37.29706063092745
8.61 39.396880841448734
8.620000000000001 39.3044865727759
8.629999999999999 39.244107617498955
8.64 39.29295220868759
8.649999999999999 39.24415418543633
8.66 39.17135206772467
8.669999999999998 39.14391335522105
8.68 39.1489032803271
8.689999999999998 39.11320639734606
8.7 39.070249326736146
8.71 39.039745653337086
8.719999999999999 39.06765364815799
8.73 39.06789701684285
8.739999999999998 39.095319485807025
8.75 39.06642033962667
8.759999999999998 39.05948244161099
8.77 38.992404011172255
8.780000000000001 38.73706000062091
8.79 38.960770601158856
8.8 38.99378783805322
8.809999999999999 38.96134949926087
8.82 38.92347285829361
8.829999999999998 38.926303743623976
8.84 38.925656511238856
8.849999999999998 38.94645608429234
8.86 38.88055006428416
8.870000000000001 38.941159494792885
8.879999999999999 38.7389451740754
8.89 38.88715515616926
8.899999999999999 38.942370390957564
8.91 38.912347153399764
8.919999999999998 38.828714786420875
8.93 38.860016162276025
8.939999999999998 38.872975512829356
8.95 38.90894245899557
8.96 38.88449896836882
8.969999999999999 39.05424699847133
8.98 39.06912395630772
8.989999999999998 39.12083521053731
9.0 39.03395941515851
9.009999999999998 39.08333718760059
9.02 39.1417474955101
9.030000000000001 39.2229151552969
9.04 39.221283223708994
9.05 39.3084521850098
9.059999999999999 39.29185528382759
9.07 39.29704099392703
9.079999999999998 39.355139650385055
9.09 39.26649985629989
9.099999999999998 37.41726638087495
9.11 37.37974074087362
9.120000000000001 37.41959171405189
9.129999999999999 37.441004142112966
9.14 37.43618705782116
9.149999999999999 37.47003381036969
9.16 37.410175303866
9.169999999999998 37.43487595231156
9.18 37.41930599722174
9.189999999999998 37.57976922979769
9.2 35.62842515988554
9.21 38.11524590708867
9.219999999999999 39.85678144056872
9.23 38.042288752203014
9.239999999999998 38.06662179396649
9.25 38.241108259938386
9.259999999999998 38.33281644804539
9.27 40.199741927109386
9.280000000000001 40.21589083793056
9.29 40.1606504157227
9.3 40.26606566780805
9.309999999999999 40.24137078979397
9.32 40.305801677122446
9.329999999999998 40.38249911306209
9.34 40.29492127969688
9.349999999999998 40.33271046064185
9.36 40.49396483238475
9.370000000000001 40.53711402806347
9.379999999999999 40.54204724376579
9.39 40.661267723806006
9.399999999999999 40.5487442662572
9.41 40.816671394666486
9.419999999999998 40.82413253000581
9.43 40.93002125451552
9.439999999999998 40.95569358933775
9.45 40.86405177062808
9.46 40.95577564155092
9.469999999999999 41.09760802169187
9.48 41.09353943285756
9.489999999999998 41.20476933092521
9.5 41.11549676946488
9.509999999999998 41.24102894791339
9.52 41.38064787266836
9.530000000000001 41.44987096880614
9.54 41.58414275256233
9.55 39.752972164619635
9.559999999999999 39.64266400512193
9.57 41.46813596604472
9.579999999999998 39.800502913514876
9.59 39.83164345233501
9.599999999999998 39.943674717316256
