%x y
0.0 32.342205241462516
0.009999999999999787 32.2878358035361
0.019999999999999574 32.26584050654684
0.02999999999999936 32.23801179687122
0.03999999999999915 32.16432839708078
0.049999999999998934 32.14225949209628
0.0600000000000005 32.134245671739706
0.07000000000000028 32.17312122593751
0.08000000000000007 32.118231387328876
0.08999999999999986 32.18287932931728
0.09999999999999964 32.077669727903086
0.10999999999999943 32.04154657425756
0.11999999999999922 32.08025544273496
0.129999999999999 32.06452457356718
0.14000000000000057 32.01960546073633
0.15000000000000036 32.02283892787656
0.16000000000000014 31.985234129131605
0.16999999999999993 32.01770609762522
0.17999999999999972 31.967281706774997
0.1899999999999995 31.947246800135062
0.1999999999999993 31.937369953983122
0.20999999999999908 31.903163247845104
0.22000000000000064 31.851512659139278
0.23000000000000043 31.98214688236701
0.2400000000000002 31.816419694277652
0.25 31.807956066696537
0.2599999999999998 31.914525292429232
0.2699999999999996 31.90484097109272
0.27999999999999936 31.82043111985338
0.28999999999999915 31.810983822529813
0.29999999999999893 31.91276557449274
0.3100000000000005 31.850629996545155
0.3200000000000003 31.870189712631536
0.33000000000000007 31.80143843467016
0.33999999999999986 31.82274193847344
0.34999999999999964 31.945286057134517
0.35999999999999943 31.89967481511838
0.3699999999999992 31.796531238864944
0.379999999999999 31.92100552330993
0.39000000000000057 31.82305429670522
0.40000000000000036 31.775327692014287
0.41000000000000014 31.771653414816708
0.41999999999999993 31.79103461122708
0.4299999999999997 31.757541321005743
0.4399999999999995 31.75945760640241
0.4499999999999993 31.728105047081236
0.4599999999999991 31.79882418695365
0.47000000000000064 31.7252365688996
0.4800000000000004 31.71101012930409
0.4900000000000002 31.71625877275656
0.5 31.68010049985594
0.5099999999999998 31.67038322833558
0.5199999999999996 31.665724999734106
0.5299999999999994 31.658566417658328
0.5399999999999991 31.67472988057104
0.5499999999999989 31.627054078458833
0.5600000000000005 31.618244002240232
0.5700000000000003 31.546160686101473
0.5800000000000001 31.5328330200204
0.5899999999999999 31.48352227648226
0.5999999999999996 31.511967026757972
0.6099999999999994 31.38796739100742
0.6199999999999992 31.411889140084554
0.629999999999999 31.364467696178608
0.6400000000000006 31.39368359030906
0.6500000000000004 31.34750456923872
0.6600000000000001 31.39146353270081
0.6699999999999999 31.406182474270672
0.6799999999999997 31.383910088494044
0.6899999999999995 31.352800310542953
0.6999999999999993 31.289287640301893
0.7099999999999991 31.311949343670474
0.7200000000000006 31.289715322824232
0.7300000000000004 31.31658932071936
0.7400000000000002 31.312900732012746
0.75 31.264204779563396
0.7599999999999998 31.371951699973764
0.7699999999999996 31.333734139631915
0.7799999999999994 31.297697612209163
0.7899999999999991 31.310321579824546
0.7999999999999989 31.348462434177048
0.8100000000000005 31.346544572336004
0.8200000000000003 31.379584464176705
0.8300000000000001 31.297288362229374
0.8399999999999999 31.453812730417347
0.8499999999999996 31.46606289806544
0.8599999999999994 31.419420876729212
0.8699999999999992 31.348826332188104
0.879999999999999 31.448718719816952
0.8900000000000006 31.390726657577463
0.9000000000000004 31.42288248955756
0.9100000000000001 31.405367910106037
0.9199999999999999 31.382587730595784
0.9299999999999997 31.32790692838337
0.9399999999999995 31.38946657833678
0.9499999999999993 31.328293885235915
0.9599999999999991 31.352721304648913
0.9700000000000006 31.31521320497587
0.9800000000000004 31.492755167420164
0.9900000000000002 31.3879859799593
1.0 31.383079479188986
1.0099999999999998 31.37509578440349
1.0199999999999996 31.450198608723536
1.0299999999999994 31.325471269957216
1.0399999999999991 31.407304043605563
1.049999999999999 31.48525983585641
1.0600000000000005 31.466768894558527
1.0700000000000003 31.33023516702973
1.08 31.376548550280393
1.0899999999999999 31.475171145756413
1.0999999999999996 31.381021554888896
1.1099999999999994 31.315532438620814
1.1199999999999992 31.291338273852205
1.129999999999999 31.322506506507
1.1400000000000006 31.311256495418835
1.1500000000000004 31.311645578497696
1.1600000000000001 31.299774712544217
1.17 31.326501549257483
1.1799999999999997 31.27388645453634
1.1899999999999995 31.285199288195034
1.1999999999999993 31.280797711667073
1.209999999999999 31.259620551852038
1.2200000000000006 31.29472610795941
1.2300000000000004 31.26102804768297
1.2400000000000002 31.207625893338527
1.25 31.268190864073492
1.2599999999999998 31.073643563230405
1.2699999999999996 31.210203006590532
1.2799999999999994 31.170257634367882
1.2899999999999991 31.18759221345576
1.299999999999999 31.12138892437772
1.3100000000000005 31.200662933752643
1.3200000000000003 31.127469346864196
1.33 31.182797689768027
1.3399999999999999 31.18230714231703
1.3499999999999996 31.162651154256512
1.3599999999999994 31.175666656104596
1.3699999999999992 31.217456988839572
1.379999999999999 31.178535701006634
1.3900000000000006 31.16382079656746
1.4000000000000004 31.20044002225267
1.4100000000000001 31.19337917517857
1.42 31.21131543831937
1.4299999999999997 31.222639278063397
1.4399999999999995 31.235369906640152
1.4499999999999993 31.196376006925064
1.459999999999999 31.2562661045667
1.4700000000000006 31.235203951932206
1.4800000000000004 31.313579382099476
1.4900000000000002 31.269572903493234
1.5 31.316262903814064
1.5099999999999998 31.341664717669506
1.5199999999999996 31.29572330070615
1.5299999999999994 31.311181499713545
1.5399999999999991 31.3290883397008
1.549999999999999 31.358729702527064
1.5600000000000005 31.3763441140911
1.5700000000000003 31.417627607005333
1.58 31.410417981019837
1.5899999999999999 31.453895539765377
1.5999999999999996 31.501271117528688
1.6099999999999994 31.51675184444027
1.6199999999999992 31.451115681429883
1.629999999999999 31.466021503603876
1.6400000000000006 31.49017129625479
1.6500000000000004 31.506497146720378
1.6600000000000001 31.42824757478274
1.67 31.455979630215477
1.6799999999999997 31.52163433962108
1.6899999999999995 31.56906948951403
1.6999999999999993 31.514952640910394
1.709999999999999 31.517762275051503
1.7200000000000006 31.573226109618332
1.7300000000000004 31.318816617275203
1.7400000000000002 31.26299088468848
1.75 31.312441686489706
1.7599999999999998 31.2894987142696
1.7699999999999996 31.30443188420123
1.7799999999999994 31.251259130255065
1.7899999999999991 31.25711457022982
1.799999999999999 31.327520025752946
1.8100000000000005 31.297437254634904
1.8200000000000003 31.29563431240346
1.83 31.25578762881279
1.8399999999999999 31.30761555825315
1.8499999999999996 31.335756317520264
1.8599999999999994 31.327869445215693
1.8699999999999992 31.276415173665644
1.879999999999999 31.227115969450814
1.8900000000000006 31.284183962793406
1.9000000000000004 31.207221594013127
1.9100000000000001 31.42270543403741
1.92 31.432110974824646
1.9299999999999997 31.437597302285486
1.9399999999999995 31.386382986285014
1.9499999999999993 31.421985654767333
1.959999999999999 31.365085123361858
1.9700000000000006 31.311146777772553
1.9800000000000004 31.418765255898624
1.9900000000000002 31.13627279408944
2.0 31.47847518541932
2.01 31.537319432720242
2.0199999999999996 31.44479398123038
2.0299999999999994 31.486068835183964
2.039999999999999 31.483763331495425
2.049999999999999 31.015976070354967
2.0600000000000005 30.909641678987718
2.0700000000000003 31.416090038325024
2.08 31.418232059167575
2.09 31.52942812404698
2.0999999999999996 31.765444634083806
2.1099999999999994 31.953676184286408
2.119999999999999 32.15586439386554
2.129999999999999 32.413130710622454
2.1400000000000006 32.77927393159841
2.1500000000000004 32.976988538641336
2.16 33.4161068702153
2.17 33.71828068068917
2.1799999999999997 34.14501579849344
2.1899999999999995 34.648349040212366
2.1999999999999993 35.0948924388299
2.209999999999999 35.61966474403916
2.2200000000000006 36.21213910970644
2.2300000000000004 36.88231475713501
2.24 37.651138528693565
2.25 38.36157023833585
2.26 39.14929553088434
2.2699999999999996 40.33001655057319
2.2799999999999994 41.231840106887255
2.289999999999999 41.76092624288626
2.299999999999999 42.584797086102064
2.3100000000000005 43.55511421873601
2.3200000000000003 44.630389648951656
2.33 45.51138111004887
2.34 46.69588320413567
2.3499999999999996 47.74682529672046
2.3599999999999994 48.88448379644134
2.369999999999999 49.84529202451442
2.379999999999999 50.91468547815714
2.3900000000000006 52.164446948673614
2.4000000000000004 53.321341465350464
2.41 54.62073492365984
2.42 55.85896285000835
2.4299999999999997 57.274964893566384
2.4399999999999995 58.57368716561801
2.4499999999999993 59.89729279939446
2.459999999999999 61.25739402333341
2.4700000000000006 62.60801410179432
2.4800000000000004 63.92059255181435
2.49 65.39855364834023
2.5 66.92000236712146
2.51 68.3092722807749
2.5199999999999996 69.7924804100061
2.5299999999999994 71.37570211428894
2.539999999999999 72.85105397962889
2.549999999999999 74.32647117974302
2.5600000000000005 75.88480103587315
2.5700000000000003 77.44027403293651
2.58 79.07046931939516
2.59 80.57027269883095
2.5999999999999996 82.09956050351178
2.6099999999999994 83.6751369723602
2.619999999999999 85.27903095447414
2.629999999999999 86.862935607644
2.6400000000000006 88.43617344388295
2.6500000000000004 90.11456189689176
2.66 91.64792622855339
2.67 93.27710828469718
2.6799999999999997 94.8578438892518
2.6899999999999995 96.25434655663713
2.6999999999999993 98.3001670216113
2.709999999999999 99.89559579022752
2.7200000000000006 101.49208519833499
2.7300000000000004 103.04159470617788
2.74 104.63054234270511
2.75 106.25218831319329
2.76 108.12317212355889
2.7699999999999996 109.45885804967861
2.7799999999999994 111.05834337400951
2.789999999999999 112.79336595483764
2.799999999999999 114.68065630965125
2.8100000000000005 116.5356972646321
2.8200000000000003 118.23949514510976
2.83 119.89500081390491
2.84 121.65517893106797
2.8499999999999996 123.2461264965303
2.8599999999999994 124.96669059376399
2.869999999999999 126.67125534417258
2.879999999999999 128.35102941607508
2.8900000000000006 130.00819136536157
2.9000000000000004 131.73931068530334
2.91 133.04825730452507
2.92 134.72343793188176
2.9299999999999997 136.71077893827325
2.9399999999999995 138.42169610424895
2.9499999999999993 140.1962036048771
2.959999999999999 141.92208326245242
2.9700000000000006 143.6401774484716
2.9800000000000004 145.21923960872502
2.99 146.8642183758344
3.0 148.57023671182313
3.01 150.21950157427523
3.0199999999999996 151.93464118214916
3.0299999999999994 153.6390713642623
3.039999999999999 154.99466470074407
3.049999999999999 157.01158229921356
3.0600000000000005 158.72679960244238
3.0700000000000003 160.30015395854016
3.08 161.84563887609522
3.09 163.55194264364712
3.0999999999999996 164.9441427548898
3.1099999999999994 166.9261712303953
3.119999999999999 168.61185436142608
3.129999999999999 169.89716887982735
3.1400000000000006 171.91864679802092
3.1500000000000004 173.54657948848933
3.16 174.88823407107301
3.17 176.95976800468225
3.1799999999999997 178.6713742367337
3.1899999999999995 180.41265379385598
3.1999999999999993 182.00927792049185
3.209999999999999 183.7749974783107
3.2200000000000006 185.50911272892571
3.2300000000000004 187.09979935613805
3.24 188.45754454261254
3.25 190.17705614536783
3.26 192.09645371756778
3.2699999999999996 193.4296001061146
3.2799999999999994 195.17422727255723
3.289999999999999 197.1791711459355
3.299999999999999 198.77010572591035
3.3100000000000005 200.41557876930744
3.3200000000000003 201.81212054261556
3.33 203.4711282859126
3.34 205.38898524763707
3.3499999999999996 207.00175971365104
3.3599999999999994 208.31920138877936
3.369999999999999 209.95090905758485
3.379999999999999 211.64918238623943
3.3900000000000006 213.70676392205908
3.4000000000000004 215.3742664002323
3.41 216.9745818377277
3.42 218.40355061342012
3.4299999999999997 220.12988041357588
3.4399999999999995 220.5544732853631
3.4499999999999993 222.15252753115846
3.459999999999999 223.76870583974556
3.4700000000000006 225.71759941610202
3.4800000000000004 226.95140609008712
3.49 228.52726584002934
3.5 229.43224708741653
3.51 230.14730884631535
3.5199999999999996 231.3565236450316
3.5299999999999994 232.78276102786828
3.539999999999999 234.585123151441
3.549999999999999 236.43474059745017
3.5600000000000005 238.0037209275484
3.5700000000000003 239.889500664703
3.58 241.4548393891573
3.59 242.90883501909104
3.5999999999999996 244.62618487966574
3.6099999999999994 246.24700222141544
3.619999999999999 247.8622560176625
3.629999999999999 249.3376058102503
3.6400000000000006 250.97505158946134
3.6500000000000004 252.52550347268064
3.66 254.14615679914863
3.67 255.4818767304788
3.6799999999999997 257.0050517710356
3.6899999999999995 258.4655143802444
3.6999999999999993 259.88824368700745
3.709999999999999 261.2706425665076
3.7200000000000006 262.6954964417983
3.7300000000000004 264.14574366241175
3.74 265.4246428241581
3.75 266.7797592296671
3.76 268.15319419194054
3.7699999999999996 269.3302827275924
3.7799999999999994 270.6707910714479
3.789999999999999 272.1556115878635
3.799999999999999 273.39076603361127
3.8100000000000005 274.66438984644424
3.8200000000000003 275.9669270789823
3.83 277.27988056549015
3.84 278.5352562904701
3.8499999999999996 279.69966997882375
3.8599999999999994 280.78134013930537
3.869999999999999 281.99369102742577
3.879999999999999 283.08517732277
3.8900000000000006 284.3273070606348
3.9000000000000004 285.54212042309354
3.91 286.8521450393403
3.92 287.78616663169646
3.9299999999999997 288.98908261511605
3.9399999999999995 290.1374651606338
3.9499999999999993 291.25800979414805
3.959999999999999 292.19585824582737
3.9700000000000006 293.3205290302682
3.9800000000000004 294.3610327704555
3.99 295.8040151880865
4.0 296.76040742549907
4.01 297.859433589653
4.02 298.75099720745806
4.029999999999999 299.6891193714474
4.039999999999999 300.714196999431
4.049999999999999 301.676680875589
4.0600000000000005 302.78058607416835
4.07 303.5154932043834
4.08 304.5415297087408
4.09 305.3907195770919
4.1 306.4117675553107
4.109999999999999 307.2242614318949
4.119999999999999 307.48622830448625
4.129999999999999 308.31519398322575
4.140000000000001 309.0532654105303
4.15 309.8984086140405
4.16 310.5644352467898
4.17 311.2750207095386
4.18 311.98124812383844
4.1899999999999995 312.79670644057114
4.199999999999999 313.43523206027913
4.209999999999999 315.01571080658056
4.220000000000001 315.8254660663975
4.23 316.59835644216247
4.24 317.0852510999938
4.25 317.75650245440875
4.26 318.6399771834242
4.27 319.2061704023267
4.279999999999999 319.8748867065751
4.289999999999999 320.3949044881309
4.299999999999999 321.0507201163514
4.3100000000000005 321.48003138414845
4.32 322.01129323958537
4.33 322.4719287686724
4.34 323.15706912674216
4.35 323.6422587034235
4.359999999999999 324.0678005453753
4.369999999999999 324.3393859074824
4.379999999999999 324.0432352582033
4.390000000000001 323.4596944577745
4.4 323.6251456345134
4.41 323.7384473820268
4.42 323.88209364376735
4.43 323.99120837637827
4.4399999999999995 324.7623168852027
4.449999999999999 325.24135325971235
4.459999999999999 324.9752289614924
4.470000000000001 324.78997181296313
4.48 324.41167977111127
4.49 324.11024934592353
4.5 323.52896077792684
4.51 323.05887717745225
4.52 322.44223674952053
4.529999999999999 321.8660010225087
4.539999999999999 321.2150500314508
4.549999999999999 319.94054143239134
4.5600000000000005 319.20030064975595
4.57 317.53555208879004
4.58 316.6050555308935
4.59 315.80302930567296
4.6 314.86948450877753
4.609999999999999 314.8036595521214
4.619999999999999 314.27466596755585
4.629999999999999 313.20121914436993
4.640000000000001 312.1025521826368
4.65 311.0755326086369
4.66 310.06256241892277
4.67 309.1687958069832
4.68 308.29801315963016
4.6899999999999995 307.57275436051077
4.699999999999999 306.05108753669003
4.709999999999999 304.6926489396882
4.720000000000001 305.065212771288
4.73 305.3662859936308
4.74 304.89508794320966
4.75 303.6031663191132
4.76 303.1813503170956
4.77 302.7069410370366
4.779999999999999 302.4597062150757
4.789999999999999 302.12397424385387
4.799999999999999 301.8008821951154
4.8100000000000005 302.3744608873471
4.82 301.2133614541585
4.83 300.08074254668026
4.84 299.7950104861774
4.85 300.46376080035475
4.859999999999999 300.0706586398298
4.869999999999999 299.91141677970415
4.879999999999999 299.7281581661658
4.890000000000001 299.548521180427
4.9 299.35317160996516
4.91 299.11452311232415
4.92 298.74707529202
4.93 298.8453240937529
4.9399999999999995 298.54624110859515
4.949999999999999 298.48074109811466
4.959999999999999 298.18486620690044
4.970000000000001 297.90202803934534
4.98 297.70042159014605
4.99 297.61699752528597
5.0 297.43357038819295
5.01 297.1434057895226
5.02 296.9196043377921
5.029999999999999 296.6969353095059
5.039999999999999 296.40601183663705
5.049999999999999 296.2669535552268
5.0600000000000005 296.02782809277863
5.07 295.7548190360246
5.08 295.558451626684
5.09 295.5180782976719
5.1 295.3301644439245
5.109999999999999 294.4360585568868
5.119999999999999 294.3509284142283
5.129999999999999 294.0938877837133
5.140000000000001 293.87170137700025
5.15 293.6143098875692
5.16 293.3943691352747
5.17 293.02636390721455
5.18 292.8203528943352
5.1899999999999995 292.71210198485585
5.199999999999999 292.49212167254234
5.209999999999999 292.3066526846182
5.220000000000001 292.011014629946
5.23 291.80135106918215
5.24 291.52686473749384
5.25 291.33873502981834
5.26 291.0519901189041
5.27 290.90074559537914
5.279999999999999 290.5364795559685
5.289999999999999 290.3220038155517
5.299999999999999 290.0999304876535
5.3100000000000005 289.8742186108019
5.32 289.58565385083205
5.33 289.3684859947408
5.34 289.0675828754813
5.35 288.7898746623754
5.359999999999999 288.43038772183223
5.369999999999999 288.2208992648823
5.379999999999999 287.8990448235031
5.390000000000001 287.6620464648523
5.4 287.4744903114783
5.41 287.26285982327795
5.42 287.04525014224544
5.43 286.8025603955083
5.4399999999999995 286.5018975126428
5.449999999999999 286.434124870604
5.459999999999999 286.20563506870405
5.470000000000001 285.8643859627557
5.48 285.6874718543788
5.49 285.3154056695618
5.5 284.9142954762304
5.51 284.73048154892774
5.520000000000001 284.4905523421192
5.529999999999999 284.2170533795037
5.540000000000001 283.84356980035864
5.549999999999999 283.66699479113174
5.5600000000000005 283.32143932877767
5.5699999999999985 283.05209331710057
5.58 282.7434808652191
5.589999999999998 282.4198969069822
5.6 282.1509804273649
5.610000000000001 281.8705182945762
5.619999999999999 281.4936182909086
5.630000000000001 281.2029136079125
5.639999999999999 280.86603496602385
5.65 280.5773199934359
5.659999999999998 280.37999789206356
5.67 279.9722995300466
5.6800000000000015 279.81355179643447
5.6899999999999995 279.411634761182
5.700000000000001 278.95593601103633
5.709999999999999 278.71271532573166
5.720000000000001 278.28114427745413
5.729999999999999 277.9925169551859
5.74 277.65017026689804
5.749999999999998 277.3150262790757
5.76 276.9871448858654
5.770000000000001 276.75510597355265
5.779999999999999 276.40445822340564
5.790000000000001 275.9770559189178
5.799999999999999 275.62727508131434
5.8100000000000005 275.30021627332064
5.8199999999999985 274.84524486427944
5.83 274.6169603004238
5.839999999999998 274.3349466364165
5.85 273.8855926790213
5.860000000000001 273.5108502802543
5.869999999999999 273.1228848938256
5.880000000000001 272.78249877931444
5.889999999999999 272.38706002542915
5.9 271.96327448637066
5.909999999999998 271.5459116499708
5.92 271.29153822520243
5.9300000000000015 270.90384280083254
5.9399999999999995 270.5439388301811
5.950000000000001 270.1595311006389
5.959999999999999 269.78975071269986
5.970000000000001 269.305915085319
5.979999999999999 268.9474349614161
5.99 268.51448538584305
5.999999999999998 268.2035302971501
6.01 267.80630383582485
6.020000000000001 267.3142410207588
6.029999999999999 266.82927973080405
6.040000000000001 266.35123521201064
6.049999999999999 265.9470645365643
6.0600000000000005 265.6851288666695
6.0699999999999985 265.25441950298796
6.08 264.89848310238096
6.089999999999998 264.3093885736431
6.1 263.97640272841363
6.110000000000001 263.57758782398605
6.119999999999999 263.0755898473136
6.130000000000001 262.6910409268623
6.139999999999999 262.1409960220294
6.15 261.7633988566633
6.159999999999998 261.25113448946524
6.17 260.7894215340491
6.1800000000000015 260.2727033369167
6.1899999999999995 259.8803729424203
6.200000000000001 259.41805503468333
6.209999999999999 259.0327273225033
6.220000000000001 258.43325971549467
6.229999999999999 258.0091290389724
6.24 257.4961857883556
6.249999999999998 257.0543502323103
6.26 256.5249699223143
6.270000000000001 256.0730048086485
6.279999999999999 255.72830496760295
6.290000000000001 255.25921699752934
6.299999999999999 254.72099389583315
6.3100000000000005 254.1707759831835
6.3199999999999985 253.52392324968451
6.33 253.04109053680983
6.339999999999998 252.5759742686983
6.35 252.08016661090105
6.360000000000001 251.50916395074432
6.369999999999999 250.98680236920165
6.380000000000001 250.4936805654494
6.389999999999999 249.94724083164334
6.4 249.5011177273974
6.409999999999998 248.68567090552648
6.42 248.4575223012527
6.4300000000000015 248.14723037181383
6.4399999999999995 247.74629090293786
6.450000000000001 247.14143421041192
6.459999999999999 246.53992923004745
6.470000000000001 245.39633005878466
6.479999999999999 244.89536668942426
6.49 244.38967724685926
6.499999999999998 243.92587204270356
6.51 243.28064115122407
6.520000000000001 242.7179146210613
6.529999999999999 242.18355744545647
6.540000000000001 241.57224365222572
6.549999999999999 241.15852070966696
6.5600000000000005 240.8480716758828
6.5699999999999985 240.19082238147814
6.58 239.720124450026
6.589999999999998 239.18329155669613
6.6 238.57184003251197
6.610000000000001 238.13864506844408
6.619999999999999 237.4949673307649
6.630000000000001 236.88572971903494
6.639999999999999 236.40723913798678
6.65 235.72587188258467
6.659999999999998 235.24073827549344
6.67 234.71098234340474
6.6800000000000015 234.26349751644392
6.6899999999999995 233.68946229509874
6.700000000000001 233.07509716971782
6.709999999999999 232.505798946627
6.720000000000001 232.102015104609
6.729999999999999 231.47341961204373
6.74 230.95178809281146
6.749999999999998 230.51500540806722
6.76 230.00896219930283
6.770000000000001 229.48578015616079
6.779999999999999 228.87476574010043
6.790000000000001 228.43381311347895
6.799999999999999 227.91801293664605
6.8100000000000005 227.4237499877645
6.8199999999999985 226.8507010470019
6.83 226.29405147416452
6.839999999999998 225.90349694297117
6.85 225.34212572015383
6.860000000000001 224.90991235242402
6.869999999999999 224.25327460017377
6.880000000000001 223.61448692109528
6.889999999999999 223.13596889556388
6.9 222.9515183348468
6.909999999999998 222.63997917043866
6.92 222.1527914591254
6.9300000000000015 221.67261963096695
6.9399999999999995 221.1690649184159
6.950000000000001 220.58428991616705
6.959999999999999 219.9826305033272
6.970000000000001 219.40870764774712
6.979999999999999 218.73107080313534
6.99 218.80773932005053
6.999999999999998 217.7417954533941
7.01 217.25117299597184
7.020000000000001 216.65550429934441
7.029999999999999 216.17647653973978
7.040000000000001 215.425517847069
7.049999999999999 214.80684263267528
7.0600000000000005 214.45882733935633
7.0699999999999985 213.86570396259305
7.08 213.33764582237404
7.089999999999998 212.82357248855857
7.1 212.30228561795417
7.110000000000001 211.81146695175022
7.119999999999999 211.29295634939544
7.130000000000001 210.75778784698758
7.139999999999999 210.2816106598329
7.15 209.77065921298794
7.159999999999998 209.12433197858752
7.17 208.7728655456994
7.1800000000000015 208.26425565312374
7.1899999999999995 207.66191186159966
7.200000000000001 207.2662643725266
7.209999999999999 206.67803320665183
7.220000000000001 206.19852897712212
7.229999999999999 205.67166091583118
7.24 205.1742548176153
7.249999999999998 204.69580250903084
7.26 204.19832787664856
7.270000000000001 203.72838742908385
7.279999999999999 203.16239378927747
7.290000000000001 202.67360035865434
7.299999999999999 202.2048083426556
7.3100000000000005 201.74844218357651
7.3199999999999985 201.1609744726326
7.33 200.66490560571825
7.339999999999998 200.16511520051094
7.35 199.7225262773758
7.360000000000001 199.19310990979326
7.369999999999999 198.71771635157364
7.380000000000001 198.1504808820398
7.389999999999999 197.7358079099834
7.4 197.30739739038455
7.409999999999998 196.75369219491495
7.42 196.29001053286657
7.4300000000000015 195.84410302801535
7.4399999999999995 195.38084673834362
7.450000000000001 194.8368101421815
7.459999999999999 194.32508016974475
7.470000000000001 193.94326681939816
7.479999999999999 193.39661188780053
7.49 192.95452670418268
7.499999999999998 192.44203135679624
7.51 191.9980393343253
7.520000000000001 191.52198380256397
7.529999999999999 191.11441743247815
7.540000000000001 190.67877391172033
7.549999999999999 190.29471571925706
7.5600000000000005 189.8442455716737
7.5699999999999985 189.44744989303985
7.58 188.98395245114605
7.589999999999998 188.51458853103753
7.6 188.18403082891535
7.610000000000001 187.75109469430072
7.619999999999999 187.31108082839444
7.630000000000001 186.90070341715182
7.639999999999999 186.52340174214794
7.65 186.0735159820053
7.659999999999998 185.72340411533492
7.67 185.3665519080478
7.6800000000000015 184.9514811258491
7.6899999999999995 184.5846481882618
7.700000000000001 184.13390140518982
7.709999999999999 183.74621414758448
7.720000000000001 183.45473700743918
7.729999999999999 182.9874038808125
7.74 182.63760777597145
7.749999999999998 182.25618751506875
7.76 181.86805058787814
7.770000000000001 181.60339214960248
7.779999999999999 181.11948578668887
7.790000000000001 180.77122574252098
7.799999999999999 180.32545884478048
7.8100000000000005 179.984499383816
7.8199999999999985 179.65399063525814
7.83 179.32147668201765
7.839999999999998 179.2092053143154
7.85 178.88625043768928
7.860000000000001 178.55521835400086
7.869999999999999 178.06466193305585
7.880000000000001 177.72461293192032
7.889999999999999 177.4259759831607
7.9 176.64523356776704
7.909999999999998 176.19597644754828
7.92 175.92060856005756
7.9300000000000015 175.603682787945
7.9399999999999995 175.18563781205228
7.950000000000001 174.87128447998828
7.959999999999999 174.47987012467013
7.970000000000001 174.24930720941086
7.979999999999999 173.73006019567515
7.99 173.4039356645679
7.999999999999998 173.03934901593908
8.01 172.71252394529597
8.020000000000001 172.2327833919623
8.03 171.87162042846091
8.040000000000001 171.5388290456924
8.049999999999999 171.08717810681097
8.06 170.8576038017872
8.069999999999999 170.50073607823674
8.08 170.1196931887161
8.089999999999998 169.7057292237437
8.1 169.31628549424698
8.110000000000001 168.90579148385126
8.12 168.55030671593852
8.13 168.27348095387714
8.139999999999999 167.97899753099867
8.15 167.2775386058629
8.159999999999998 167.02638168346135
8.17 166.5683368585435
8.180000000000001 166.16773042899544
8.19 165.8753238406693
8.200000000000001 165.5325250830912
8.209999999999999 165.08018334061273
8.22 164.71685970782323
8.229999999999999 164.3270447678928
8.24 163.95326791190746
8.249999999999998 163.57771685764718
8.26 163.2267310394817
8.270000000000001 162.91336357040916
8.28 162.51553201493954
8.290000000000001 162.1358093715159
8.299999999999999 161.7534277038219
8.31 161.3751507024104
8.319999999999999 160.97375511454587
8.33 160.54880299722265
8.339999999999998 160.12821147544042
8.35 159.71965356222307
8.360000000000001 159.4031561190256
8.37 158.85077136583027
8.38 158.51821056570768
8.389999999999999 157.900473273143
8.4 157.46453653014396
8.409999999999998 157.04157038739896
8.42 156.72518821246217
8.430000000000001 156.30379043320522
8.44 156.09221794561228
8.450000000000001 155.75151816580183
8.459999999999999 155.33849167793906
8.47 154.94378828094733
8.479999999999999 154.53514485011104
8.49 154.23053201201265
8.499999999999998 153.86570009054896
8.51 153.44778742087107
8.520000000000001 153.12662357827705
8.53 152.7253730166022
8.540000000000001 152.34219375142425
8.549999999999999 151.97727461362533
8.56 151.57976381312764
8.569999999999999 151.20214580840752
8.58 150.89619661705098
8.589999999999998 150.48821342984925
8.6 150.6485173332004
8.610000000000001 150.2829874652664
8.62 149.35937280613123
8.63 148.8832848314688
8.639999999999999 148.60464281110353
8.65 148.25697893996016
8.659999999999998 147.94608353528872
8.67 147.5844104644851
8.680000000000001 147.3645252079316
8.69 147.0164649075869
8.700000000000001 146.54593841035398
8.709999999999999 146.26613334898252
8.72 145.92580618065747
8.729999999999999 145.55618409271142
8.74 145.28049111153925
8.749999999999998 144.87109249783987
8.76 144.4520789775142
8.770000000000001 144.15514809236782
8.78 143.86939744294048
8.790000000000001 143.50617753072646
8.799999999999999 143.19525909522213
8.81 142.80044034974753
8.819999999999999 142.44130036302568
8.83 142.03499731198457
8.839999999999998 141.6846419664736
8.85 141.3640578637611
8.860000000000001 140.9825753286437
8.87 140.67126381744646
8.88 140.30576649119723
8.889999999999999 139.90022700007677
8.9 139.48054595311098
8.909999999999998 139.17580891296748
8.92 138.7682207546326
8.930000000000001 138.3393751418044
8.94 137.92104611671982
8.950000000000001 137.53977413408933
8.959999999999999 137.11976069578196
8.97 136.69486348109854
8.979999999999999 136.35689825874505
8.99 135.86461978298786
8.999999999999998 135.40121367963047
9.01 135.01988373146395
9.020000000000001 134.6436100659011
9.03 134.22003643814227
9.040000000000001 133.8371778705246
9.049999999999999 133.37577483919705
9.06 133.09489917527466
9.069999999999999 132.61258169689967
9.08 132.10912269351533
9.089999999999998 131.76862676995432
9.1 131.32233907225054
9.110000000000001 130.84782685408052
9.12 130.5853961176382
9.13 130.15776602319772
9.139999999999999 129.72825015962138
9.15 129.2620615444805
9.159999999999998 128.90392466698324
9.17 128.48184023746614
9.180000000000001 128.05215242562414
9.19 128.16133900222863
9.200000000000001 127.76252635390205
9.209999999999999 127.36880873611506
9.22 126.94163545965158
9.229999999999999 126.57018722058552
9.24 126.12588832960346
9.249999999999998 125.79912743669622
9.26 125.4339931011917
9.270000000000001 124.97220488130749
9.28 124.6066133637604
9.290000000000001 124.24901383884993
9.299999999999999 123.81106281507083
9.31 123.42842487113
9.319999999999999 123.04289221724454
9.33 122.17545532003052
9.339999999999998 121.75686573436347
9.35 121.39147353223487
9.360000000000001 121.00465106378297
9.37 120.62576360590435
9.38 120.83074956111494
9.389999999999999 120.44439314347548
9.4 120.05067998851433
9.409999999999998 119.66788312121218
9.42 119.3793429919957
9.430000000000001 118.96265732386556
9.44 118.57298096726906
9.450000000000001 118.27467803384452
9.459999999999999 117.89247761316439
9.47 117.65646480856451
9.479999999999999 117.23565531459914
9.49 116.91413493832371
9.499999999999998 116.6128504769313
9.51 116.24262376723763
9.520000000000001 115.87462107453965
9.53 115.55004710172679
9.540000000000001 115.21512141390443
9.549999999999999 114.90930271778677
9.56 114.60490944472761
9.569999999999999 114.26812270212281
9.58 113.98814206833487
9.589999999999998 113.57557851269232
9.6 113.30274228855886
9.610000000000001 112.89499192340257
9.62 112.65448193084555
9.63 112.3118638852564
9.639999999999999 111.97330704400636
9.65 111.66420459637484
9.659999999999998 111.36162011823733
9.67 110.9799982437876
9.680000000000001 110.60806319673074
9.69 110.51884219795849
9.700000000000001 110.04938538350319
9.709999999999999 109.59487253532384
9.72 109.30278550859546
9.729999999999999 109.17261456552978
9.74 108.62867531701558
9.749999999999998 108.47817828687998
9.76 108.00620617440681
9.770000000000001 107.70258827217108
9.78 107.31335450988743
9.790000000000001 107.1525919506543
9.799999999999999 106.63735665457486
9.81 106.45283989442225
9.819999999999999 106.03159653938026
9.83 105.66230028433297
9.839999999999998 105.36098648978924
9.85 105.04341167721739
9.860000000000001 104.6965028291039
9.87 104.4766148185831
9.88 104.12112029396661
9.889999999999999 103.87523067422185
9.9 103.50462392470078
9.909999999999998 103.26530989835813
9.92 102.98537354414708
9.930000000000001 102.66091468495337
9.94 102.31774497538967
9.950000000000001 102.04203846596322
9.959999999999999 101.7734405156218
9.97 101.46660857879016
9.979999999999999 101.20435509690338
9.99 100.88980814615718
9.999999999999998 100.59978620967371
10.01 100.32560674828622
10.020000000000001 100.08048547962439
10.03 99.74893318073407
10.040000000000001 99.44496315956675
10.049999999999999 99.237363617534
10.06 99.00991040973379
10.069999999999999 98.69967516841973
10.08 98.52343500430105
10.089999999999998 98.24355897229796
10.1 98.00238586530145
10.110000000000001 97.66725823188456
10.12 97.41031919935392
10.13 97.19444276240114
10.139999999999999 96.93570019775157
10.15 96.7951408140427
10.159999999999998 96.40194513176979
10.17 96.22236881668438
10.180000000000001 95.92138654114675
10.19 95.71202988419711
10.200000000000001 95.38889490648843
10.209999999999999 95.21576945412056
10.22 94.84945185933341
10.229999999999999 94.52885662626105
10.24 93.81522379170792
10.249999999999998 93.5880067252845
10.26 93.31933475406402
10.270000000000001 93.01114298270973
10.28 92.76589848014211
10.290000000000001 92.49064150141194
10.299999999999999 92.27760513892403
10.31 91.93794435396345
10.319999999999999 91.74103509041484
10.33 91.395350435855
10.339999999999998 91.08612990608172
10.35 90.90403021030089
10.360000000000001 91.1818863886504
10.37 90.88223047027
10.38 90.02479388691492
10.389999999999999 89.82083074307714
10.4 89.62408667772853
10.409999999999998 89.84105400253856
10.42 89.5316935943545
10.430000000000001 89.26614472450342
10.44 89.00354697740907
10.450000000000001 88.83466383929047
10.459999999999999 88.62856014910496
10.47 88.39735304463746
10.479999999999999 88.19810279788356
10.49 87.99463892210386
10.499999999999998 87.76125713766211
10.51 87.4433429324325
10.520000000000001 87.25057776770356
10.53 86.98492040348123
10.540000000000001 86.78121346020235
10.549999999999999 86.5563982054621
10.56 86.26796406891508
10.569999999999999 86.08247638973315
10.58 85.86867942453343
10.589999999999998 85.53646898951135
10.6 85.33493393719169
10.610000000000001 85.13964586208353
10.62 84.80641385089595
10.63 84.60218741133104
10.639999999999999 84.3197148017957
10.65 84.14871918727535
10.659999999999998 84.04430048193589
10.67 83.78955524263282
10.680000000000001 83.49123494881329
10.69 83.28547954081813
10.700000000000001 83.04260263815284
10.709999999999999 82.81526099461811
10.72 82.64757534638687
10.729999999999999 82.37251952666739
10.74 82.16361336040998
10.749999999999998 81.92704223935323
10.76 81.75555792509513
10.770000000000001 81.48490299220839
10.78 81.31944944844508
10.790000000000001 81.06604646480372
10.799999999999999 80.7813800857316
10.81 80.5245794618217
10.819999999999999 80.22438311885772
10.83 80.06266828746239
10.839999999999998 79.70545606287817
10.85 79.5108151562352
10.860000000000001 79.33353172760548
10.87 78.93419861339662
10.88 78.77572737189138
10.889999999999999 78.5437241602156
10.9 78.36972275078173
10.909999999999998 78.03069694864803
10.92 77.83822349433878
10.930000000000001 77.58066507233562
10.94 77.42568439248396
10.950000000000001 77.14696232557279
10.959999999999999 76.8602433030565
10.97 76.67018093943403
10.979999999999999 76.46923577720065
10.99 76.16004798959676
10.999999999999998 75.99989657733624
11.01 75.7516727371403
11.020000000000001 75.4765180205041
11.03 75.25069642828845
11.040000000000001 75.08686511639067
11.049999999999999 74.88771631282131
11.06 74.68670330266418
11.069999999999999 74.47893448682701
11.08 74.23861433688899
11.089999999999998 74.07679725000064
11.1 73.88836014447293
11.110000000000001 73.77080785814272
11.12 73.51960435685741
11.13 73.33069387933352
11.139999999999999 73.14249935872903
11.15 72.97334605587507
11.159999999999998 72.85852142774503
11.17 72.53587145540254
11.180000000000001 72.46867060030922
11.19 72.23870711913754
11.200000000000001 72.04125605468737
11.209999999999999 71.91144956913779
11.22 71.61366273385043
11.229999999999999 71.47368200051493
11.24 71.38193728504905
11.249999999999998 71.15822496828325
11.26 70.93908259860748
11.270000000000001 70.6891739414338
11.28 70.51445354488636
11.290000000000001 70.35318505097115
11.299999999999999 70.15086544414982
11.31 69.94757444742068
11.319999999999999 69.72572055007424
11.33 69.48252795514331
11.339999999999998 69.39560254032801
11.35 69.16821362492719
11.360000000000001 68.9460373142115
11.37 68.70516483342203
11.38 68.46229203673607
11.389999999999999 68.28382774793738
11.4 68.05126881116384
11.409999999999998 67.87293534000518
11.42 67.50528303109539
11.430000000000001 67.23316974721614
11.44 67.12727258210944
11.450000000000001 66.90419312276214
11.459999999999999 66.66815594160374
11.47 66.42643736052172
11.479999999999999 66.15022926929987
11.49 66.08132138554205
11.499999999999998 65.89491113330784
11.51 65.62338739568463
11.520000000000001 65.45024688390122
11.53 65.26509828520442
11.540000000000001 65.17745404856979
11.549999999999999 64.96779576784337
11.56 64.8113145712891
11.569999999999999 64.54684274160753
11.58 64.36843121624318
11.589999999999998 64.28888917616894
11.6 64.04546920163214
11.610000000000001 63.80445905746248
11.62 63.6294735236908
11.63 63.49792984710687
11.639999999999999 63.303502153242476
11.65 63.12326640197451
11.659999999999998 63.04134921769972
11.67 62.72420507009291
11.680000000000001 62.61608886789749
11.69 62.55149167122467
11.700000000000001 62.392855797498
11.709999999999999 62.3197257371177
11.72 62.06024270300975
11.729999999999999 61.86046757720097
11.74 61.848700776267755
11.749999999999998 61.682299912145254
11.76 61.55098114176782
11.770000000000001 61.314531425805995
11.78 61.157196378168535
11.790000000000001 61.13054252057182
11.799999999999999 60.949979914176325
11.81 60.7508028218165
11.819999999999999 60.58570395631433
11.83 60.428663821363244
11.839999999999998 60.35630543257846
11.85 60.303845643566724
11.860000000000001 60.15393360602225
11.87 59.98253838438089
11.88 59.81497874282145
11.889999999999999 59.73551161095158
11.9 59.57795392802601
11.909999999999998 59.43669733932743
11.92 59.31790341594849
11.930000000000001 59.10399865593176
11.94 58.92206605104218
11.950000000000001 58.75223045262692
11.959999999999999 58.66210152024389
11.97 58.485498719984406
11.979999999999999 58.31974928233655
11.99 58.20791810637638
11.999999999999998 57.96764059467083
12.01 57.950674593578356
12.020000000000001 57.80924360139767
12.03 57.74753802188101
12.040000000000001 57.478386690067126
12.049999999999999 57.353512483943874
12.06 57.346584151592474
12.069999999999999 57.1652117749972
12.08 57.10780121893447
12.089999999999998 56.91923617214949
12.1 56.75840315352286
12.110000000000001 56.552581095201326
12.12 56.528990383859515
12.13 56.39414785508162
12.139999999999999 56.304953534932
12.15 56.12502268341498
12.159999999999998 56.0292353273209
12.17 55.98052096314716
12.180000000000001 55.80227950850569
12.19 55.73967590403144
12.200000000000001 55.56098868038327
12.209999999999999 55.4948652979613
12.22 55.466178828312124
12.229999999999999 55.40453784013578
12.24 55.35928135019033
12.249999999999998 55.16442816936369
12.26 55.03824480912836
12.270000000000001 54.97184622797551
12.28 54.88463014672325
12.290000000000001 54.74694190941682
12.299999999999999 54.53655726071675
12.31 54.57119247733171
12.319999999999999 54.59110373587332
12.33 54.48419937555015
12.339999999999998 54.306036444384596
12.35 54.17980128779353
12.360000000000001 53.98712200266783
12.37 54.0004321021812
12.38 53.89392874208192
12.389999999999999 53.625039462622425
12.4 53.49191481466326
12.409999999999998 53.450446479988926
12.42 53.348886769159634
12.430000000000001 53.169413417729345
12.44 52.99556201645994
12.450000000000001 52.888400768295355
12.459999999999999 52.928240732498644
12.47 52.80986920213929
12.479999999999999 52.771741109531945
12.49 52.744699668195736
12.499999999999998 52.66844964797316
12.51 52.636314336961036
12.520000000000001 52.48306734045701
12.53 52.29974533074136
12.540000000000001 52.20373909018933
12.549999999999999 52.18726082649472
12.56 52.12160385464344
12.569999999999999 52.034723723689304
12.58 51.811070949077504
12.589999999999998 51.75686765011545
12.6 51.63777565905852
12.610000000000001 51.5562867441483
12.62 51.38476386811151
12.63 51.246593788136366
12.639999999999999 51.27686096915957
12.65 51.09245161222975
12.659999999999998 49.88920259271906
12.67 49.87861388054954
12.680000000000001 49.711757104849724
12.69 49.59955675911738
12.700000000000001 49.54047016965048
12.709999999999999 49.3538099642097
12.72 49.35017520456759
12.729999999999999 50.31339455147126
12.74 49.18915806118948
12.749999999999998 49.04354992252598
12.76 48.95510103160853
12.770000000000001 48.98859342702629
12.78 48.81552150424066
12.790000000000001 48.757372833019645
12.799999999999999 48.646545761773524
12.81 48.660220799828025
12.819999999999999 48.58066908241072
12.83 48.37211880927849
12.839999999999998 48.30077951009636
12.85 48.37368036396022
12.860000000000001 48.18539573492558
12.87 48.148008006589826
12.88 47.9937181423796
12.889999999999999 48.043168919822804
12.9 47.97865764167284
12.909999999999998 47.90363690790393
12.92 47.739227043395445
12.930000000000001 47.74981445947482
12.94 47.57228748720115
12.950000000000001 47.592339576526456
12.959999999999999 47.45129295479961
12.97 47.404567932765936
12.979999999999999 47.3028236646268
12.99 47.325329224730645
12.999999999999998 47.150014997790585
13.01 47.09491219594403
13.020000000000001 47.05471186218741
13.03 46.92067951007749
13.040000000000001 46.830852153434066
13.049999999999999 46.84154797758755
13.06 46.72799347104785
13.069999999999999 46.667907792728826
13.08 46.53175306098571
13.089999999999998 46.56009239008811
13.1 46.50280493279534
13.110000000000001 46.32766804819745
13.12 46.22735162508268
13.13 46.29528336224674
13.139999999999999 46.17730792808457
13.15 46.06803276723373
13.159999999999998 45.94305779942067
13.17 45.98427788574361
13.180000000000001 45.841988222197486
13.19 45.76823401487863
13.200000000000001 45.688593326699745
13.209999999999999 45.848594399046746
13.22 45.606174775677616
13.229999999999999 45.51074987391547
13.24 45.46083395715847
13.249999999999998 45.50512897943686
13.26 45.38322512174951
13.270000000000001 45.30609901548318
13.28 45.207528176211795
13.290000000000001 45.08470333091067
13.299999999999999 45.007214404019024
13.31 45.02800210070881
13.319999999999999 44.97056063508739
13.33 44.84613413436964
13.339999999999998 44.72707450024289
13.35 44.64708853946834
13.360000000000001 44.69952037535915
13.37 44.5136306149255
13.38 44.56554575558859
13.389999999999999 44.440403632058846
13.4 44.5443978822816
13.409999999999998 44.36881641921842
13.42 44.20887956247495
13.430000000000001 44.31062503184061
13.44 44.21009030946025
13.450000000000001 44.0384376248262
13.459999999999999 44.06501421322625
13.47 44.00271653766518
13.479999999999999 43.96768566690277
13.49 43.8476305299184
13.499999999999998 43.766365125373405
13.51 43.8018071120326
13.520000000000001 43.597040318585016
13.53 43.63201701690846
13.540000000000001 43.61574546884111
13.549999999999999 43.585398810265225
13.56 43.38315081884453
13.569999999999999 43.3659865704596
13.58 43.31077573630695
13.589999999999998 43.176366633264664
13.6 43.100861272141756
13.610000000000001 43.18248630151099
13.62 43.151675278964476
13.63 42.86949687689115
13.639999999999999 42.76107246224605
13.65 42.85618927508192
13.659999999999998 42.811427738085314
13.67 42.65291260574637
13.680000000000001 42.7038455947288
13.69 42.67188109239994
13.700000000000001 42.555929140115836
13.709999999999999 42.41175134020672
13.72 42.51188958198418
13.729999999999999 42.50419252056808
13.74 42.37222122835516
13.749999999999998 42.243018986498896
13.76 42.34730040838599
13.770000000000001 42.28819807981686
13.78 42.09342093667123
13.790000000000001 42.00923342836483
13.799999999999999 42.03865904861213
13.81 41.8886113468073
13.819999999999999 41.88879955698189
13.83 41.8822353678961
13.839999999999998 41.806704594825874
13.85 41.78019132493338
13.860000000000001 41.668198007858294
13.87 41.71233919919377
13.88 41.62502246284207
13.889999999999999 41.495208701614835
13.9 41.626751939264665
13.909999999999998 41.62602684968709
13.92 41.457580325793074
13.930000000000001 41.41650696521015
13.94 41.36821960536814
13.950000000000001 41.270322364959206
13.959999999999999 41.27991593137318
13.97 41.23017236956157
13.979999999999999 41.280312021779324
13.99 41.18874420250478
13.999999999999998 41.18084161840699
14.01 41.17082381797319
14.020000000000001 41.097422567185944
14.03 40.63075698357892
14.040000000000001 40.57003744960004
14.049999999999999 40.593620824955465
14.06 40.57610231755341
14.069999999999999 40.45336863498915
14.08 40.49856198223635
14.089999999999998 40.411008163229226
14.1 40.4550513836186
14.110000000000001 40.40259819443676
14.12 40.41623648912394
14.13 40.384940069651066
14.139999999999999 40.39686209724589
14.15 40.37991352629103
14.159999999999998 40.31145795755736
14.17 40.28850284807531
14.180000000000001 40.2604557261611
14.19 40.27577262791623
14.200000000000001 40.256147119836626
14.209999999999999 40.271567816590995
14.22 40.14856760969111
14.229999999999999 40.15139223466214
14.24 40.09688513962285
14.249999999999998 40.028998186848966
14.26 39.951728274824085
14.270000000000001 39.89307198135767
14.28 40.06805853201766
14.290000000000001 39.97066432044704
14.299999999999999 39.97205886127068
14.31 39.930244619912514
14.319999999999999 39.84803819171765
14.33 39.73765742312999
14.339999999999998 39.755901561115216
14.35 39.778853195541515
14.360000000000001 39.71545639648019
14.37 39.76672998701367
14.38 39.73109191011338
14.389999999999999 39.69682294217459
14.4 39.65488729246421
14.409999999999998 39.680422179845735
14.42 39.61164350709829
14.430000000000001 39.540758499414764
14.44 39.55506793625307
14.450000000000001 39.47235171633003
14.459999999999999 39.507935213227455
14.47 39.48388119732047
14.479999999999999 39.34464066981158
14.49 39.33558236607087
14.499999999999998 39.252166443398934
14.51 39.27601202246278
14.520000000000001 39.27435141250074
14.53 39.22099869010896
14.540000000000001 39.18743785289625
14.549999999999999 39.1242155344906
14.56 39.02895927021479
14.569999999999999 39.02901197951018
14.58 39.064546542975314
14.589999999999998 38.990683910297236
14.6 38.9582072900222
14.610000000000001 39.02236285109298
14.62 38.95828224401582
14.63 38.86842483637403
14.639999999999999 38.845504177506385
14.65 38.7731991830672
14.659999999999998 38.804078848860065
14.67 38.745995697073525
14.680000000000001 38.76098239457848
14.69 38.72487574504707
14.700000000000001 38.674208540165
14.709999999999999 38.59784959936295
14.72 38.58173213297259
14.729999999999999 38.58931519150856
14.74 38.59850909658509
14.749999999999998 38.563904104626694
14.76 38.62778912711784
14.770000000000001 38.66062280225184
14.78 38.56759252887231
14.790000000000001 38.52302884763246
14.799999999999999 38.56402537273036
14.81 38.42755427584677
14.819999999999999 38.46920748416824
14.83 38.532840027426985
14.839999999999998 38.45044515870599
14.85 38.44957057383964
14.860000000000001 38.56330007252399
14.87 38.4589812523802
14.88 38.48955337791859
14.889999999999999 38.44105985139454
14.9 38.396266148021795
14.909999999999998 38.465427883406434
14.92 38.47838122381799
14.930000000000001 38.396419876923716
14.94 38.435398862283236
14.950000000000001 38.437776854309284
14.959999999999999 38.37078280427055
14.97 38.31554666334402
14.979999999999999 38.399055920824594
14.99 38.3412466485537
14.999999999999998 38.33864206791756
15.01 38.35301227819146
15.020000000000001 38.31219757977192
15.03 38.26011087555474
15.040000000000001 38.29417668246175
15.049999999999999 38.23992845750645
15.06 38.25742038808642
15.069999999999999 38.17362654566442
15.08 38.17769279458055
15.089999999999998 37.91428388802635
15.1 37.97856806578892
15.110000000000001 38.02462442166252
15.12 37.82866078522144
15.13 37.85081410367873
15.139999999999999 37.68702654297912
15.15 38.174091485188214
15.159999999999998 37.693985917129645
15.17 37.81523680857046
15.180000000000001 37.85816831685128
15.19 37.89256554042375
15.200000000000001 37.88046539060579
15.209999999999999 37.96859934942365
15.22 37.94021777597533
15.229999999999999 37.83318354086204
15.24 37.72863439926767
15.249999999999998 37.74600440569554
15.26 37.74191519437077
15.270000000000001 37.67192762745387
15.28 37.431041822968005
15.290000000000001 37.50758613090036
15.299999999999999 37.54479176891495
15.31 37.508230760648615
15.319999999999999 37.403489630400756
15.33 37.369897806660155
15.339999999999998 37.370625723888026
15.35 37.4269686573175
15.360000000000001 37.4624013766179
15.37 37.43344110920282
15.38 37.39387140990408
15.389999999999999 37.586157331986826
15.4 37.623946553242924
15.409999999999998 37.345290121714086
15.42 37.37351354739938
15.430000000000001 38.0345352096973
15.44 37.35930023234622
15.450000000000001 37.373203868307
15.459999999999999 38.00515067157551
15.47 38.020023467173615
15.479999999999999 38.00188203610839
15.49 38.278958347862655
15.499999999999998 38.24292177499779
15.51 38.17951828063513
15.520000000000001 38.24940145956284
15.53 37.94219082966593
15.540000000000001 37.91102714257369
15.549999999999999 37.946057481153446
15.56 38.02190398334191
15.569999999999999 38.12117323511643
15.58 38.061824118210716
15.589999999999998 38.100523675614085
15.6 38.117226791658894
15.610000000000001 38.093842186493276
15.62 38.08142346229501
15.63 38.12475916904499
15.639999999999999 38.14706585111162
15.65 38.302057825310825
15.659999999999998 38.31309937354938
15.67 38.367328108006355
15.680000000000001 38.36777999650475
15.69 37.96120971727744
15.700000000000001 37.98231543961869
