%x y
0.0 33.244573878757315
0.010000000000001563 33.2353012495159
0.02000000000000135 33.240561674848095
0.030000000000001137 33.243941567952405
0.040000000000000924 33.299436223770115
0.05000000000000071 33.23121755603904
0.0600000000000005 33.36274571616582
0.07000000000000028 33.28585841467892
0.08000000000000007 33.26418571370428
0.09000000000000163 33.31346150940354
0.10000000000000142 33.36046105273959
0.11000000000000121 33.31936005067838
0.120000000000001 33.614499224777646
0.13000000000000078 33.59145582034215
0.14000000000000057 33.30441498591915
0.15000000000000036 33.58344725291845
0.16000000000000014 33.637134752595436
0.1700000000000017 33.58145016164547
0.1800000000000015 33.31840181553962
0.19000000000000128 33.4953894758589
0.20000000000000107 33.51697810190758
0.21000000000000085 33.406615391347316
0.22000000000000064 33.495297560157
0.23000000000000043 33.451322026585856
0.2400000000000002 33.38957712188031
0.25 33.48487860585705
0.26000000000000156 33.35788465799703
0.27000000000000135 33.448466148979115
0.28000000000000114 33.39129121550213
0.2900000000000009 33.3987884902487
0.3000000000000007 33.40631349318305
0.3100000000000005 33.379996228046906
0.3200000000000003 33.389612695482114
0.33000000000000007 33.35152297759167
0.34000000000000163 33.407149593690505
0.3500000000000014 33.37191163688073
0.3600000000000012 33.388700748274864
0.370000000000001 33.31988952867448
0.3800000000000008 33.30336103961493
0.39000000000000057 33.38798734258271
0.40000000000000036 33.35296731101906
0.41000000000000014 33.36183758499921
0.4200000000000017 33.301739885265285
0.4300000000000015 33.3298339620909
0.4400000000000013 33.33561818065179
0.45000000000000107 33.30845692793996
0.46000000000000085 33.358128683354465
0.47000000000000064 33.35326159599025
0.4800000000000004 33.3787308967496
0.4900000000000002 33.29650777680369
0.5 33.36185408602552
0.5100000000000016 33.324628619017986
0.5200000000000014 33.42301714901055
0.5300000000000011 33.427111713717736
0.5400000000000009 33.34543282811302
0.5500000000000007 33.28552994385062
0.5600000000000005 33.313990699668764
0.5700000000000003 33.26765764884375
0.5800000000000001 33.283873783200576
0.5900000000000016 33.296614959702445
0.6000000000000014 33.26222618444746
0.6100000000000012 33.446729700174856
0.620000000000001 33.29967273440015
0.6300000000000008 33.241810836891986
0.6400000000000006 33.1896867940776
0.6500000000000004 33.182329842471304
0.6600000000000001 33.21987343021243
0.6700000000000017 33.20026113390175
0.6800000000000015 33.14854890221483
0.6900000000000013 33.177494495642655
0.7000000000000011 33.13741516955862
0.7100000000000009 33.223478892180424
0.7200000000000006 33.146520884120974
0.7300000000000004 33.13987650861182
0.7400000000000002 33.117561408627964
0.75 33.12744853163102
0.7600000000000016 33.07456456953726
0.7700000000000014 33.12580108223126
0.7800000000000011 33.14012368557263
0.7900000000000009 33.100324248096285
0.8000000000000007 33.16084971343378
0.8100000000000005 33.15941274198164
0.8200000000000003 33.2087517061435
0.8300000000000001 33.11818418377297
0.8400000000000016 33.15240699173529
0.8500000000000014 33.153124537782745
0.8600000000000012 33.11915318696417
0.870000000000001 33.20034300137191
0.8800000000000008 33.163842426910875
0.8900000000000006 33.209695950170506
0.9000000000000004 33.08415410238538
0.9100000000000001 33.218976180523654
0.9200000000000017 33.119280092199176
0.9300000000000015 33.18577346623535
0.9400000000000013 33.20102353235397
0.9500000000000011 33.22008755985749
0.9600000000000009 33.21005578995584
0.9700000000000006 33.249782100423914
0.9800000000000004 33.24844076394084
0.9900000000000002 33.24536509976126
1.0 33.22810638814885
1.0100000000000016 33.25007824084873
1.0200000000000014 33.302493789250995
1.0300000000000011 33.23300801106126
1.040000000000001 33.348310221935904
1.0500000000000007 33.323114646739704
1.0600000000000005 33.411338879777404
1.0700000000000003 33.39026376812445
1.08 33.39982330023526
1.0900000000000016 33.54829899645379
1.1000000000000014 33.54859456786464
1.1100000000000012 33.595269549089956
1.120000000000001 33.544112235442675
1.1300000000000008 33.549594951884885
1.1400000000000006 33.52492046516291
1.1500000000000004 33.554073973408386
1.1600000000000001 33.567383254052125
1.1700000000000017 33.61082173055931
1.1800000000000015 33.50786344405921
1.1900000000000013 33.609400408176064
1.200000000000001 33.627335488605766
1.2100000000000009 33.59884382439807
1.2200000000000006 33.62846883524848
1.2300000000000004 33.67892481547449
1.2400000000000002 33.64082551361814
1.25 33.686171416267754
1.2600000000000016 33.70749051092834
1.2700000000000014 33.72308716620029
1.2800000000000011 33.789673649881536
1.290000000000001 33.77471713254297
1.3000000000000007 33.80083164521371
1.3100000000000005 33.82578856921577
1.3200000000000003 33.813594702725794
1.33 33.85118011115674
1.3400000000000016 33.879192132877634
1.3500000000000014 33.966519295361906
1.3600000000000012 33.99944624399323
1.370000000000001 34.02311510624302
1.3800000000000008 34.108671783946576
1.3900000000000006 34.06701943163664
1.4000000000000004 34.006236457235374
1.4100000000000001 34.08475022230982
1.4200000000000017 34.17152590338226
1.4300000000000015 34.1897921769191
1.4400000000000013 34.25475547423528
1.450000000000001 34.24781373158656
1.4600000000000009 34.22704974129618
1.4700000000000006 34.29312523280262
1.4800000000000004 34.333528808517855
1.4900000000000002 34.3472946552932
1.5 34.39308941107464
1.5100000000000016 34.45018963759563
1.5200000000000014 34.442895131247894
1.5300000000000011 34.51072733976639
1.540000000000001 34.50951457445699
1.5500000000000007 34.618824790477696
1.5600000000000005 34.630583399015954
1.5700000000000003 34.59504370906434
1.58 34.54029708104795
1.5900000000000016 34.513851459934756
1.6000000000000014 34.55134549314079
1.6100000000000012 34.48916192086594
1.620000000000001 34.438995037654244
1.6300000000000008 34.44839684438368
1.6400000000000006 34.45558766441181
1.6500000000000004 34.424195963335606
1.6600000000000001 34.390084754622805
1.6700000000000017 34.294511806448625
1.6800000000000015 34.35631791416402
1.6900000000000013 34.35231963109834
1.700000000000001 34.32588835388627
1.7100000000000009 34.28080136780406
1.7200000000000006 34.26186865140335
1.7300000000000004 34.23838018092458
1.7400000000000002 34.26419444810106
1.75 34.267634629468674
1.7600000000000016 34.07267729263512
1.7700000000000014 34.13172670312526
1.7800000000000011 34.03838794350687
1.790000000000001 34.06851805292132
1.8000000000000007 34.023736352998306
1.8100000000000005 33.961252119892094
1.8200000000000003 33.96825862522425
1.83 33.94559887182403
1.8400000000000016 33.90442180471325
1.8500000000000014 33.87608565190418
1.8600000000000012 33.85726483427446
1.870000000000001 33.89927141998459
1.8800000000000008 33.7861908086605
1.8900000000000006 33.73507419470869
1.9000000000000004 33.740804685639425
1.9100000000000001 33.65578625746052
1.9200000000000017 33.66787939397423
1.9300000000000015 33.62983708392386
1.9400000000000013 33.594549156566885
1.950000000000001 33.52616222250303
1.9600000000000009 33.483497189129096
1.9700000000000006 33.46126056372445
1.9800000000000004 33.38913416702613
1.9900000000000002 33.30620185693132
2.0 33.27969716284992
2.0100000000000016 33.25163081021336
2.0200000000000014 33.22781351136493
2.030000000000001 33.20482521441031
2.040000000000001 33.14753885457691
2.0500000000000007 33.142167219750384
2.0600000000000005 32.99802287998797
2.0700000000000003 33.13677995019526
2.08 33.09636861195854
2.0900000000000016 33.0432855369551
2.1000000000000014 33.0604926977322
2.110000000000001 33.08610458793413
2.120000000000001 33.094731738807255
2.130000000000001 33.070060518793085
2.1400000000000006 33.12814938530548
2.1500000000000004 33.15841065641828
2.16 33.257223277862124
2.1700000000000017 33.39156686609678
2.1800000000000015 33.47060186792632
2.1900000000000013 33.68693814291523
2.200000000000001 34.007976915057554
2.210000000000001 34.34002970984278
2.2200000000000006 34.87736750237005
2.2300000000000004 35.31206109130643
2.24 35.80414832581642
2.25 36.36082174703345
2.2600000000000016 37.02326155337187
2.2700000000000014 37.63581582844126
2.280000000000001 38.36376415860407
2.290000000000001 39.06954179959351
2.3000000000000007 39.81909524770036
2.3100000000000005 40.67663495781407
2.3200000000000003 41.52630722216773
2.33 42.274265975958144
2.3400000000000016 43.159369023584404
2.3500000000000014 43.989297658681586
2.360000000000001 45.005315132851116
2.370000000000001 45.942364690434616
2.380000000000001 46.881039697432286
2.3900000000000006 47.89384210592403
2.4000000000000004 48.9039033997764
2.41 49.890565746387225
2.4200000000000017 50.89004590229727
2.4300000000000015 51.87914804701296
2.4400000000000013 52.92813942134852
2.450000000000001 53.86282866887047
2.460000000000001 54.82632646992444
2.4700000000000006 55.87930322796393
2.4800000000000004 56.871730546915146
2.49 57.825590822446365
2.5 58.82108945164631
2.5100000000000016 59.78156687823065
2.5200000000000014 60.734846303361124
2.530000000000001 61.74714639932675
2.540000000000001 62.71732226215642
2.5500000000000007 63.63039903419169
2.5600000000000005 64.57109129070217
2.5700000000000003 65.49884670872852
2.58 66.47025051118044
2.5900000000000016 67.35124619755985
2.6000000000000014 68.39970062515113
2.610000000000001 69.25905308755641
2.620000000000001 70.22347479006575
2.630000000000001 71.15208798725286
2.6400000000000006 72.15712430746173
2.6500000000000004 73.02210771775472
2.66 73.94777196208145
2.6700000000000017 74.92717019531102
2.6800000000000015 75.89622440595146
2.6900000000000013 76.77332840257384
2.700000000000001 77.65163372327648
2.710000000000001 78.61370475787066
2.7200000000000006 79.5045617506073
2.7300000000000004 80.44846634680398
2.74 81.25000794417025
2.75 82.1064939474366
2.7600000000000016 83.08249964817155
2.7700000000000014 83.93129972042388
2.780000000000001 84.78777536057568
2.790000000000001 85.68452086684894
2.8000000000000007 86.42035936435546
2.8100000000000005 87.20789851764926
2.8200000000000003 88.09100055112799
2.83 88.85453930892697
2.8400000000000016 89.79124540699105
2.8500000000000014 90.65890528936629
2.860000000000001 91.49272526707473
2.870000000000001 92.3370916154487
2.880000000000001 93.29646924869404
2.8900000000000006 94.02011746122082
2.9000000000000004 94.83561689881991
2.91 95.54646275345388
2.9200000000000017 96.37344522959235
2.9300000000000015 97.11246107001185
2.9400000000000013 97.97074312621808
2.950000000000001 98.82026836991214
2.960000000000001 99.40287513958026
2.9700000000000006 100.23797970517178
2.9800000000000004 101.10662977300628
2.99 101.75022843889508
3.0 102.42008993739955
3.0100000000000016 103.16224196717646
3.0200000000000014 103.8681842903838
3.030000000000001 104.74990672862023
3.040000000000001 105.34343597592645
3.0500000000000007 105.99922699511893
3.0600000000000005 106.77821754119233
3.0700000000000003 107.3115704920337
3.08 108.02367751243062
3.0900000000000016 108.6834035392504
3.1000000000000014 109.3081667774475
3.110000000000001 109.91452821046322
3.120000000000001 110.5327054049774
3.130000000000001 111.0603575523405
3.1400000000000006 111.69600408491783
3.1500000000000004 112.28378483147046
3.16 112.99796264804226
3.1700000000000017 113.57385533610433
3.1800000000000015 114.226396609956
3.1900000000000013 114.5676049310964
3.200000000000001 115.09007655830155
3.210000000000001 115.72440008133411
3.2200000000000024 116.26477727157412
3.2300000000000004 116.7260100272908
3.240000000000002 117.2237685885604
3.25 117.83371439343864
3.2600000000000016 118.07243727709442
3.2699999999999996 118.56251819554751
3.280000000000001 119.08222529542893
3.289999999999999 119.57586897494954
3.3000000000000007 120.07680598733722
3.3100000000000023 120.59028432688052
3.3200000000000003 121.08882659246271
3.330000000000002 121.18913389732654
3.34 121.70506253600178
3.3500000000000014 122.1865314378741
3.3599999999999994 122.6356184123805
3.370000000000001 123.18708140729034
3.3800000000000026 123.60216004187197
3.3900000000000006 124.1165325952615
3.400000000000002 124.5142765510274
3.41 124.9686027894615
3.4200000000000017 125.44806205176306
3.4299999999999997 125.97009538894734
3.4400000000000013 126.39712434668985
3.4499999999999993 126.92327593250775
3.460000000000001 127.55691626227919
3.4700000000000024 127.8584998433127
3.4800000000000004 128.27582484036543
3.490000000000002 128.79040708691713
3.5 129.19472815596754
3.5100000000000016 129.70072352543013
3.5199999999999996 130.2623420492621
3.530000000000001 130.62661907768697
3.539999999999999 131.0776578874533
3.5500000000000007 131.56784911367322
3.5600000000000023 132.10273186615552
3.5700000000000003 132.4689636664492
3.580000000000002 133.01664755860185
3.59 133.55041494172974
3.6000000000000014 133.8335330768881
3.6099999999999994 134.35056893854247
3.620000000000001 134.9294165912563
3.6300000000000026 135.28913920774863
3.6400000000000006 135.69532356591793
3.650000000000002 136.22833018557748
3.66 136.72124615889075
3.6700000000000017 137.13308622217656
3.6799999999999997 137.7080375567986
3.6900000000000013 138.162614073376
3.6999999999999993 138.5316551905859
3.710000000000001 139.0892650331387
3.7200000000000024 139.594268538621
3.7300000000000004 140.02073293211916
3.740000000000002 140.4663971904664
3.75 140.94085767230058
3.7600000000000016 141.32937854681785
3.7699999999999996 141.78957160215433
3.780000000000001 142.22803545049877
3.789999999999999 142.67551051000447
3.8000000000000007 143.1249364001664
3.8100000000000023 143.594199614324
3.8200000000000003 144.03033029497695
3.830000000000002 144.42488678280694
3.84 144.9622276634343
3.8500000000000014 145.3890716697273
3.8599999999999994 145.7934401461966
3.870000000000001 146.24736860140143
3.8800000000000026 146.65660504005706
3.8900000000000006 147.13699423425152
3.900000000000002 147.5108163780776
3.91 147.95860355269375
3.9200000000000017 148.3646421124014
3.9299999999999997 148.87250838502058
3.9400000000000013 149.2281655295826
3.9499999999999993 149.66937531959513
3.960000000000001 150.0312117099462
3.9700000000000024 150.54211245084076
3.9800000000000004 150.94099946783376
3.990000000000002 151.34940339557775
4.0 151.7036729178635
4.010000000000002 152.1204948515949
4.02 152.48641138768284
4.030000000000001 152.80790942589977
4.039999999999999 153.20334046872185
4.050000000000001 153.641587740227
4.060000000000002 153.93619318785767
4.07 154.31324307899308
4.080000000000002 154.65302058410393
4.09 155.03298861396019
4.100000000000001 155.40421387486634
4.109999999999999 155.69597193684888
4.120000000000001 156.02549070651463
4.130000000000003 156.36161324182274
4.140000000000001 156.74528214997795
4.150000000000002 157.12343714648983
4.16 157.32348694354812
4.170000000000002 157.69895864438223
4.18 157.95171031319214
4.190000000000001 158.2424787892258
4.199999999999999 158.45240095213254
4.210000000000001 158.7167893041139
4.220000000000002 159.0500340589387
4.23 159.34338145662986
4.240000000000002 159.52581078966386
4.25 159.7453031165233
4.260000000000002 159.98232940861632
4.27 160.3512657018174
4.280000000000001 160.60158289193458
4.289999999999999 160.89056934275578
4.300000000000001 161.04733489271146
4.310000000000002 161.380337881775
4.32 161.58266750437443
4.330000000000002 161.80477653915304
4.34 162.01274952632764
4.350000000000001 162.26293486582833
4.359999999999999 162.45563407189633
4.370000000000001 162.61686791945039
4.380000000000003 162.79020399825788
4.390000000000001 163.01284729260868
4.400000000000002 163.2146275650167
4.41 163.4180868563766
4.420000000000002 163.53416623000135
4.43 163.6463150647569
4.440000000000001 163.66478343715244
4.449999999999999 163.61575599279752
4.460000000000001 163.56156397722688
4.470000000000002 163.43825209650865
4.48 163.3648949537817
4.490000000000002 163.08161538366267
4.5 162.8357277462709
4.510000000000002 162.38393096191066
4.52 161.78135811969992
4.530000000000001 161.32951126387644
4.539999999999999 160.56107682709552
4.550000000000001 159.6684315172151
4.560000000000002 158.7156748645058
4.57 157.69505103379822
4.580000000000002 156.43973266788691
4.59 155.11401957070422
4.600000000000001 153.67196359797276
4.609999999999999 152.15841781492492
4.620000000000001 150.63943176543498
4.630000000000003 149.03673769498045
4.640000000000001 147.35753178902155
4.650000000000002 145.4960670508579
4.66 143.60256585605995
4.670000000000002 141.8727222284954
4.68 139.7331632033967
4.690000000000001 137.77211332746583
4.699999999999999 135.5843663575896
4.710000000000001 133.64616004887802
4.720000000000002 131.53591486395544
4.73 129.7255467152257
4.740000000000002 127.96556207327542
4.75 126.47133797221029
4.760000000000002 124.7952114694252
4.77 123.34727035498516
4.780000000000001 121.78633388049765
4.789999999999999 120.40803338839369
4.800000000000001 119.00348834543124
4.810000000000002 117.7186488739716
4.82 116.43244530420856
4.830000000000002 115.21283675942436
4.84 113.99075440476946
4.850000000000001 112.83634303383425
4.859999999999999 111.69459915509293
4.870000000000001 110.5170974312185
4.880000000000003 109.43896951994374
4.890000000000001 108.31606802655809
4.900000000000002 107.18639196756118
4.91 106.12195129939852
4.920000000000002 105.10495305735665
4.93 104.10279371911898
4.940000000000001 103.10305844662967
4.949999999999999 102.08609118781114
4.960000000000001 101.20541405569128
4.970000000000002 100.26350392396773
4.98 99.3265220641498
4.990000000000002 98.4448788331757
5.0 97.62315271262271
5.010000000000002 96.7167736207564
5.02 95.87129956157878
5.030000000000001 95.00647991152155
5.039999999999999 94.2137223608834
5.050000000000001 93.36494545552893
5.060000000000002 92.68651438849054
5.07 91.81390362040955
5.080000000000002 91.01853138084005
5.09 90.32969043240931
5.100000000000001 89.49428391917041
5.109999999999999 88.78111638417442
5.120000000000001 88.12992885883267
5.130000000000003 87.3275528845563
5.140000000000001 86.39610308448385
5.150000000000002 85.77008950436064
5.16 84.97109296439791
5.170000000000002 84.24886928644275
5.18 83.7524931494494
5.190000000000001 83.07474223825034
5.199999999999999 82.3934696139346
5.210000000000001 81.80691015753955
5.220000000000002 81.21187082055629
5.23 80.5754895108038
5.240000000000002 79.93974472678309
5.25 79.33800725972618
5.260000000000002 78.73053026181006
5.27 78.06588383243772
5.280000000000001 77.47927342285344
5.289999999999999 76.96225477232292
5.300000000000001 76.31433062075058
5.310000000000002 75.82112718707566
5.32 75.260914183651
5.330000000000002 74.70156853700686
5.34 74.14489669855894
5.350000000000001 73.46195138462036
5.359999999999999 72.9210989648526
5.370000000000001 72.31522459359809
5.380000000000003 71.86541140426513
5.390000000000001 71.2934641056709
5.400000000000002 70.78534105342503
5.41 70.26817659682459
5.420000000000002 69.76746628915562
5.43 69.27199927302742
5.440000000000001 68.74005978616276
5.449999999999999 68.1772370883348
5.460000000000001 67.70537365444268
5.470000000000002 67.31432518925996
5.48 66.74178190318639
5.490000000000002 66.348876021692
5.5 65.87472267560656
5.510000000000002 65.44105053062401
5.52 64.90311869194646
5.530000000000001 64.43620976080828
5.539999999999999 63.92796767645523
5.550000000000001 63.479766442840926
5.560000000000002 63.06245379388877
5.57 62.51152912390617
5.580000000000002 62.10375228154025
5.59 61.53479759795667
5.600000000000001 61.24522590288666
5.609999999999999 60.794278328974414
5.620000000000001 60.40811189964716
5.630000000000003 60.03380496883956
5.640000000000001 59.61717490660127
5.650000000000002 59.18611081291179
5.66 58.76040032423029
5.670000000000002 58.414034622546254
5.68 57.93862579464984
5.690000000000001 57.5129839091903
5.699999999999999 57.16353834990919
5.710000000000001 56.71275289922915
5.720000000000002 56.38960776167162
5.73 55.9938023860419
5.740000000000002 55.55993983578241
5.75 55.127578236596726
5.760000000000002 54.72816722312484
5.77 54.36661433327292
5.780000000000001 54.006450440915145
5.789999999999999 53.659147810089074
5.800000000000001 53.241714583242114
5.810000000000002 53.0182832534103
5.82 52.57648016647051
5.830000000000002 52.299971958554266
5.84 51.87227221896063
5.850000000000001 51.51322905893615
5.859999999999999 51.2660685026253
5.870000000000001 50.829576641590464
5.880000000000003 50.55035926483795
5.890000000000001 50.132990625994104
5.900000000000002 49.91140193968509
5.91 49.51142437218675
5.920000000000002 49.35565894955519
5.93 49.008024260782534
5.940000000000001 48.71002057079819
5.949999999999999 48.46237981743825
5.960000000000001 48.16934509401429
5.970000000000002 47.76468882963782
5.98 47.49828544224714
5.990000000000002 47.07179522252072
6.0 46.77892470270335
6.010000000000002 46.463045428557066
6.02 46.01268764284947
6.030000000000001 45.77062413052177
6.039999999999999 45.471917664078575
6.050000000000001 45.18945321392765
6.060000000000002 44.757750406996735
6.07 44.56633476212814
6.080000000000002 44.246940879344166
6.09 43.977044207890756
6.100000000000001 43.59438058117163
6.109999999999999 43.35385449870319
6.120000000000001 43.14745713224657
6.130000000000003 42.881293735903114
6.140000000000001 42.747404044484
6.150000000000002 42.68876143263329
6.16 42.442450233629145
6.170000000000002 42.135566136042506
6.18 41.87330399552572
6.190000000000001 41.57942096353553
6.199999999999999 41.35906437706041
6.210000000000001 41.09565148892139
6.220000000000002 40.83033907221313
6.23 40.55469805296491
6.240000000000002 40.32946948411454
6.25 40.140385847874796
6.260000000000002 39.89717494069356
6.27 39.461511322918376
6.280000000000001 39.38079340435544
6.289999999999999 39.067649335265145
6.300000000000001 38.85373802413227
6.310000000000002 38.66102144125044
6.32 38.401491389610754
6.330000000000002 38.22741865968264
6.34 38.06513121719895
6.350000000000001 37.80711592906841
6.359999999999999 37.617008662082455
6.370000000000001 37.46276322482662
6.380000000000003 37.26649801645475
6.390000000000001 37.05228046364081
6.400000000000002 36.90260241466546
6.41 36.71078691572037
6.420000000000002 36.53171761539133
6.43 36.322470924932944
6.440000000000001 36.13527473456591
6.449999999999999 35.92567278720182
6.460000000000001 35.81604197815289
6.470000000000002 35.645870650910105
6.48 35.42971090091248
6.490000000000002 35.23159730102004
6.5 35.085810427212344
6.510000000000002 34.89902756953573
6.52 34.716769890556165
6.530000000000001 34.55680296973502
6.539999999999999 34.39706923734302
6.550000000000001 34.215120056606416
6.560000000000002 34.04755659508338
6.57 33.913267377304706
6.580000000000002 33.72819136359451
6.59 33.500880265485335
6.600000000000001 33.3556744251921
6.609999999999999 33.24347945598352
6.620000000000001 33.10284309626855
6.630000000000003 32.921304160879906
6.640000000000001 32.766156842813885
6.650000000000002 32.69905048799632
6.66 32.49755122662275
6.670000000000002 32.38487943847548
6.68 32.263436989065895
6.690000000000001 32.084628884116924
6.699999999999999 31.91912150234622
6.710000000000001 31.81080694086581
6.720000000000002 31.67257920971815
6.73 31.558212292961077
6.740000000000002 31.434566268984735
6.75 31.367451849853133
6.760000000000002 31.22277743052848
6.77 31.15284845140953
6.780000000000001 30.983973009121325
6.789999999999999 30.920115260079438
6.800000000000001 30.783707169215077
6.810000000000002 30.68564802978206
6.82 30.54719863021598
6.830000000000002 30.49820113976173
6.84 30.407159226522623
6.850000000000001 30.363738520617268
6.859999999999999 30.313672879821794
6.870000000000001 30.220547721702392
6.880000000000003 30.213354300770856
6.890000000000001 30.134618725166767
6.900000000000002 30.07204807847476
6.91 30.032303393327872
6.920000000000002 29.983258291156925
6.93 29.930739819757957
6.940000000000001 29.89725931892837
6.949999999999999 29.787183449015114
6.960000000000001 29.755146408438616
6.970000000000002 29.717694543441716
6.98 29.61886879561512
6.990000000000002 29.64390966936533
7.0 29.547996812981083
7.010000000000002 29.54444408388273
7.02 29.550321593334235
7.030000000000001 29.484473424282573
7.039999999999999 29.4681768132018
7.050000000000001 29.466956674718244
7.060000000000002 29.466829603843365
7.07 29.475119675649374
7.080000000000002 29.435903296240085
7.09 29.462743782878498
7.100000000000001 29.369249016748512
7.109999999999999 29.40357029287851
7.120000000000001 29.366190701975608
7.130000000000003 29.34431162167168
7.140000000000001 29.353681060442376
7.150000000000002 29.314239460111565
7.16 29.33058772236486
7.170000000000002 29.371562353434577
7.18 29.31477864902171
7.190000000000001 29.343292550732336
7.199999999999999 29.298868716951112
7.210000000000001 29.33214789182223
7.220000000000002 29.310997990895643
7.23 29.31036807568187
7.240000000000002 29.145964668730173
7.25 29.203016898730752
7.260000000000002 29.158537527415472
7.27 29.183642180311793
7.280000000000001 29.19651293455808
7.289999999999999 29.26371969698957
7.300000000000001 29.355125366748723
7.310000000000002 29.357398825463076
7.32 29.38883010682087
7.330000000000002 29.440395298743613
7.34 29.459148054509313
7.350000000000001 29.504435594363784
7.359999999999999 29.568542423462283
7.370000000000001 29.653309672280145
7.380000000000003 29.659362129357945
7.390000000000001 29.689365361078586
7.400000000000002 29.709930394572375
7.41 29.76822198298052
7.420000000000002 29.844940695664192
7.43 29.90121048996516
7.440000000000001 30.007443213994343
7.449999999999999 30.01283150744905
7.460000000000001 30.028287947253727
7.470000000000002 30.147410518223303
7.48 30.171315454234076
7.490000000000002 30.316297055722163
7.5 30.356693129923567
7.510000000000002 30.37650609972244
7.52 30.555636735378293
7.530000000000001 30.61573236623739
7.539999999999999 30.678989259718662
7.550000000000001 30.813198672310413
7.560000000000002 30.87349727728483
7.57 30.897777798193616
7.580000000000002 31.04219587192528
7.59 31.203582917864715
7.600000000000001 31.231121161484005
7.609999999999999 31.379366042061122
7.620000000000001 31.449844447429058
7.630000000000003 31.509970647787092
7.640000000000001 31.66151468054882
7.650000000000002 31.77028132444278
7.66 31.804869933914777
7.670000000000002 31.95953778411542
7.68 32.02163970491769
7.690000000000001 32.12951612362458
7.699999999999999 32.230423689612984
7.710000000000001 32.305591066525935
7.720000000000002 32.44166676705056
7.73 32.42580113790332
7.740000000000002 32.60359837409208
7.75 32.630743437749416
7.760000000000002 32.676861479422094
7.77 32.83696506563945
7.780000000000001 32.87178285138024
7.789999999999999 32.97712829257168
7.800000000000001 33.087852897813505
7.810000000000002 33.14118329662288
7.82 33.289540156477
7.830000000000002 33.335879217627536
7.84 33.46306618557696
7.850000000000001 33.50021318849426
7.859999999999999 33.50969829787243
7.870000000000001 33.52874465634916
7.880000000000003 33.60309709119138
7.890000000000001 33.63491912614727
7.900000000000002 33.728347875748085
7.91 33.776846884635646
7.920000000000002 33.82812438576463
7.93 33.90136028202974
7.940000000000001 33.86727351839645
7.949999999999999 33.889884225134
7.960000000000001 33.94330957322166
7.970000000000002 33.98700109562357
7.98 34.02209102798727
7.990000000000002 34.02484021023399
8.0 34.084125149051786
8.010000000000002 34.15550391503608
8.02 34.23657481371744
8.030000000000001 34.22948672022416
8.04 34.24842030858813
8.05 34.267382777511855
8.060000000000002 34.331347681939974
8.07 34.394404283997936
8.080000000000002 34.444606988921976
8.09 34.50085256626598
8.100000000000001 34.42210483091727
8.11 34.429944364598164
8.120000000000001 34.49937435130811
8.130000000000003 34.50246830157627
8.14 34.58798165629368
8.150000000000002 34.56537443822161
8.16 34.64704055385353
8.170000000000002 34.65546737413086
8.18 34.67673886481907
8.190000000000001 34.70420085343744
8.2 34.652251550423145
8.21 34.674164997874435
8.220000000000002 34.672812707038965
8.23 34.68554221263844
8.240000000000002 34.70562852861214
8.25 34.6992582890233
8.260000000000002 34.74163665984488
8.27 34.67455473017088
8.280000000000001 34.64941195443697
8.29 34.61475667576936
8.3 34.64906418879515
8.310000000000002 34.57778921898597
8.32 34.630211286238136
8.330000000000002 34.63901527214935
8.34 34.541308667028716
8.350000000000001 34.53840695151683
8.36 34.485364445725644
8.370000000000001 34.42195749329608
8.380000000000003 34.38792900004411
8.39 34.43657525111987
8.400000000000002 34.368803634803484
8.41 34.378522219665214
8.420000000000002 34.28603830393422
8.43 34.1970439468152
8.440000000000001 34.1787802470936
8.45 34.14612435038181
8.46 34.03636282760764
8.470000000000002 34.08361127017504
8.48 34.03659989839351
8.490000000000002 33.9101404683628
8.5 33.93998094528226
8.510000000000002 33.77641058397218
8.52 33.807618787476585
8.530000000000001 33.70444565329713
8.54 33.65188123907258
8.55 33.561359495147286
8.560000000000002 33.49281337665873
8.57 33.40061747764113
8.580000000000002 33.32249247417862
8.59 33.22500805067705
8.600000000000001 33.07029576537249
8.61 33.00331638623383
8.620000000000001 32.928396796741495
8.630000000000003 32.87440879540112
8.64 32.82205175978312
8.650000000000002 32.71248787516618
8.66 32.63509211092385
8.670000000000002 32.54758778603794
8.68 32.439688342374225
8.690000000000001 32.42813126565863
8.7 32.349684943623686
8.71 32.33357712348084
8.720000000000002 32.29966158137471
8.73 32.1285001429099
8.740000000000002 32.0684530685068
8.75 31.992242056357494
8.760000000000002 31.94660663690864
8.77 31.81784472011986
8.780000000000001 31.779298376654225
8.79 31.758164464091696
8.8 31.688870873219525
