%x y
0.0 28.058151773081782
0.009999999999999787 27.89219511731773
0.019999999999999574 27.823929554399765
0.02999999999999936 27.815540476594148
0.040000000000000924 27.884823177042303
0.05000000000000071 27.98671871615058
0.0600000000000005 27.998109446142923
0.07000000000000028 28.004648992267676
0.08000000000000007 27.7895501425373
0.08999999999999986 27.814922376121793
0.09999999999999964 27.92015368938045
0.10999999999999943 27.935310419871442
0.120000000000001 27.930029454234763
0.13000000000000078 27.93286656675133
0.14000000000000057 27.919111908824195
0.15000000000000036 27.932204105607944
0.16000000000000014 27.91702142159786
0.16999999999999993 27.80275960860594
0.17999999999999972 27.910568319843232
0.1899999999999995 27.672391772109545
0.1999999999999993 27.83101758196041
0.21000000000000085 27.800437335770606
0.22000000000000064 27.672633047815957
0.23000000000000043 27.645900385340084
0.2400000000000002 27.657603149791
0.25 27.659581247470953
0.2599999999999998 27.64169094853661
0.2699999999999996 27.761941071873302
0.27999999999999936 27.551495726759384
0.2900000000000009 27.560931379951644
0.3000000000000007 27.804869130862382
0.3100000000000005 27.61660472918682
0.3200000000000003 27.572113955206216
0.33000000000000007 27.572609527817598
0.33999999999999986 27.722747822081274
0.34999999999999964 27.51842585093967
0.35999999999999943 27.538000444302284
0.370000000000001 27.591524755994158
0.3800000000000008 27.713817685438887
0.39000000000000057 27.672390333033306
0.40000000000000036 27.67630522643519
0.41000000000000014 27.493935921501098
0.41999999999999993 27.480015781634684
0.4299999999999997 27.65487708798836
0.4399999999999995 27.45953641944474
0.4499999999999993 27.6011041690821
0.46000000000000085 27.42642362300392
0.47000000000000064 27.38843453475535
0.4800000000000004 27.37057290114068
0.4900000000000002 27.375796257084726
0.5 27.353388628372755
0.5099999999999998 27.35920018903015
0.5199999999999996 27.47986809974941
0.5299999999999994 27.471882074535593
0.5400000000000009 27.319173984833924
0.5500000000000007 27.335873531995105
0.5600000000000005 27.300866041807566
0.5700000000000003 27.495621815287784
0.5800000000000001 27.460442812210978
0.5899999999999999 27.302182311195647
0.5999999999999996 27.30176646238862
0.6099999999999994 27.26515616043258
0.620000000000001 27.278991785326482
0.6300000000000008 27.23382795029362
0.6400000000000006 27.273627728875972
0.6500000000000004 27.18792457758635
0.6600000000000001 27.242926205920696
0.6699999999999999 27.438056924764574
0.6799999999999997 27.269494664241314
0.6899999999999995 27.23825701903882
0.6999999999999993 27.23618511311066
0.7100000000000009 27.272226032262417
0.7200000000000006 27.43576038755955
0.7300000000000004 27.414734557704158
0.7400000000000002 27.22047570548691
0.75 27.2216692675403
0.7599999999999998 27.24985197282508
0.7699999999999996 27.259244347464605
0.7799999999999994 27.42381523749716
0.7900000000000009 27.241138117818103
0.8000000000000007 27.22584419883666
0.8100000000000005 27.22960063921319
0.8200000000000003 27.215569244934247
0.8300000000000001 27.26077197867364
0.8399999999999999 27.283849570631567
0.8499999999999996 27.276391581475018
0.8599999999999994 27.22080032864426
0.870000000000001 27.278067148699613
0.8800000000000008 27.498465196873177
0.8900000000000006 27.47400708533987
0.9000000000000004 27.27554441438489
0.9100000000000001 27.256104168167788
0.9199999999999999 27.249600268624445
0.9299999999999997 27.27410514689553
0.9399999999999995 27.444012100889566
0.9499999999999993 27.486786356462893
0.9600000000000009 27.24723664347229
0.9700000000000006 27.340252038434485
0.9800000000000004 27.284664828926545
0.9900000000000002 27.279577203556066
1.0 27.241107557464534
1.0099999999999998 27.283936390311638
1.0199999999999996 27.231373703728725
1.0299999999999994 27.195265324878665
1.040000000000001 27.286267939018725
1.0500000000000007 27.293538517349887
1.0600000000000005 27.298128445246466
1.0700000000000003 27.198699201894502
1.08 27.21400973786406
1.0899999999999999 27.264356352115062
1.0999999999999996 27.453730991506923
1.1099999999999994 27.244366914820812
1.120000000000001 27.273714678643632
1.1300000000000008 27.28286835496329
1.1400000000000006 27.250804416073407
1.1500000000000004 27.22869665042843
1.1600000000000001 27.259481061736594
1.17 27.284613281518425
1.1799999999999997 27.257417107439757
1.1899999999999995 27.267463535358264
1.1999999999999993 27.244667355296343
1.2100000000000009 27.437182027699436
1.2200000000000006 27.297067907464942
1.2300000000000004 27.2009618888652
1.2400000000000002 27.157415423195435
1.25 27.24583953062902
1.2599999999999998 27.22844437163321
1.2699999999999996 27.12045894487848
1.2799999999999994 27.177138513625813
1.290000000000001 27.130496631250857
1.3000000000000007 27.116485341168072
1.3100000000000005 27.157055109921096
1.3200000000000003 27.137829252372732
1.33 27.14127145076702
1.3399999999999999 27.17346622085116
1.3499999999999996 27.064840813695696
1.3599999999999994 27.672054727037857
1.370000000000001 27.07272661037732
1.3800000000000008 27.066779152038517
1.3900000000000006 27.02948026867849
1.4000000000000004 27.03492419291095
1.4100000000000001 27.24687522059913
1.42 27.277448582451708
1.4299999999999997 27.399461140369933
1.4399999999999995 27.06419177213373
1.4499999999999993 27.01221960916187
1.4600000000000009 27.026128257271402
1.4700000000000006 27.039298184590976
1.4800000000000004 27.008275121861807
1.4900000000000002 26.98561460832382
1.5 27.034689775690197
1.5099999999999998 27.06033877907303
1.5199999999999996 27.092141315061237
1.5299999999999994 27.2609551569507
1.540000000000001 26.982939444962536
1.5500000000000007 26.986541447030817
1.5600000000000005 26.982089395348837
1.5700000000000003 27.02708698242307
1.58 26.9794729222221
1.5899999999999999 26.972886123361903
1.5999999999999996 26.988363936313277
1.6099999999999994 26.953441644120943
1.620000000000001 26.960156591287884
1.6300000000000008 26.945672795011802
1.6400000000000006 27.138100006799036
1.6500000000000004 27.081312225102742
1.6600000000000001 26.88375396135027
1.67 26.908046923900415
1.6799999999999997 26.912109162855977
1.6899999999999995 26.963975928606448
1.6999999999999993 26.87053773039164
1.7100000000000009 26.853862978371417
1.7200000000000006 26.838623238379938
1.7300000000000004 26.89871430325138
1.7400000000000002 26.838805269501663
1.75 26.815887403399014
1.7599999999999998 27.024500372916478
1.7699999999999996 26.97737286600179
1.7799999999999994 26.82655146298565
1.790000000000001 26.801689951166733
1.8000000000000007 26.804254247936793
1.8100000000000005 26.76566061432898
1.8200000000000003 26.768484191408614
1.83 26.75587455702596
1.8399999999999999 26.81799273963169
1.8499999999999996 26.756256616936096
1.8599999999999994 26.771027215889475
1.870000000000001 26.780239695642695
1.8800000000000008 26.81861840981189
1.8900000000000006 26.786514360905144
1.9000000000000004 26.70799542924324
1.9100000000000001 26.708539049886788
1.92 26.732326598444892
1.9299999999999997 26.69112697395321
1.9399999999999995 26.75179459694285
1.9499999999999993 26.71296486972371
1.9600000000000009 26.769971726531104
1.9700000000000006 26.708858365291356
1.9800000000000004 26.725992292859722
1.9900000000000002 26.979757161240137
2.0 26.766542192689283
2.01 26.733837932537153
2.0199999999999996 26.710093530310715
2.0299999999999994 26.700898561876194
2.040000000000001 26.711258936590383
2.0500000000000007 26.703084595889443
2.0600000000000005 26.680495781825826
2.0700000000000003 26.699608144052046
2.08 26.69989027753723
2.09 26.905793410826014
2.0999999999999996 26.719180186387362
2.1099999999999994 26.75827989818894
2.120000000000001 26.813715304073412
2.130000000000001 26.819198339809404
2.1400000000000006 26.90712845514868
2.1500000000000004 26.926823149137704
2.16 27.05595023968729
2.17 27.18850670288939
2.1799999999999997 27.367567739697183
2.1899999999999995 27.801854706709406
2.1999999999999993 27.873600681439015
2.210000000000001 28.2718163302174
2.2200000000000006 28.859854379024753
2.2300000000000004 29.174812912437197
2.24 30.07571600125893
2.25 30.460856897092317
2.26 31.478886713918904
2.2699999999999996 32.02273381349707
2.2799999999999994 32.91769912818597
2.290000000000001 33.82971625559012
2.3000000000000007 34.78962485192513
2.3100000000000005 35.7133364284948
2.3200000000000003 37.17992560040359
2.33 37.96126038336474
2.34 39.023341695864204
2.3499999999999996 40.20678903417681
2.3599999999999994 41.36261338205041
2.370000000000001 42.87156681031803
2.380000000000001 43.72854212980508
2.3900000000000006 45.0051056453882
2.4000000000000004 46.18939653161778
2.41 47.462242555828624
2.42 48.712734567726685
2.4299999999999997 50.336717922448194
2.4399999999999995 51.348037559592726
2.4499999999999993 52.725025280093064
2.460000000000001 54.10217349452841
2.4700000000000006 55.61351773315856
2.4800000000000004 57.09457203171054
2.49 58.62531310726068
2.5 60.30312654548064
2.51 61.9203536299014
2.5199999999999996 63.476718251933065
2.5299999999999994 65.32206154211086
2.540000000000001 67.02404626405324
2.5500000000000007 68.66621143289862
2.5600000000000005 70.37226006982007
2.5700000000000003 72.25501365373465
2.58 74.06561153429772
2.59 75.83950897822639
2.5999999999999996 77.67447379405009
2.6099999999999994 79.60482129535629
2.620000000000001 82.77606431436956
2.630000000000001 84.72333953508445
2.6400000000000006 87.04685171228198
2.6500000000000004 88.71974009356535
2.66 90.63096773619208
2.67 92.58746772377327
2.6799999999999997 94.50747029437102
2.6899999999999995 96.3524862794736
2.6999999999999993 98.363070795123
2.710000000000001 100.23772387059478
2.7200000000000006 102.08319121153731
2.7300000000000004 103.85752146954056
2.74 105.75822714528807
2.75 107.74794256275445
2.76 109.25829937850804
2.7699999999999996 111.20280422835762
2.7799999999999994 113.14334726052479
2.790000000000001 115.17569973933855
2.8000000000000007 117.27725803459401
2.8100000000000005 119.19063467344623
2.8200000000000003 121.27106706141377
2.83 123.2639215485911
2.84 125.29945097898693
2.8499999999999996 127.98001076236191
2.8599999999999994 129.9228440036561
2.870000000000001 131.64297358619274
2.880000000000001 133.41904751307607
2.8900000000000006 135.3918777434307
2.9000000000000004 137.25767746070565
2.91 139.17062800005837
2.92 141.11293948156742
2.9299999999999997 143.05608654495856
2.9399999999999995 145.1215841092906
2.9499999999999993 147.03119374234706
2.960000000000001 148.9323758709107
2.9700000000000006 150.9081904467964
2.9800000000000004 152.95560157295344
2.99 154.25207420537407
3.0 156.25963484376481
3.01 159.444719813503
3.0199999999999996 161.556470846526
3.0299999999999994 163.60230857749025
3.040000000000001 164.92544458934884
3.0500000000000007 167.00791120666435
3.0600000000000005 168.95645064767174
3.0700000000000003 171.11830569121042
3.08 173.09876568676455
3.09 175.1485379928531
3.0999999999999996 177.26330912055658
3.1099999999999994 179.2787399409745
3.120000000000001 181.41817675217303
3.130000000000001 183.44216893874093
3.1400000000000006 185.5733973303386
3.1500000000000004 187.73174077113214
3.16 189.6250351061194
3.17 191.4776210908355
3.1799999999999997 193.50169031341193
3.1899999999999995 195.7378892548987
3.1999999999999993 198.59445391492415
3.210000000000001 201.06404670754262
3.2200000000000006 203.2024427456834
3.2300000000000004 205.8408886802669
3.24 207.7474741068936
3.25 210.14697057817702
3.26 212.29506232182987
3.2699999999999996 214.53912709958658
3.2799999999999994 217.01995591337882
3.290000000000001 219.33074174830398
3.3000000000000007 221.64114216376277
3.3100000000000005 224.0229104600433
3.3200000000000003 226.2631280266203
3.33 228.74683490062455
3.34 230.9931782498484
3.3499999999999996 233.4289869535774
3.3599999999999994 235.73087686310933
3.370000000000001 240.34785024385403
3.380000000000001 242.7999020659969
3.3900000000000006 245.22023220332437
3.4000000000000004 247.6755771069915
3.41 250.1522730899437
3.42 252.64540254389314
3.4299999999999997 255.0480192079993
3.4399999999999995 257.55869728902763
3.4499999999999993 259.9285560278963
3.460000000000001 262.43575438204084
3.4700000000000006 264.83158746144693
3.4800000000000004 267.28511162353306
3.49 269.72250480429153
3.5 272.1531555243248
3.51 274.597414832433
3.5199999999999996 277.02920001713744
3.5299999999999994 279.45748966295076
3.540000000000001 281.9343913273955
3.5500000000000007 284.44129516239576
3.5600000000000005 286.9034120449066
3.5700000000000003 289.31286138329546
3.58 287.4863098581293
3.59 289.75822697320757
3.5999999999999996 292.10251691040844
3.6099999999999994 294.374872363739
3.620000000000001 296.61588746844393
3.630000000000001 298.9760071011659
3.6400000000000006 301.29919563637486
3.6500000000000004 303.6278897323511
3.66 305.8078708327281
3.67 308.1611580383978
3.6799999999999997 310.4580720588845
3.6899999999999995 312.7547268211879
3.6999999999999993 315.0809685689678
3.710000000000001 317.36223548851547
3.7200000000000006 319.6629940195072
3.7300000000000004 321.9574467645474
3.74 324.3521530408644
3.75 326.65789577428677
3.76 328.8396765078393
3.7699999999999996 331.091138217133
3.7799999999999994 333.3359777776655
3.790000000000001 335.64336478453185
3.8000000000000007 337.9266377528786
3.8100000000000005 340.18775833095094
3.8200000000000003 342.44233449088256
3.83 344.7102037770083
3.84 347.0105689412155
3.8499999999999996 349.29500062891407
3.8599999999999994 351.57087299237384
3.870000000000001 353.807993379933
3.880000000000001 356.031716904172
3.8900000000000006 358.28763464482813
3.9000000000000004 368.91002375772104
3.91 371.3010214894808
3.92 373.622567527367
3.9299999999999997 376.0471371985373
3.9399999999999995 378.30962393830686
3.9499999999999993 380.69106725200317
3.960000000000001 383.04313470465263
3.9700000000000006 385.3721729257468
3.9800000000000004 387.719664999162
3.99 390.005692514456
4.0 392.34798093065496
4.01 394.6481736290177
4.02 396.9705217226052
4.029999999999999 399.29198857332545
4.040000000000001 401.5805209835358
4.050000000000001 404.0197491569472
4.0600000000000005 406.31308788395876
4.07 408.5115599746879
4.08 410.8102587554944
4.09 412.947155939466
4.1 415.2058916145652
4.109999999999999 417.3466999995692
4.120000000000001 419.5234181323989
4.130000000000001 421.6577804974434
4.140000000000001 423.63680922375994
4.15 425.7717460331561
4.16 427.8978016234456
4.17 430.01489625857903
4.18 432.11022267936755
4.1899999999999995 434.2250987350811
4.199999999999999 436.3086985863377
4.210000000000001 438.39673893147324
4.220000000000001 440.41812631905754
4.23 442.5427988746669
4.24 444.5432987658241
4.25 446.58749005755504
4.26 448.55534400059497
4.27 450.5444843748711
4.279999999999999 452.5221029069606
4.290000000000001 454.3972432868395
4.300000000000001 456.35568033656574
4.3100000000000005 458.30119352542107
4.32 460.2185695889806
4.33 462.1736817061438
4.34 464.03553718147646
4.35 465.92193593296855
4.359999999999999 467.8151306145489
4.370000000000001 469.6397126041735
4.380000000000001 471.53055958918065
4.390000000000001 473.331905965248
4.4 475.16626942581416
4.41 476.8993478950539
4.42 478.4872047853238
4.43 479.9990033508639
4.4399999999999995 481.36835951788345
4.449999999999999 482.6693581848837
4.460000000000001 483.9091119023509
4.470000000000001 485.06930547722453
4.48 486.17072496273374
4.49 487.1016559295087
4.5 487.8806872777802
4.51 488.54222136641533
4.52 489.0129779413001
4.529999999999999 489.2422551866333
4.540000000000001 489.27445056563
4.550000000000001 489.10168026085375
4.5600000000000005 488.8408087264421
4.57 488.30204451553215
4.58 487.714337418979
4.59 486.97256878348287
4.6 485.9368173229286
4.609999999999999 484.9801047356249
4.620000000000001 483.87550306909094
4.630000000000001 482.7036733401887
4.640000000000001 481.50004158374236
4.65 480.14634856021377
4.66 478.76599474213685
4.67 477.30843480445577
4.68 475.7742525075957
4.6899999999999995 474.0780942181622
4.699999999999999 472.2964062516955
4.710000000000001 470.4106581848217
4.720000000000001 468.6072943663617
4.73 466.7961340122362
4.74 465.05816696772547
4.75 463.453742971692
4.76 461.8341504683984
4.77 460.22095224660114
4.779999999999999 458.657459381708
4.790000000000001 457.06779762985104
4.800000000000001 455.50103726322226
4.8100000000000005 453.9274584606097
4.82 452.3153566693954
4.83 450.7179540452866
4.84 449.11340958693046
4.85 447.4924870769775
4.859999999999999 445.86914210963556
4.870000000000001 444.25898948783015
4.880000000000001 442.62469782398034
4.890000000000001 440.95820032581906
4.9 439.33535350035686
4.91 437.7431111400548
4.92 436.16553823664003
4.93 434.61488303097207
4.9399999999999995 433.22397068504614
4.949999999999999 431.78758260502923
4.960000000000001 430.3646529456612
4.970000000000001 428.96279637146466
4.98 427.5725157172418
4.99 426.2254123946689
5.0 424.9055398863511
5.01 423.59273665780273
5.02 422.34102402135443
5.029999999999999 421.10969514847517
5.040000000000001 419.86625714939055
5.050000000000001 418.6674594762611
5.0600000000000005 417.4729705525118
5.07 416.333626433226
5.08 415.206621471258
5.09 414.09691051844226
5.1 413.0357731875663
5.109999999999999 411.96755103774285
5.120000000000001 410.91503971144755
5.130000000000001 409.849623623699
5.140000000000001 408.8610675031675
5.15 407.85513553076714
5.16 406.83584178870274
5.17 405.88273995339233
5.18 404.90177777423725
5.1899999999999995 403.9205089304305
5.199999999999999 391.5135102339084
5.210000000000001 390.63500541391596
5.220000000000001 389.7372340806181
5.23 388.8494409141217
5.24 387.96102540444485
5.25 387.0813401638111
5.26 386.24581583146096
5.27 385.3563351169031
5.279999999999999 384.46716894342103
5.290000000000001 383.670533913678
5.300000000000001 382.82634584831976
5.3100000000000005 382.0261160886306
5.32 381.1942161140599
5.33 380.39087170798234
5.34 379.6243062394313
5.35 378.8146849971025
5.359999999999999 378.0301539343551
5.370000000000001 377.25402801923644
5.380000000000001 376.55472458527925
5.390000000000001 375.7569971107755
5.4 375.16974941243865
5.41 374.47385229447934
5.420000000000002 373.73001429665777
5.43 372.963551173363
5.440000000000001 372.26632693220984
5.449999999999999 371.58068683502006
5.460000000000001 370.81525076737773
5.469999999999999 370.1089302889379
5.48 369.45537778494344
5.489999999999998 368.7446913661054
5.5 368.0180408489168
5.510000000000002 367.3840278963338
5.52 366.7043816257906
5.530000000000001 366.03534032159087
5.539999999999999 365.33174643266864
5.550000000000001 364.63232680691357
5.559999999999999 363.9450841621905
5.57 363.3219679057382
5.580000000000002 362.5953923353591
5.59 361.9539718117794
5.600000000000001 361.2275533216322
5.609999999999999 360.5799399523884
5.620000000000001 359.8869066389662
5.629999999999999 359.24036059305945
5.640000000000001 358.5376636091759
5.649999999999999 357.8681356626183
5.66 357.1631702500239
5.670000000000002 356.5034024520172
5.68 355.7987851693823
5.690000000000001 355.1651967010947
5.699999999999999 354.42746985152263
5.710000000000001 353.7730994156906
5.719999999999999 353.0339809005909
5.73 352.1454248829312
5.739999999999998 351.47285084617107
5.75 350.74356778886096
5.760000000000002 350.0372136849027
5.77 349.34975773547694
5.780000000000001 348.61558915449314
5.789999999999999 347.915589370107
5.800000000000001 347.2064208070193
5.809999999999999 346.4602524853726
5.82 345.7525960567543
5.830000000000002 356.2511401698112
5.84 355.4886241277087
5.850000000000001 354.70341862780333
5.859999999999999 354.01655000468674
5.870000000000001 353.2716336493879
5.879999999999999 352.5437177823185
5.890000000000001 351.775511733097
5.899999999999999 351.01818684112163
5.91 350.29582349612866
5.920000000000002 349.54525364206637
5.93 348.89347610679056
5.940000000000001 348.19337726104084
5.949999999999999 347.4224133426116
5.960000000000001 346.67357409004285
5.969999999999999 345.89736111253427
5.98 345.1262938216042
5.989999999999998 344.35097176110133
6.0 343.58949245669595
6.010000000000002 342.82486492627373
6.02 342.0648521269967
6.030000000000001 341.2730529992562
6.039999999999999 340.4898311818881
6.050000000000001 339.81196716707046
6.059999999999999 339.03039203144033
6.07 338.2681165854362
6.080000000000002 337.53411072166557
6.09 336.89510524893484
6.100000000000001 336.1502346083236
6.109999999999999 335.3721078559467
6.120000000000001 334.6480329550844
6.129999999999999 333.86333145432485
6.140000000000001 333.13344873053563
6.149999999999999 332.278417794237
6.16 331.5677628771654
6.170000000000002 330.7985137772209
6.18 330.01984001871216
6.190000000000001 329.27089218055465
6.199999999999999 328.53819303760827
6.210000000000001 327.7475416798992
6.219999999999999 327.0638177919991
6.23 326.27711763216496
6.239999999999998 325.4708317572866
6.25 324.67699203074034
6.260000000000002 323.90374797505416
6.27 323.10008379167385
6.280000000000001 322.2933250250395
6.289999999999999 321.4669396120169
6.300000000000001 320.63842888772825
6.309999999999999 319.8442029556735
6.32 318.9800248997188
6.330000000000002 318.19170744970154
6.34 317.3428211005879
6.350000000000001 316.4925378074566
6.359999999999999 315.65173639616916
6.370000000000001 314.7813428629217
6.379999999999999 313.8550960404871
6.390000000000001 313.00811188144104
6.399999999999999 312.13200920522405
6.41 311.2634000958819
6.420000000000002 310.3948712467149
6.43 309.4818405019942
6.440000000000001 308.62646645930556
6.449999999999999 307.7546841803808
6.460000000000001 306.82392650811823
6.469999999999999 305.9258715898983
6.48 305.0226803629855
6.489999999999998 304.1293295969123
6.5 303.22542477099375
6.510000000000002 302.294031438923
6.52 301.4204254576481
6.530000000000001 300.50423270300286
6.539999999999999 299.592346589757
6.550000000000001 298.69827858187875
6.559999999999999 297.8521535753247
6.57 296.83388892436966
6.580000000000002 295.90447560168303
6.59 295.0974288954122
6.600000000000001 294.1684693485385
6.609999999999999 293.2874533294509
6.620000000000001 292.3046225907356
6.629999999999999 291.37962726874815
6.640000000000001 290.46352370937694
6.649999999999999 289.4487901345358
6.66 288.55195066444213
6.670000000000002 287.40530321496175
6.68 286.4897415878037
6.690000000000001 285.5284750255037
6.699999999999999 284.59630057170256
6.710000000000001 283.6697715592128
6.719999999999999 282.6710185567746
6.73 281.73477023554756
6.739999999999998 280.78802726732107
6.75 279.81259860097634
6.760000000000002 278.864578790772
6.77 277.89295913218814
6.780000000000001 276.9276486602034
6.789999999999999 275.98226393555416
6.800000000000001 274.9735062891849
6.809999999999999 273.96524910158047
6.82 273.01581401917826
6.830000000000002 272.04114873419974
6.84 271.01452114734985
6.850000000000001 270.0700816266248
6.859999999999999 269.08568106884485
6.870000000000001 268.08019827976585
6.879999999999999 258.59109669884384
6.890000000000001 257.6476054830348
6.899999999999999 256.71487718678
6.91 255.7950129874346
6.920000000000002 254.86143639323424
6.93 253.94840094663934
6.940000000000001 253.00928867973886
6.949999999999999 252.12993266930175
6.960000000000001 251.23311221905175
6.969999999999999 250.29890860995022
6.98 249.4094316456774
6.989999999999998 248.47757029690237
7.0 247.59657877389887
7.010000000000002 246.66401140215234
7.02 245.79620449877558
7.030000000000001 244.89365430307384
7.039999999999999 243.99617917661388
7.050000000000001 243.09716597943168
7.059999999999999 242.19597824057334
7.07 241.31749791751014
7.080000000000002 240.42464975891193
7.09 239.5471325591687
7.100000000000001 238.6385367475957
7.109999999999999 237.78329575064868
7.120000000000001 236.93483656153603
7.129999999999999 236.0360711364062
7.140000000000001 235.21149233842476
7.149999999999999 234.38254146873786
7.16 233.54086563746438
7.170000000000002 232.65962647172233
7.18 231.78662906451382
7.190000000000001 230.9786078267378
7.199999999999999 230.0889067054626
7.210000000000001 229.2811468965519
7.219999999999999 228.4376636959922
7.23 227.6162552470471
7.239999999999998 226.75253976256346
7.25 225.8867309487245
7.260000000000002 225.08525616284282
7.27 224.24592537461203
7.280000000000001 223.370369049506
7.289999999999999 222.57043426910877
7.300000000000001 221.74540501837407
7.309999999999999 220.92557725701272
7.32 220.0883071589346
7.330000000000002 219.26488148267526
7.34 218.45629194468324
7.350000000000001 217.67374143979188
7.359999999999999 216.85902588188512
7.370000000000001 216.09181933498456
7.379999999999999 215.27548591241003
7.390000000000001 214.47076172758688
7.399999999999999 213.70091031596573
7.41 212.92222611150152
7.420000000000002 212.14904101882883
7.43 211.398109488349
7.440000000000001 210.6167546449413
7.449999999999999 209.8694688495297
7.460000000000001 209.08677317023412
7.469999999999999 208.3448105884074
7.48 207.62360204011222
7.489999999999998 206.8622654095318
7.5 206.15160022445093
7.510000000000002 205.4309487552755
7.52 204.74424416932203
7.530000000000001 204.04470093911607
7.539999999999999 203.32310406890184
7.550000000000001 202.66252023882333
7.559999999999999 201.9585355489537
7.57 201.3005803285726
7.580000000000002 200.597713371437
7.59 199.93289802860807
7.600000000000001 199.2602484448979
7.609999999999999 198.61001634224755
7.620000000000001 197.94097401818073
7.629999999999999 197.32234632902862
7.640000000000001 196.66876616262243
7.649999999999999 196.0277611520613
7.66 195.3603531734173
7.670000000000002 194.74226751147285
7.68 194.12979299453804
7.690000000000001 193.5431891756003
7.699999999999999 192.89237064904648
7.710000000000001 192.28525274156738
7.719999999999999 191.6958953377628
7.73 191.11300334451107
7.739999999999998 190.52384229484983
7.75 189.9563977136004
7.760000000000002 189.4039605597459
7.77 188.83207281649254
7.780000000000001 188.2795672427289
7.789999999999999 187.6949497448312
7.800000000000001 187.12470643130783
7.809999999999999 186.59110584457778
7.82 186.03996667859653
7.830000000000002 185.493801491649
7.84 184.9737623380081
7.850000000000001 184.40058407584246
7.859999999999999 183.893022531724
7.870000000000001 183.35052594010244
7.879999999999999 182.85488834478156
7.890000000000001 182.3108770926815
7.899999999999999 181.78729558583746
7.91 181.2559059419547
7.920000000000002 180.76915293611768
7.93 180.24517828217802
7.940000000000001 179.7755870763866
7.949999999999999 179.23223390730237
7.960000000000001 178.75963977000455
7.969999999999999 178.20374027833498
7.98 177.7406479029308
7.989999999999998 177.0826802530674
8.0 176.62974827816547
8.010000000000002 176.14888566082988
8.02 175.64457982453953
8.030000000000001 175.17378017096178
8.04 174.6823526566169
8.05 174.23430872941577
8.059999999999999 173.72197540368353
8.07 173.27382930346437
8.080000000000002 172.82043719076157
8.09 172.32641799793748
8.100000000000001 171.84564077400006
8.11 171.39051072488928
8.120000000000001 170.91463141995865
8.129999999999999 170.4499602293585
8.14 170.000784272741
8.149999999999999 169.55399165723273
8.16 169.10344170297918
8.170000000000002 168.59097665301206
8.18 168.14761708516866
8.190000000000001 167.70199707625454
8.2 167.26166339244702
8.21 166.79906016246935
8.219999999999999 166.30029897381448
8.23 165.90373261811445
8.239999999999998 165.4791274356443
8.25 165.00892675258518
8.260000000000002 164.4896371340672
8.27 164.1253410216496
8.280000000000001 163.59144903806595
8.29 163.15409017415516
8.3 162.70007836989515
8.309999999999999 162.23393806747703
8.32 161.78120696052616
8.330000000000002 161.3443443905541
8.34 160.85363753587234
8.350000000000001 160.31145969321034
8.36 159.91217496672334
8.370000000000001 159.4907399616348
8.379999999999999 159.01652664482737
8.39 158.56004418770624
8.399999999999999 158.01177785539653
8.41 157.6473870263502
8.420000000000002 157.16744028103085
8.43 156.7011206441809
8.440000000000001 156.169047722975
8.45 155.6906420442082
8.46 155.27275207497223
8.469999999999999 154.73835679203145
8.48 154.35851152781566
8.489999999999998 153.8519752134233
8.5 153.40958418501535
8.510000000000002 152.92614062701455
8.52 152.54419903716553
8.530000000000001 152.10886984551516
8.54 151.55119519762118
8.55 151.19969037490088
8.559999999999999 150.81922781550261
8.57 150.38059861396533
8.580000000000002 149.90809670044473
8.59 149.4611365726007
8.600000000000001 148.98720784173457
8.61 148.50964386351737
8.620000000000001 148.07272725867452
8.629999999999999 147.61512408841423
8.64 147.1584324915621
8.649999999999999 146.68092957418548
8.66 146.23023824809638
8.670000000000002 145.7477034561199
8.68 145.32388376862693
8.690000000000001 144.85159995685984
8.7 144.43819356539234
8.71 143.9052440312646
8.719999999999999 143.4919576189867
8.73 143.0467989111894
8.739999999999998 142.57174733537477
8.75 142.16542923558595
8.760000000000002 141.70842773833346
8.77 141.20315388606411
8.780000000000001 140.7610182386834
8.79 140.31250087785875
8.8 139.87032908942672
8.809999999999999 139.33390749574826
8.82 138.98337767064967
8.830000000000002 138.4712390500002
8.84 137.99835233862734
8.850000000000001 137.5272488560705
8.86 137.0571883576048
8.870000000000001 136.6698672532592
8.879999999999999 136.1554310124091
8.89 135.64644303533836
8.899999999999999 135.22364850850573
8.91 134.78829912055855
8.920000000000002 134.361860865243
8.93 133.80740690331115
8.940000000000001 133.34566488459663
8.95 132.9076443690931
8.96 132.44369047932267
8.969999999999999 131.99014793991608
8.98 131.54306506051282
8.989999999999998 131.07432499475502
9.0 130.66406604103548
9.010000000000002 130.18667812525513
9.02 129.7526164715555
9.030000000000001 129.26262687197715
9.04 128.84130451039312
9.05 128.37488949409314
9.059999999999999 127.9533723420323
9.07 127.55096035681434
9.080000000000002 127.00799811786689
9.09 126.49721020409763
9.100000000000001 126.07038386716403
9.11 125.6157594069258
9.120000000000001 125.19720984033054
9.129999999999999 124.68485660577147
9.14 124.23413358190439
9.149999999999999 123.79366083415087
9.16 123.4384084244665
9.170000000000002 122.92201785591723
9.18 122.49553417678293
9.190000000000001 122.10203687200465
9.2 121.66579941617192
9.21 121.22451877662036
9.219999999999999 120.78496368217787
9.23 120.2971718684938
9.239999999999998 119.795892226343
9.25 119.43976932876856
9.260000000000002 118.94935291675432
9.27 118.51082233260931
9.280000000000001 118.09323203734412
9.29 117.58254732368486
9.3 117.18933090709774
9.309999999999999 116.77039502393013
9.32 116.29742525228835
9.330000000000002 115.82369448639867
9.34 115.48878554636144
9.350000000000001 115.05233143699456
9.36 114.56074958853313
9.370000000000001 114.05497912325538
9.379999999999999 113.72677813036486
9.39 113.26481335030016
9.399999999999999 112.78798212693202
9.41 112.35814154491344
9.420000000000002 111.92377128498609
9.43 111.56230453056367
9.440000000000001 111.03178758952885
9.45 110.64481331822084
9.46 110.1478953368109
9.469999999999999 109.70392477820087
9.48 109.31060589947073
9.489999999999998 108.88412554857294
9.5 108.42655709803199
9.510000000000002 108.01165632452998
9.52 107.5595449085587
9.530000000000001 107.1754204996123
9.54 106.7184570266927
9.55 106.29453453102859
9.559999999999999 105.8861118182723
9.57 105.49616720116992
9.580000000000002 105.08073089083544
9.59 104.70456353182486
9.600000000000001 104.29968279907574
9.61 103.93402172099478
9.620000000000001 103.46118648307194
9.629999999999999 103.13080769984914
9.64 102.69129671130815
9.649999999999999 102.29141280111001
9.66 101.9828485549753
9.670000000000002 101.59271953561003
9.68 101.15254297159075
9.690000000000001 100.82206571088737
9.7 100.42822937925598
9.71 99.98496555945307
9.719999999999999 99.68075209178805
9.73 99.29652746048501
9.739999999999998 98.9141375858257
9.75 98.60426939090692
9.760000000000002 98.27957330893963
9.77 97.91395703752795
9.780000000000001 97.58526879348037
9.79 97.21729890600648
9.8 96.86999571358027
9.809999999999999 96.51164003828814
9.82 96.11632993633404
9.830000000000002 95.76908988546644
9.84 95.45827923232164
9.850000000000001 95.15325378808961
9.86 94.82258209757462
9.870000000000001 94.47968565680874
9.879999999999999 94.17334981351928
9.89 93.85646540238864
9.899999999999999 93.54416604605855
9.91 93.19671309969932
9.920000000000002 92.88250640785031
9.93 92.6671750993509
9.940000000000001 92.33744186920748
9.95 92.0378592242948
9.96 91.74149647235672
9.969999999999999 91.79709684894009
9.98 91.58374317299231
9.989999999999998 91.24253799983893
10.0 90.99906097633654
10.010000000000002 90.70208187727597
10.02 90.35066126891603
10.030000000000001 90.15711179129855
10.04 89.88450432955273
10.05 89.55687943343904
10.059999999999999 89.33108474420408
10.07 89.12416502633764
10.080000000000002 88.85320193962235
10.09 88.58422670227284
10.100000000000001 88.30937185929433
10.11 88.01396650649197
10.120000000000001 87.74971371396727
10.129999999999999 87.52945965221662
10.14 87.25988786956302
10.149999999999999 86.95579159177814
10.16 86.75665545994707
10.170000000000002 86.46793149755976
10.18 86.22326842693845
10.190000000000001 86.0445589751383
10.2 85.72501119495405
10.21 85.52047684640573
10.219999999999999 85.36285238242097
10.23 85.06514011785731
10.239999999999998 84.8046946619361
10.25 84.61307174234793
10.260000000000002 84.35984864206765
10.27 84.10925540984809
10.280000000000001 83.96896849481573
10.29 83.73391633271473
10.3 83.46156730059595
10.309999999999999 83.32247532826757
10.32 83.01901333248429
10.330000000000002 82.87622550205892
10.34 82.6034235207519
10.350000000000001 82.45701548471042
10.36 82.27939599262177
10.370000000000001 82.05683665157484
10.379999999999999 81.73557177148167
10.39 81.58120623125701
10.399999999999999 81.42731811314808
10.41 81.21812370070953
10.420000000000002 80.93291787401222
10.43 80.86283096251978
10.440000000000001 80.57538804142149
10.45 80.43449730572453
10.46 80.2002021571386
10.469999999999999 80.02847286051625
10.48 79.82687611000003
10.489999999999998 79.60373404983372
10.5 79.43350081980847
10.510000000000002 79.29983288334364
10.52 79.16348278083973
10.530000000000001 78.8730594866463
10.54 78.76092735342516
10.55 78.5924890897595
10.559999999999999 78.40293567866735
10.57 78.30065291911077
10.580000000000002 78.17739483640594
10.59 78.01286684313791
10.600000000000001 77.8158106646521
10.61 77.69474486214726
10.620000000000001 77.46668096022222
10.629999999999999 77.32326971742236
10.64 77.26123638175665
10.649999999999999 77.15241034543469
10.66 77.02039554536255
10.670000000000002 76.72191395394532
10.68 76.65407130519525
10.690000000000001 76.53836840554357
10.7 76.47175863361122
10.71 76.3562071096234
10.719999999999999 76.15044663927239
10.73 75.99992231829893
10.739999999999998 75.83656164730425
10.75 75.744428190032
10.760000000000002 75.5784920667649
10.77 75.48959702429026
10.780000000000001 75.26280806118977
10.79 75.20059075326967
10.8 75.10951746520662
10.809999999999999 74.99576573945755
10.82 74.87833537030802
10.830000000000002 74.72603625347413
10.84 74.57717274212042
10.850000000000001 74.4843647569972
10.86 74.38376426197857
10.870000000000001 74.29366266303381
10.879999999999999 74.09901663576926
10.89 74.01692069399193
10.899999999999999 73.96105624250333
10.91 73.82484321125723
10.920000000000002 73.73048152073693
10.93 73.749607681417
10.940000000000001 73.6364614108802
10.95 73.48960697502702
10.96 73.32814841459702
10.969999999999999 73.27035051752384
10.98 73.21910696766957
10.989999999999998 73.1020551479015
11.0 72.93420967681774
11.010000000000002 72.79351012254995
11.02 72.75203099005478
11.030000000000001 72.61017640115293
11.04 72.51243216204793
11.05 72.46878497660501
11.059999999999999 72.2409372767929
11.07 72.21046252363142
11.080000000000002 72.04145774173038
11.09 71.96502425415193
11.100000000000001 71.91086268914273
11.11 71.66455828605311
11.120000000000001 71.55747825933992
11.129999999999999 71.51879520604479
11.14 71.37816417415729
11.149999999999999 71.26891281678161
11.16 71.20892001064163
11.170000000000002 71.13504879162468
11.18 71.01487296052173
11.190000000000001 70.83297791977523
11.2 70.78298669757142
11.21 70.68884954224612
11.219999999999999 70.57234389293768
11.23 70.4400015690185
11.239999999999998 70.36132497972571
11.25 70.23944757941464
11.260000000000002 70.18535340769856
11.27 70.0819009999223
11.280000000000001 69.8718163658379
11.29 69.76839815746237
11.3 69.69345178240438
11.309999999999999 69.54825899372297
11.32 69.5267073432426
11.330000000000002 69.34773637414501
11.34 69.24228919402353
11.350000000000001 69.18222128156349
11.36 69.13783344791457
11.370000000000001 69.02631231572232
11.379999999999999 69.02664038442217
11.39 68.86711952178857
11.399999999999999 68.78615928626024
11.41 68.688661033838
11.420000000000002 68.6463490831915
11.43 68.59996831140751
11.440000000000001 68.52862653520981
11.45 68.4254272942876
11.46 68.3156137098191
11.469999999999999 68.293515934192
11.48 68.16394494458021
11.489999999999998 68.17576413254145
11.5 68.18877662044964
11.510000000000002 68.04428181217239
11.52 67.97617611979449
11.530000000000001 67.94154809462499
11.54 67.9308025369976
11.55 67.7372028970583
11.559999999999999 67.75688909205677
11.57 67.62639324875316
11.580000000000002 67.63738503742725
11.59 67.6812185600995
11.600000000000001 67.57319773922151
11.61 67.5141394551043
11.620000000000001 67.45614134275307
11.629999999999999 67.42255822220838
11.64 67.3794408268028
11.649999999999999 67.29570680760884
11.66 67.2435992998403
11.670000000000002 67.12472214018266
11.68 67.0877474628742
11.690000000000001 67.0092038874142
11.7 66.98859973623772
11.71 66.95301221153088
11.719999999999999 66.94572847594557
11.73 66.86874419680233
11.739999999999998 66.73847050313454
11.75 66.71702116652258
11.760000000000002 66.70109481550746
11.77 66.57184948000916
11.780000000000001 66.59764239467908
11.79 66.48995702207169
11.8 66.37112684623872
11.809999999999999 66.34318358907015
11.82 66.40508285191962
11.830000000000002 66.36132105710313
11.84 66.20343765142682
11.850000000000001 66.14638607877951
11.86 66.129890381964
11.870000000000001 66.09824086218686
11.879999999999999 66.07166763570423
11.89 65.85224132150856
11.899999999999999 65.81686931247552
11.91 65.97507106556913
11.920000000000002 65.8310292271733
11.93 65.784780439907
11.940000000000001 65.6966381614381
11.95 65.57712062974299
11.96 65.55249003360768
11.969999999999999 65.51712416004133
11.98 65.44555081401917
11.989999999999998 65.35335855904974
12.0 65.25108632880799
12.010000000000002 65.21553774441972
12.02 65.21423826349772
12.030000000000001 65.1728702529593
12.04 65.12260640950217
12.05 65.06552850953244
12.059999999999999 65.06382588816535
12.07 64.9854853680835
12.080000000000002 64.94823990531424
12.09 64.86351737550376
12.100000000000001 64.82868691445267
12.11 64.81143450882577
12.120000000000001 64.74874333310046
12.129999999999999 64.7813070167283
12.14 64.74547753444668
12.149999999999999 64.70819954800574
12.16 64.75746702504065
12.170000000000002 64.77885295703659
12.18 64.73279282045456
12.190000000000001 64.7422419641731
12.2 64.66523356429929
12.21 64.70253238575245
12.219999999999999 64.61287399128815
12.23 64.57629583930455
12.239999999999998 64.65613135111263
12.25 64.60881434224552
12.260000000000002 64.53843291357471
12.27 64.55880508664565
12.280000000000001 64.63444278746489
12.29 64.64090307645854
12.3 64.50690769157234
12.309999999999999 64.48736455746419
12.32 64.50084705186833
12.330000000000002 64.55660798648289
12.34 64.41980121494356
12.350000000000001 64.46762255946292
12.36 64.42952346471526
12.370000000000001 64.38901598459555
12.379999999999999 64.40328045168197
12.39 64.36423007423576
12.399999999999999 64.37333692791746
12.41 64.325342757121
12.420000000000002 64.37087955525088
12.43 64.27485027691444
12.440000000000001 64.25343213783776
12.45 64.192222783171
12.46 64.17199728288851
12.469999999999999 64.22687653842317
12.48 64.11874170494833
12.489999999999998 64.18254363136671
12.5 64.08339116791734
12.510000000000002 64.20793628532068
12.52 64.12613808866499
12.530000000000001 64.144269944245
12.54 64.0910836591001
12.55 64.13007432669552
12.559999999999999 64.11911844497634
12.57 64.12240575227042
12.580000000000002 64.14921400712058
12.59 64.11531095739784
12.600000000000001 64.07695449410218
12.61 63.97117443886245
12.620000000000001 64.02712143577003
12.629999999999999 64.0498316395463
12.64 64.03481846388358
12.649999999999999 64.05030310510651
12.66 63.97647529968118
12.670000000000002 63.95476430560673
12.68 64.01656336981675
12.690000000000001 64.03830426450213
12.7 63.94797960524373
12.71 63.90523254974164
12.719999999999999 63.95568264575178
12.73 63.897538543160195
12.739999999999998 63.91200380500439
12.75 63.987911556837005
12.760000000000002 63.866071466483525
12.77 63.8382113176052
12.780000000000001 63.89605133119598
12.79 63.90412986538546
12.8 63.793690542669815
12.809999999999999 63.83825846331731
12.82 63.898516640787925
12.830000000000002 63.83633111308548
12.84 63.86196067427725
12.850000000000001 63.82138559378029
12.86 63.818596161070175
12.870000000000001 63.79955787371713
12.879999999999999 63.84135124379546
12.89 63.7882139400829
12.899999999999999 63.76337244738248
12.91 63.74463163863654
12.920000000000002 63.78079607356507
12.93 63.72305696480829
12.940000000000001 63.75251659432105
12.95 63.783593029670044
12.96 63.702386249971994
12.969999999999999 63.73994977162707
12.98 63.71223870065546
12.989999999999998 63.636654018451274
13.0 63.65895540094956
13.010000000000002 63.67078348724722
13.02 63.721327098015394
13.030000000000001 63.651268680969835
13.04 63.606284408687884
13.05 63.64207172756514
13.059999999999999 63.66715371562658
13.07 63.5960224337436
13.080000000000002 63.58558478296406
13.09 63.56662727362466
13.100000000000001 63.57651900266875
13.11 63.549426713926266
13.120000000000001 63.545917846956094
13.129999999999999 63.41764572602406
13.14 63.38125346538724
13.149999999999999 63.38267675410785
13.16 63.367170749877545
13.170000000000002 63.268308157739284
13.18 63.31857144405659
13.190000000000001 63.280825067139304
13.2 63.5922465967065
13.21 63.50625765832385
13.219999999999999 63.492449889591455
13.23 63.4339904085308
13.239999999999998 63.45236740666929
13.25 63.32691158454182
13.260000000000002 63.38769074918872
13.27 63.4093284350024
13.280000000000001 63.33287314317703
13.29 63.35368975683573
13.3 63.30511301531848
13.309999999999999 63.307211222826226
13.32 63.18012724094359
13.330000000000002 63.20305553157141
13.34 63.12148734086127
13.350000000000001 63.09906790861828
13.36 63.19035729822773
13.370000000000001 63.116685596258385
13.379999999999999 63.084114108045185
13.39 63.02057314630055
13.399999999999999 63.04902251871631
13.41 63.05787492062134
13.420000000000002 62.97181890093303
13.43 62.9322101832226
13.440000000000001 62.962695659625616
13.45 62.963997937039224
13.46 62.9449736387369
13.469999999999999 62.89853107457133
13.48 62.92249816997756
13.489999999999998 62.85990544080078
13.5 62.82622892289529
13.510000000000002 62.80181514009808
13.52 62.84033504222663
13.530000000000001 62.81796097750939
13.54 62.785335992084754
13.55 62.78805575967783
13.559999999999999 62.792948481850175
13.57 62.741464225876534
13.580000000000002 62.676203994408525
13.59 62.611999246525045
13.600000000000001 62.66987306359974
13.61 62.59837828936211
13.620000000000001 62.60947230399845
13.629999999999999 62.527293267848464
13.64 62.57004023690223
13.649999999999999 62.53809178944622
13.66 62.51059644912468
13.670000000000002 62.50002854059119
13.68 62.44526250686742
13.690000000000001 62.48498707676013
13.7 62.439823005414624
13.71 62.402355609116384
13.719999999999999 62.363352047354674
13.73 62.35429012588485
13.739999999999998 62.365824617079504
13.75 62.292721881032065
13.760000000000002 62.26931124657381
13.77 62.23153777384461
13.780000000000001 62.17006276123228
13.79 62.14195677671345
13.8 62.09182166135348
13.809999999999999 62.08241272110216
13.82 62.03682574187287
13.830000000000002 62.0255692371547
13.84 61.959036014928486
13.850000000000001 61.98486616147484
13.86 61.92282734423421
13.870000000000001 61.76221770634811
13.879999999999999 61.78355833738244
13.89 61.67175036265647
13.899999999999999 61.76917342500193
13.91 61.690923839605105
13.920000000000002 61.54722006164629
13.93 61.544757889562334
13.940000000000001 61.514004517988084
13.95 61.496152981970354
13.96 61.429703760566305
13.969999999999999 61.46440013770677
13.98 61.43476364921021
13.989999999999998 61.415584187765674
14.0 61.25718574997599
14.010000000000002 61.343734081934045
14.02 61.30115073641563
14.030000000000001 61.18880080685826
14.04 61.154949153600086
14.05 61.236967869207184
14.059999999999999 61.185162924889184
14.07 61.09029589074074
14.080000000000002 61.07091025698749
14.09 61.16191221026867
14.100000000000001 61.03150178236594
14.11 61.022774537048704
14.120000000000001 60.98693163135968
14.129999999999999 60.96247148068227
14.14 60.98627282839373
14.149999999999999 60.98502381042799
14.16 60.95307071393053
14.170000000000002 60.97268087827816
14.18 60.933954555144226
14.190000000000001 60.87425899184072
14.2 60.90364539568509
