%x y
0.0 -0.0646600658862247
0.009999999999999787 -0.0645265970598271
0.019999999999999574 -0.0646049424085364
0.02999999999999936 -0.0646815505270558
0.03999999999999915 -0.0647057972041325
0.049999999999998934 -0.0647205106015702
0.05999999999999872 -0.0645426646640407
0.07000000000000028 -0.0645149934090749
0.08000000000000007 -0.0645212957458216
0.08999999999999986 -0.0644274244775696
0.09999999999999964 -0.064275016374861
0.10999999999999943 -0.0643141140273634
0.11999999999999922 -0.0643173797041425
0.129999999999999 -0.0643342387608354
0.1399999999999988 -0.064175832367878
0.14999999999999858 -0.0643147528963709
0.16000000000000014 -0.0643122842571941
0.16999999999999993 -0.064302354097511
0.17999999999999972 -0.0643257754032356
0.1899999999999995 -0.0644315635514986
0.1999999999999993 -0.0645132848251217
0.20999999999999908 -0.0643367041519949
0.21999999999999886 -0.06441335912345
0.22999999999999865 -0.0642861293101338
0.2400000000000002 -0.0643940638789851
0.25 -0.0642772276210001
0.2599999999999998 -0.064085582160382
0.2699999999999996 -0.0640308998434575
0.27999999999999936 -0.0638548733430004
0.28999999999999915 -0.0637565677037803
0.29999999999999893 -0.0637675467269603
0.3099999999999987 -0.0637064458651715
0.3200000000000003 -0.0636708637838561
0.33000000000000007 -0.0635829300312111
0.33999999999999986 -0.0635866236610478
0.34999999999999964 -0.0634163408046278
0.35999999999999943 -0.0634039249462606
0.3699999999999992 -0.0634341054804894
0.379999999999999 -0.0633591581105826
0.3899999999999988 -0.0634275949872724
0.3999999999999986 -0.063420495998107
0.41000000000000014 -0.0632706019982165
0.41999999999999993 -0.0632428135818033
0.4299999999999997 -0.0631244051623108
0.4399999999999995 -0.0631096856144471
0.4499999999999993 -0.0630349049270204
0.4599999999999991 -0.0629666446205028
0.46999999999999886 -0.0629079826000149
0.47999999999999865 -0.0627364203777039
0.4900000000000002 -0.0626540267948169
0.5 -0.0625424871269835
0.5099999999999998 -0.0625215702364327
0.5199999999999996 -0.0624244674684736
0.5299999999999994 -0.0624399034134734
0.5399999999999991 -0.0624904541738228
0.5499999999999989 -0.0623157472062092
0.5599999999999987 -0.0623490735173884
0.5700000000000003 -0.0622674762007102
0.5800000000000001 -0.0622475396402145
0.5899999999999999 -0.0621992871279877
0.5999999999999996 -0.0622155998328812
0.6099999999999994 -0.0622079860149625
0.6199999999999992 -0.0620817302957057
0.629999999999999 -0.0621888738682804
0.6399999999999988 -0.0620998556021573
0.6499999999999986 -0.0620961070752893
0.6600000000000001 -0.0619477604317088
0.6699999999999999 -0.0619475879183933
0.6799999999999997 -0.0619934078634031
0.6899999999999995 -0.0620983702895974
0.6999999999999993 -0.0620804781762088
0.7099999999999991 -0.0620967568639917
0.7199999999999989 -0.0620822887519748
0.7299999999999986 -0.0619452551788072
0.7400000000000002 -0.0619349823587907
0.75 -0.0618906580119034
0.7599999999999998 -0.0618049229704774
0.7699999999999996 -0.0616539767587319
0.7799999999999994 -0.0617140758421248
0.7899999999999991 -0.0616990422251474
0.7999999999999989 -0.0616466923643993
0.8099999999999987 -0.0615167533691247
0.8200000000000003 -0.0615127822911672
0.8300000000000001 -0.0614960415228074
0.8399999999999999 -0.0615778287635693
0.8499999999999996 -0.0612431689895622
0.8599999999999994 -0.0612545377797617
0.8699999999999992 -0.0612329664055679
0.879999999999999 -0.061221038341316
0.8899999999999988 -0.0611601526830593
0.8999999999999986 -0.0611320413617385
0.9100000000000001 -0.0610999849301315
0.9199999999999999 -0.0610828285603466
0.9299999999999997 -0.0610562063544705
0.9399999999999995 -0.0610677174395382
0.9499999999999993 -0.0612024669896679
0.9599999999999991 -0.0612788131336035
0.9699999999999989 -0.0611442692290283
0.9799999999999986 -0.0611571912545001
0.9900000000000002 -0.0612050695259865
1.0 -0.0611875268385205
1.0099999999999998 -0.061171337278839
1.0199999999999996 -0.0610851109018953
1.0299999999999994 -0.061147933560593
1.0399999999999991 -0.0610837104465381
1.049999999999999 -0.061197442125341
1.0599999999999987 -0.0608869844346357
1.0700000000000003 -0.0609373521201569
1.08 -0.0609298634315032
1.0899999999999999 -0.0609760601098287
1.0999999999999996 -0.0609702668202039
1.1099999999999994 -0.0609719838809489
1.120000000000001 -0.0610553094909012
1.129999999999999 -0.0611345592840348
1.1400000000000006 -0.061079613711556
1.1499999999999986 -0.0612617961294826
1.1600000000000001 -0.061313548020038
1.1699999999999982 -0.0613007631588349
1.1799999999999997 -0.0612709910831884
1.1899999999999977 -0.0613578694450656
1.1999999999999993 -0.0613973057451081
1.2100000000000009 -0.0614689395388769
1.2199999999999989 -0.0615154640630715
1.2300000000000004 -0.0613440758234717
1.2399999999999984 -0.061554873546021
1.25 -0.0616569971255948
1.259999999999998 -0.0615584834265503
1.2699999999999996 -0.0616150633119813
1.2800000000000011 -0.061739199863827
1.2899999999999991 -0.0616689029845583
1.3000000000000007 -0.0619268818785218
1.3099999999999987 -0.0619316014599867
1.3200000000000003 -0.0621392671480998
1.3299999999999983 -0.0622258693321532
1.3399999999999999 -0.0621944476749431
1.3499999999999979 -0.0622184898468872
1.3599999999999994 -0.0622031651256596
1.370000000000001 -0.0624224626193649
1.379999999999999 -0.062262502385303
1.3900000000000006 -0.0623799912662819
1.3999999999999986 -0.0624373283291867
1.4100000000000001 -0.0624295450610645
1.4199999999999982 -0.0625588461616294
1.4299999999999997 -0.0625978259484217
1.4399999999999977 -0.0626277784884337
1.4499999999999993 -0.0627550075516114
1.4600000000000009 -0.0629633623180879
1.4699999999999989 -0.0629674163432739
1.4800000000000004 -0.0630753700816473
1.4899999999999984 -0.0632289792995606
1.5 -0.0631950174324986
1.509999999999998 -0.0631793352562064
1.5199999999999996 -0.0632367597496552
1.5300000000000011 -0.0633014878418813
1.5399999999999991 -0.0631400377191893
1.5500000000000007 -0.0631687754954941
1.5599999999999987 -0.0630364587992704
1.5700000000000003 -0.0630455279095073
1.5799999999999983 -0.0631555980053315
1.5899999999999999 -0.0631455732479713
1.5999999999999979 -0.0632010555535894
1.6099999999999994 -0.0631439410242891
1.620000000000001 -0.0631284244104129
1.629999999999999 -0.0632954987387375
1.6400000000000006 -0.0633229403326748
1.6499999999999986 -0.0633577393339691
1.6600000000000001 -0.0635685797740996
1.6699999999999982 -0.0636497859025972
1.6799999999999997 -0.063754558786227
1.6899999999999977 -0.0636868879312917
1.6999999999999993 -0.0638194187255893
1.7100000000000009 -0.0636818106968361
1.7199999999999989 -0.063630752537961
1.7300000000000004 -0.0637711404314079
1.7399999999999984 -0.0637984577897579
1.75 -0.0638135807153391
1.759999999999998 -0.0638658045548174
1.7699999999999996 -0.0639880440865128
1.7800000000000011 -0.0640608755279182
1.7899999999999991 -0.064110061968312
1.8000000000000007 -0.064127411855281
1.8099999999999987 -0.0641111385744904
1.8200000000000003 -0.0642022720521917
1.8299999999999983 -0.0642215741974786
1.8399999999999999 -0.064439806578143
1.8499999999999979 -0.0644247041510687
1.8599999999999994 -0.0645196562887722
1.870000000000001 -0.0645483864160204
1.879999999999999 -0.0646157756706365
1.8900000000000006 -0.0648651318901545
1.8999999999999986 -0.064845199322916
1.9100000000000001 -0.0648049505809119
1.9199999999999982 -0.0648848128465181
1.9299999999999997 -0.0649119762429775
1.9399999999999977 -0.0651157128141818
1.9499999999999993 -0.0649175505654276
1.9600000000000009 -0.0649564927021872
1.9699999999999989 -0.0651724830375819
1.9800000000000004 -0.065371701242608
1.9899999999999984 -0.0652575495590044
2.0 -0.0654095569596081
2.009999999999998 -0.0654452969949703
2.0199999999999996 -0.0655877856980702
2.030000000000001 -0.06567301430214
2.039999999999999 -0.0657559576987433
2.0500000000000007 -0.065732625247483
2.0599999999999987 -0.0658558060101604
2.0700000000000003 -0.0657093443921211
2.0799999999999983 -0.0659293150726793
2.09 -0.0658967193295018
2.099999999999998 -0.0659953482452384
2.1099999999999994 -0.0658822612489524
2.120000000000001 -0.0658720617445895
2.129999999999999 -0.0658438214560139
2.1400000000000006 -0.0659728057114259
2.1499999999999986 -0.0660036581139252
2.16 -0.0658858412145295
2.169999999999998 -0.0659375746514433
2.1799999999999997 -0.0659915447013309
2.1899999999999977 -0.0658272537389889
2.1999999999999993 -0.0657372781580218
2.210000000000001 -0.0655157532815511
2.219999999999999 -0.0653332651904478
2.2300000000000004 -0.065098476459846
2.2399999999999984 -0.0646092963941789
2.25 -0.0642464427748837
2.259999999999998 -0.0639081807091003
2.2699999999999996 -0.0634004705364592
2.280000000000001 -0.0628887042805193
2.289999999999999 -0.0623803151738345
2.3000000000000007 -0.0619997122605469
2.3099999999999987 -0.0612547533720586
2.3200000000000003 -0.0607731638827207
2.3299999999999983 -0.0602255014681215
2.34 -0.0595832106565481
2.349999999999998 -0.0588581215895161
2.3599999999999994 -0.0583235687505071
2.370000000000001 -0.0575009029511068
2.379999999999999 -0.0570146163647481
2.3900000000000006 -0.0560684511813569
2.3999999999999986 -0.0556286160783202
2.41 -0.0547528060305851
2.419999999999998 -0.0539333431975038
2.4299999999999997 -0.0530846622532928
2.4399999999999977 -0.052312187998278
2.4499999999999993 -0.0514287759002948
2.460000000000001 -0.0507035083946588
2.469999999999999 -0.0496599730602245
2.4800000000000004 -0.0489747393376674
2.4899999999999984 -0.0479957641679525
2.5 -0.0470562276219336
2.509999999999998 -0.0463639079317879
2.5199999999999996 -0.045209035981004
2.530000000000001 -0.0446433169034951
2.539999999999999 -0.043544407466267
2.5500000000000007 -0.0426403847430742
2.5599999999999987 -0.0417235281630118
2.5700000000000003 -0.04078402743099
2.5799999999999983 -0.0397887181088239
2.59 -0.0389843936434897
2.599999999999998 -0.0373731857998486
2.6099999999999994 -0.0364016162329903
2.620000000000001 -0.0355930557592584
2.629999999999999 -0.0357265812509616
2.6400000000000006 -0.0344358685553703
2.6499999999999986 -0.0329400460165085
2.66 -0.031816616887586
2.669999999999998 -0.0306135318078264
2.6799999999999997 -0.0297779088642482
2.6899999999999977 -0.0289518017216343
2.6999999999999993 -0.0281623266479811
2.710000000000001 -0.026960707571684
2.719999999999999 -0.0262085854129175
2.7300000000000004 -0.0251269337639958
2.7399999999999984 -0.0245980547046024
2.75 -0.0237126356819162
2.759999999999998 -0.022754182015536
2.7699999999999996 -0.0216415356530289
2.780000000000001 -0.0206234896832666
2.789999999999999 -0.0197914994015324
2.8000000000000007 -0.0191613723324955
2.8099999999999987 -0.0181738018030704
2.8200000000000003 -0.0173461265305064
2.8299999999999983 -0.0160891617583489
2.84 -0.0151678191207413
2.849999999999998 -0.0145678348939882
2.8599999999999994 -0.013630452283493
2.870000000000001 -0.012602693950674
2.879999999999999 -0.0118818016977155
2.8900000000000006 -0.0105370854931792
2.8999999999999986 -0.0096594639702023
2.91 -0.0090695251789597
2.919999999999998 -0.0082308199029124
2.9299999999999997 -0.0072160099496697
2.9399999999999977 -0.0060759555145636
2.9499999999999993 -0.0052939250201643
2.960000000000001 -0.0048159224125153
2.969999999999999 -0.0036276898081357
2.9800000000000004 -0.0027837100920442
2.9899999999999984 -0.0017514802887945
3.0 -0.0007453998986209
3.009999999999998 3.503805573645351e-05
3.0199999999999996 0.0009513683634985
3.030000000000001 0.0017944383705503
3.039999999999999 0.0029314041452552
3.0500000000000007 0.0040829138642184
3.0599999999999987 0.0045807714892108
3.0700000000000003 0.0057126716916419
3.0799999999999983 0.0062180307405778
3.09 0.0071316514715135
3.099999999999998 0.0086060283247632
3.1099999999999994 0.0091945947965197
3.120000000000001 0.0102652477008603
3.129999999999999 0.0109291524687613
3.1400000000000006 0.0117096081473565
3.1499999999999986 0.0130215608173627
3.16 0.0139011264083302
3.169999999999998 0.0148634990093527
3.1799999999999997 0.0156700135246241
3.1899999999999977 0.0165569549294861
3.1999999999999993 0.0173511462087177
3.210000000000001 0.0185719285690793
3.219999999999999 0.0195460371612023
3.2300000000000004 0.020502045332986
3.2399999999999984 0.0210881803287942
3.25 0.0220695263514437
3.259999999999998 0.0229942231631211
3.2699999999999996 0.024116250232166
3.280000000000001 0.0251688251847187
3.289999999999999 0.0260402168970565
3.3000000000000007 0.0271996906278982
3.3099999999999987 0.0282403883653843
3.3200000000000003 0.0291107574880166
3.3299999999999983 0.030255635456712
3.34 0.0312503919499892
3.349999999999998 0.0323989985398053
3.3599999999999994 0.0332943088754819
3.370000000000001 0.0342348327608237
3.379999999999999 0.0354777042905819
3.3900000000000006 0.0364765532925263
3.3999999999999986 0.0375177388274339
3.41 0.0386502924619587
3.419999999999998 0.0397834171727742
3.4299999999999997 0.0409929285075833
3.4399999999999977 0.0419167460994596
3.4499999999999993 0.0430643907323714
3.460000000000001 0.0442928288390566
3.469999999999999 0.0454767006437369
3.4800000000000004 0.0465768560807267
3.4899999999999984 0.0479496678146632
3.5 0.0491764864956818
3.509999999999998 0.0504141358740119
3.5199999999999996 0.0515141231000183
3.530000000000001 0.052528470659185
3.539999999999999 0.0539314904809851
3.5500000000000007 0.0550892552374227
3.5599999999999987 0.0561640097796069
3.5700000000000003 0.0576281522126913
3.5799999999999983 0.0589646653892949
3.59 0.060287201343212
3.599999999999998 0.0613962901520604
3.6099999999999994 0.0627859043643818
3.620000000000001 0.0642367116808873
3.629999999999999 0.0655903548247295
3.6400000000000006 0.0669614928569284
3.6499999999999986 0.0684477343134865
3.66 0.0697020503700797
3.669999999999998 0.0711066685078238
3.6799999999999997 0.0724467476877547
3.6899999999999977 0.0740202868218473
3.6999999999999993 0.0753526420275366
3.710000000000001 0.0769556053886237
3.719999999999999 0.0784226380788977
3.7300000000000004 0.0798090583312308
3.7399999999999984 0.0814553923920827
3.75 0.082700348328864
3.759999999999998 0.084326076997977
3.7699999999999996 0.0858526766814322
3.780000000000001 0.0872739262767616
3.789999999999999 0.0889853327203692
3.8000000000000007 0.0906312392611551
3.8099999999999987 0.0920540503269115
3.8200000000000003 0.0937328495853336
3.8299999999999983 0.0952387538562518
3.84 0.0968194790852851
3.849999999999998 0.0984920248684761
3.8599999999999994 0.1000805351289548
3.870000000000001 0.101698529917744
3.879999999999999 0.1034420678902952
3.8900000000000006 0.1050992655828026
3.8999999999999986 0.1067655001133431
3.91 0.1088385125307021
3.919999999999998 0.1106419363270601
3.9299999999999997 0.1124906072009714
3.9399999999999977 0.114468024919071
3.9499999999999993 0.1162905775928519
3.960000000000001 0.1178477781429464
3.969999999999999 0.1200395124699905
3.9800000000000004 0.1218403937082816
3.9899999999999984 0.123595779433416
4.0 0.1257910012814621
4.009999999999998 0.12798704336498
4.02 0.1298287234363082
4.030000000000001 0.1318543585826942
4.039999999999999 0.1340235963367958
4.050000000000001 0.1360867358680314
4.059999999999999 0.1380133835665924
4.07 0.1405496747740353
4.079999999999998 0.1427445913057221
4.09 0.1449187633839208
4.099999999999998 0.1470609547658709
4.109999999999999 0.1495155923737222
4.120000000000001 0.151497421818116
4.129999999999999 0.1538210151099613
4.140000000000001 0.15617487051135
4.149999999999999 0.1587937268022518
4.16 0.1611643189775073
4.169999999999998 0.1634264378750173
4.18 0.1658306690182055
4.189999999999998 0.1683939765079347
4.199999999999999 0.1708840941085564
4.210000000000001 0.1731287091447486
4.219999999999999 0.1757609427916054
4.23 0.1785544764707956
4.239999999999998 0.1811618262714383
4.25 0.1836331517381382
4.259999999999998 0.1861733244276619
4.27 0.1887516879022329
4.280000000000001 0.1914711273636807
4.289999999999999 0.1943802849040727
4.300000000000001 0.1971467118214347
4.309999999999999 0.1997524792504899
4.32 0.202218091895939
4.329999999999998 0.2049985590175299
4.34 0.2079632626852
4.349999999999998 0.2107884818186472
4.359999999999999 0.2137091417472607
4.370000000000001 0.216294003201547
4.379999999999999 0.2190152359392874
4.390000000000001 0.2217775008064628
4.399999999999999 0.2247397325799826
4.41 0.2275636253809071
4.419999999999998 0.2305010896615366
4.43 0.2332013268151046
4.439999999999998 0.2355711510688827
4.449999999999999 0.2378561683581698
4.460000000000001 0.2404861711293041
4.469999999999999 0.2426879053936876
4.48 0.2449283628373336
4.489999999999998 0.2467006651770911
4.5 0.2486248891017744
4.509999999999998 0.2499698861225195
4.52 0.2513340664099641
4.530000000000001 0.2525391195673191
4.539999999999999 0.2533702404449089
4.550000000000001 0.2540011519821426
4.559999999999999 0.2539108716684661
4.57 0.253567740479494
4.579999999999998 0.2530552520848368
4.59 0.2522735512584808
4.599999999999998 0.2510974700106334
4.609999999999999 0.2495331149472256
4.620000000000001 0.2480097413275003
4.629999999999999 0.2461118421224118
4.640000000000001 0.2436625928756187
4.649999999999999 0.2415281904724125
4.66 0.2390089824270452
4.669999999999998 0.2365342275581173
4.68 0.2339727547785049
4.689999999999998 0.2313021466786187
4.699999999999999 0.2283735247890397
4.710000000000001 0.2258203649281104
4.719999999999999 0.2230893849538069
4.73 0.2204241448009163
4.739999999999998 0.2180372453608134
4.75 0.2157690599027353
4.759999999999998 0.2134444347269221
4.77 0.2111693431467229
4.780000000000001 0.2089522943146952
4.789999999999999 0.206658070484041
4.800000000000001 0.2046100876527269
4.809999999999999 0.2026148914105283
4.82 0.2002785950407199
4.829999999999998 0.1982059108582867
4.84 0.1960968598732929
4.849999999999998 0.1937142716312696
4.859999999999999 0.191725443041478
4.870000000000001 0.1895270318702665
4.879999999999999 0.1872441079737184
4.890000000000001 0.1852747611385816
4.899999999999999 0.1831689563784956
4.91 0.1808307570366886
4.919999999999998 0.1787785650831835
4.93 0.1766019232559652
4.939999999999998 0.1744069893175523
4.949999999999999 0.1724065677334631
4.960000000000001 0.1703946444304105
4.969999999999999 0.1682284703631346
4.98 0.1662060573757205
4.989999999999998 0.164360452975269
5.0 0.162241874810857
5.009999999999998 0.1603605611888017
5.02 0.1586701411641838
5.030000000000001 0.1570050375950781
5.039999999999999 0.1548676225099123
5.050000000000001 0.1533212127518
5.059999999999999 0.1516221739102509
5.07 0.1493163421061882
5.079999999999998 0.1478420625152805
5.09 0.1463293554365931
5.099999999999998 0.1446730944554699
5.109999999999999 0.142771856700711
5.120000000000001 0.1412103071934577
5.129999999999999 0.1397472629317904
5.140000000000001 0.1381802588335945
5.149999999999999 0.1361358981973909
5.16 0.1347125284759308
5.169999999999998 0.1333509243508851
5.18 0.1318483326796089
5.189999999999998 0.1301803520574367
5.199999999999999 0.1285879158911337
5.210000000000001 0.1272726065265793
5.219999999999999 0.1258441025709942
5.23 0.1242829141793373
5.239999999999998 0.1228033187984981
5.25 0.121491185947162
5.259999999999998 0.1201251850084002
5.27 0.1189728365679414
5.280000000000001 0.1172937873778418
5.289999999999999 0.1159209468995085
5.300000000000001 0.1149603673097965
5.309999999999999 0.113694614838096
5.32 0.112279324391452
5.329999999999998 0.1106176809604775
5.34 0.1095950441942187
5.349999999999998 0.1083210542117892
5.359999999999999 0.1072800778944693
5.370000000000001 0.1059918989322711
5.379999999999999 0.1049723665269871
5.390000000000001 0.1036687838940593
5.399999999999999 0.1023445875244959
5.41 0.1009787736063466
5.419999999999998 0.1002222582835195
5.43 0.0990149045478462
5.439999999999998 0.0981061062051354
5.449999999999999 0.0968756020728667
5.460000000000001 0.0954683030717765
5.469999999999999 0.0943855510328795
5.48 0.093157814361262
5.489999999999998 0.0920519721645825
5.5 0.0909085263718503
5.509999999999998 0.0898917634369004
5.52 0.0891000078246747
5.530000000000001 0.0878622541925745
5.539999999999999 0.0868175010784595
5.550000000000001 0.0856663696052199
5.559999999999999 0.0843955039941607
5.57 0.0834654265581895
5.579999999999998 0.0822836213111973
5.59 0.0813852945938502
5.599999999999998 0.0806028190155289
5.609999999999999 0.079483901382676
5.620000000000001 0.0783008868692978
5.629999999999999 0.07743876800507
5.640000000000001 0.0730597657219448
5.649999999999999 0.0722412680074217
5.66 0.0712624508578064
5.669999999999998 0.0696993774424792
5.68 0.0685561630542357
5.689999999999998 0.0677600315695474
5.699999999999999 0.0667710347076986
5.710000000000001 0.0660825352400869
5.719999999999999 0.0645442505699455
5.73 0.0640408811025209
5.739999999999998 0.0627572034050443
5.75 0.0618495979265647
5.759999999999998 0.0608078211505539
5.77 0.0597362918378066
5.780000000000001 0.0591118280533396
5.789999999999999 0.0578092711771389
5.800000000000001 0.0570406262870527
5.809999999999999 0.055996672511853
5.82 0.0550145621740174
5.829999999999998 0.0543024233561166
5.84 0.05368096480869
5.849999999999998 0.0525172090272483
5.859999999999999 0.0514164541121993
5.870000000000001 0.0502873343269862
5.879999999999999 0.0496141252399621
5.890000000000001 0.0484706296419386
5.899999999999999 0.0476174062077091
5.91 0.0467630127489477
5.919999999999998 0.0453842778865287
5.93 0.0448329358479571
5.939999999999998 0.0437387277222295
5.949999999999999 0.043182646192344
5.960000000000001 0.0420236597077821
5.969999999999999 0.0412052226807286
5.98 0.0399808778602055
5.989999999999998 0.0390741018376839
6.0 0.0381701398258768
6.009999999999998 0.0369486451930416
6.02 0.0365740927242925
6.030000000000001 0.0356813805084203
6.039999999999999 0.0348555643771371
6.050000000000001 0.033894073827466
6.059999999999999 0.0327539564531211
6.07 0.031794020977778
6.079999999999998 0.0308970970888397
6.09 0.0300699071956146
6.099999999999998 0.0291369691259414
6.109999999999999 0.0286521158183486
6.120000000000001 0.027400727776027
6.129999999999999 0.0265525313489739
6.140000000000001 0.0260063769892302
6.149999999999999 0.0246722936538295
6.16 0.0235993891305469
6.169999999999998 0.0229822817572301
6.18 0.0220716372168448
6.189999999999998 0.0212789504287193
6.199999999999999 0.0208219633233631
6.210000000000001 0.0196467138968845
6.219999999999999 0.0186002832583465
6.23 0.0181171802814924
6.239999999999998 0.0170889466520751
6.25 0.0159852684214248
6.259999999999998 0.015208868538639
6.27 0.0144178289592941
6.280000000000001 0.0138848969037228
6.289999999999999 0.0128601980420685
6.300000000000001 0.0121867509925783
6.309999999999999 0.0113597437603092
6.32 0.0106868617390137
6.329999999999998 0.0094652430303614
6.34 0.0086459402676023
6.349999999999998 0.0080158941828241
6.359999999999999 0.006830302307303
6.370000000000001 0.0059186138146734
6.379999999999999 0.0052555581639732
6.390000000000001 0.004451633287782
6.399999999999999 0.0036472288367072
6.41 0.0029746234024165
6.419999999999998 0.0021603929555841
6.43 0.0014861805783282
6.439999999999998 0.0007658605303407
6.449999999999999 -1.83013809867625e-05
6.460000000000001 -0.0008397173750568
6.469999999999999 -0.0018013672975824
6.48 -0.0023549740717754
6.489999999999998 -0.0033273738351426
6.5 -0.0041406749112667
6.509999999999998 -0.0048431043869901
6.52 -0.0056734416520294
6.530000000000001 -0.0065684196305276
6.539999999999999 -0.0072212866125273
6.550000000000001 -0.0081254318421092
6.559999999999999 -0.0088898593759756
6.57 -0.0095785451418861
6.579999999999998 -0.0106834206171472
6.59 -0.0112298129936557
6.599999999999998 -0.0119515885071554
6.609999999999999 -0.0129400854111044
6.620000000000001 -0.0134393109524979
6.629999999999999 -0.0140595413003459
6.640000000000001 -0.0149609864818598
6.649999999999999 -0.0160711451850029
6.66 -0.0167766280711014
6.669999999999998 -0.0172821599219137
6.68 -0.0181762280646141
6.689999999999998 -0.0190201811111292
6.699999999999999 -0.0195114450989129
6.710000000000001 -0.0200525840155122
6.719999999999999 -0.020703397862531
6.73 -0.0216356766807936
6.739999999999998 -0.0221816222089731
6.75 -0.0230699810212317
6.759999999999998 -0.0237935542785425
6.77 -0.0245281416119447
6.780000000000001 -0.025383249437016
6.789999999999999 -0.0261202730118292
6.800000000000001 -0.0266575192613766
6.809999999999999 -0.0275913679196766
6.82 -0.0282742341604412
6.829999999999998 -0.028993986738807
6.84 -0.0298526378414726
6.849999999999998 -0.0303633320214515
6.859999999999999 -0.0309313795801551
6.870000000000001 -0.0314778442319395
6.879999999999999 -0.0323087160003022
6.890000000000001 -0.0329931115116455
6.899999999999999 -0.0336368620327203
6.91 -0.0342500833810666
6.919999999999998 -0.0349687051997077
6.93 -0.0353501159727645
6.939999999999998 -0.0358117119951981
6.949999999999999 -0.0363832841043797
6.960000000000001 -0.0375368356802411
6.969999999999999 -0.0379224061525211
6.98 -0.0381986344665956
6.989999999999998 -0.0390800915106927
7.0 -0.0396838898554311
7.009999999999998 -0.0406927065766231
7.02 -0.0412063922878849
7.030000000000001 -0.0415990262611761
7.039999999999999 -0.0421047676534643
7.050000000000001 -0.0429002104500187
7.059999999999999 -0.0433412976611761
7.07 -0.0436906689985564
7.079999999999998 -0.044292165966869
7.09 -0.0450552296320361
7.099999999999998 -0.0460694671464692
7.109999999999999 -0.0466908557572295
7.120000000000001 -0.0470083425490876
7.129999999999999 -0.0473861997952758
7.140000000000001 -0.0477534199547343
7.149999999999999 -0.0483821953207668
7.16 -0.0487176111035014
7.169999999999998 -0.04912981685955
7.18 -0.0495706944052976
7.189999999999998 -0.0500454006820036
7.199999999999999 -0.0509556337736843
7.210000000000001 -0.0513189805052907
7.219999999999999 -0.0516224365612363
7.23 -0.052111541580978
7.239999999999998 -0.0530863272359992
7.25 -0.0536830297134743
7.259999999999998 -0.0540423515158398
7.27 -0.0543138052222152
7.280000000000001 -0.0546376528666626
7.289999999999999 -0.0549541044354993
7.300000000000001 -0.055346013751128
7.309999999999999 -0.0557925190301014
7.32 -0.0562112974074383
7.329999999999998 -0.0567057952095936
7.34 -0.057003486266203
7.349999999999998 -0.0573275784713012
7.359999999999999 -0.0576769748183729
7.370000000000001 -0.0578552998303043
7.379999999999999 -0.0581315333449507
7.390000000000001 -0.0585878306678954
7.399999999999999 -0.0590064394978287
7.41 -0.0594004987496872
7.419999999999998 -0.0595361686006399
7.43 -0.0597166265436713
7.439999999999998 -0.059923972051781
7.449999999999999 -0.0601196164583884
7.460000000000001 -0.0602874113359861
7.469999999999999 -0.0605665182782084
7.48 -0.0606872826250456
7.489999999999998 -0.0610189352560592
7.5 -0.0609758807477971
7.509999999999998 -0.0612801591350261
7.52 -0.0616614753586914
7.530000000000001 -0.0618627740588642
7.539999999999999 -0.0621172339262192
7.550000000000001 -0.0624037382002825
7.559999999999999 -0.0624920875233558
7.57 -0.0624588108779184
7.579999999999998 -0.0615831718014652
7.59 -0.0629487389935224
7.599999999999998 -0.0617107726180128
7.609999999999999 -0.0617137291478398
7.620000000000001 -0.0631300064239553
7.629999999999999 -0.0630929258036201
7.640000000000001 -0.0631037489929366
7.649999999999999 -0.06348995513102
7.66 -0.0632109581326135
7.669999999999998 -0.0638069192086028
7.68 -0.0632161205074177
7.689999999999998 -0.0637841749180742
7.699999999999999 -0.063526229778498
7.710000000000001 -0.0636617776705379
7.719999999999999 -0.0638029522400597
7.73 -0.0634415180986174
7.739999999999998 -0.0637988931994794
7.75 -0.0637970772624971
7.759999999999998 -0.0636713216764098
7.77 -0.0635787850582582
7.780000000000001 -0.0635211604063225
7.789999999999999 -0.0635142743184689
7.800000000000001 -0.0634131045947361
7.809999999999999 -0.063268398306321
7.82 -0.0631885439804387
7.829999999999998 -0.0630298786751535
7.84 -0.062702899245669
7.849999999999998 -0.0623926695347538
7.859999999999999 -0.0620881664785319
7.870000000000001 -0.0618360333291447
7.879999999999999 -0.0618005506371383
7.890000000000001 -0.0614914356856474
7.899999999999999 -0.0616447737439516
7.91 -0.0609860301675787
7.919999999999998 -0.0607491943167751
7.93 -0.0605465372648969
7.939999999999998 -0.0605903410467627
7.949999999999999 -0.0605248262335148
7.960000000000001 -0.0601050307963056
7.969999999999999 -0.0597427610662011
7.98 -0.0592723900934613
7.989999999999998 -0.0591348088856037
8.0 -0.0584085889393089
8.009999999999998 -0.058136832291578
8.02 -0.0576173770922766
8.030000000000001 -0.0571870619201328
8.04 -0.0568034813160618
8.05 -0.0563940722923439
8.059999999999999 -0.0562963374645393
8.07 -0.0560538977751111
8.079999999999998 -0.0557251925141659
8.09 -0.0554406265086925
8.099999999999998 -0.0551994756493945
8.11 -0.054856169174036
8.120000000000001 -0.0544593862246463
8.129999999999999 -0.0541784183002015
8.14 -0.0540370585592185
8.149999999999999 -0.0539717887076847
8.16 -0.0534237062755937
8.169999999999998 -0.0530673269952326
8.18 -0.0529522613545539
8.189999999999998 -0.0524628782861286
8.2 -0.0517465131384437
8.21 -0.0511972174126473
8.219999999999999 -0.0508376233116881
8.23 -0.0505928096225756
8.239999999999998 -0.0502649149059008
8.25 -0.0497325132877756
8.259999999999998 -0.049515580250545
8.27 -0.0491251117010599
8.280000000000001 -0.0487968856215217
8.29 -0.0482306022054352
8.3 -0.0481742660724465
8.309999999999999 -0.0474880000746501
8.32 -0.0473276738421568
8.329999999999998 -0.047225542893778
8.34 -0.0466485136976791
8.349999999999998 -0.0462233278449497
8.36 -0.0461337118961321
8.370000000000001 -0.0454990409940172
8.379999999999999 -0.0451140358678585
8.39 -0.0450392986079553
8.399999999999999 -0.0430869360012407
8.41 -0.0429264628572194
8.419999999999998 -0.042475978195752
8.43 -0.0421026045223934
8.439999999999998 -0.0418088742104435
8.45 -0.0416749401407936
8.46 -0.0413069726829745
8.469999999999999 -0.0411885100613835
8.48 -0.0408885918174285
8.489999999999998 -0.0403870199211061
8.5 -0.0402789923805859
8.509999999999998 -0.0400366491307924
8.52 -0.0399550461075753
8.530000000000001 -0.0395277298807476
8.54 -0.039435277132738
8.55 -0.0391824342133015
8.559999999999999 -0.0388322158117507
8.57 -0.0386341665140062
8.579999999999998 -0.0382790809961753
8.59 -0.0381869256189189
8.599999999999998 -0.0382015774150117
8.61 -0.0389243075255991
8.620000000000001 -0.0387306273931951
8.629999999999999 -0.0385038093337864
8.64 -0.0384475945139817
8.649999999999999 -0.0381624646219544
8.66 -0.038121710968424
8.669999999999998 -0.0379788524713756
8.68 -0.0378018857975357
8.689999999999998 -0.0377650736226297
8.7 -0.0376091491863463
8.71 -0.0374853937512048
8.719999999999999 -0.037484091977901
8.73 -0.0374742370745336
8.739999999999998 -0.0373303000373594
8.75 -0.0373656359696533
8.759999999999998 -0.0373820021095582
8.77 -0.0373625289847564
8.780000000000001 -0.0372386058954342
8.79 -0.0372718461734386
8.8 -0.037329250689575
8.809999999999999 -0.0372898798660496
8.82 -0.0372702128139877
8.829999999999998 -0.0373725266122978
8.84 -0.0373931743614251
8.849999999999998 -0.0374126750125555
8.86 -0.0373230065626753
8.870000000000001 -0.0373220447049776
8.879999999999999 -0.0376440772613022
8.89 -0.0373359544803975
8.899999999999999 -0.0374025888262703
8.91 -0.0374741229635556
8.919999999999998 -0.0374907521081119
8.93 -0.0376470741860563
8.939999999999998 -0.0377837834471603
8.95 -0.0379477502404956
8.96 -0.0386702365093852
8.969999999999999 -0.0385402292577538
8.98 -0.0385879121363717
8.989999999999998 -0.0389867189507504
9.0 -0.0389427236029642
9.009999999999998 -0.0391307839183282
9.02 -0.0392672935124292
9.030000000000001 -0.0394917320496084
9.04 -0.0395939513571371
9.05 -0.039780157024034
9.059999999999999 -0.039933740145486
9.07 -0.0400757544497746
9.079999999999998 -0.0403280015794365
9.09 -0.0403428240584407
9.099999999999998 -0.0411172138621981
9.11 -0.0414276653252612
9.120000000000001 -0.0414628926475467
9.129999999999999 -0.0414633598052174
9.14 -0.0417121432326428
9.149999999999999 -0.0418180972041562
9.16 -0.0416320773610279
9.169999999999998 -0.042039180242897
9.18 -0.0421925250565882
9.189999999999998 -0.042407991942194
9.2 -0.0414056402510582
9.21 -0.0430738166287658
9.219999999999999 -0.0436478506376548
9.23 -0.0434023691512672
9.239999999999998 -0.0435784497802343
9.25 -0.0437928399050546
9.259999999999998 -0.0441277056209304
9.27 -0.045517973987354
9.280000000000001 -0.0457350523122947
9.29 -0.046170422809477
9.3 -0.0460858961564126
9.309999999999999 -0.0463123276194773
9.32 -0.0466036524360123
9.329999999999998 -0.0470161436584912
9.34 -0.0474500263947217
9.349999999999998 -0.0474658320099213
9.36 -0.0473870246380275
9.370000000000001 -0.0475057086320168
9.379999999999999 -0.0478023950354587
9.39 -0.0482654837787765
9.399999999999999 -0.0488634722084347
9.41 -0.0490460282083966
9.419999999999998 -0.0492610338030128
9.43 -0.0496272189567618
9.439999999999998 -0.0500954363218966
9.45 -0.0506375387997456
9.46 -0.0508453746840551
9.469999999999999 -0.0503844232976345
9.48 -0.0506451973164984
9.489999999999998 -0.0509105428392277
9.5 -0.0514205600307954
9.509999999999998 -0.0516207827245106
9.52 -0.0514467040011602
9.530000000000001 -0.0516914122701253
9.54 -0.0521644320735494
9.55 -0.0515543740681053
9.559999999999999 -0.0519518672650337
9.57 -0.052729100675424
9.579999999999998 -0.0521676361518384
9.59 -0.0525295646876617
9.599999999999998 -0.0529163987749101
