%x y
0.0 -0.0023635373913909
0.009999999999999787 -0.0014868082413651
0.019999999999999574 -0.0011841302685301
0.02999999999999936 -0.0010192447275139
0.040000000000000924 -0.0015105877882168
0.05000000000000071 -0.0023141827481558
0.0600000000000005 -0.0024581236284163
0.07000000000000028 -0.0025171176867832
0.08000000000000007 -0.0013162649729902
0.08999999999999986 -0.0017534884052236
0.09999999999999964 -0.0019616614820524
0.10999999999999943 -0.0022439576895511
0.120000000000001 -0.0027856028890694
0.13000000000000078 -0.0031021873128253
0.14000000000000057 -0.0027658120610996
0.15000000000000036 -0.0028323895428241
0.16000000000000014 -0.0027882058925756
0.16999999999999993 -0.0021261522671871
0.17999999999999972 -0.0027774377997097
0.1899999999999995 -0.0021930122866331
0.1999999999999993 -0.0036492355719462
0.21000000000000085 -0.0035656454859558
0.22000000000000064 -0.0020921166456104
0.23000000000000043 -0.0020166835032654
0.2400000000000002 -0.0022097818892966
0.25 -0.0024834160904696
0.2599999999999998 -0.0023939290106053
0.2699999999999996 -0.0032355019247843
0.27999999999999936 -0.002431279214171
0.2900000000000009 -0.0022951112651683
0.3000000000000007 -0.003732430556461
0.3100000000000005 -0.0028572782014606
0.3200000000000003 -0.0031192868171496
0.33000000000000007 -0.0034973543273721
0.33999999999999986 -0.0044469352670964
0.34999999999999964 -0.002985733157523
0.35999999999999943 -0.0030692083383287
0.370000000000001 -0.0036666679928767
0.3800000000000008 -0.0041467855788574
0.39000000000000057 -0.0047944181632039
0.40000000000000036 -0.0050200065504165
0.41000000000000014 -0.0040818766839683
0.41999999999999993 -0.0035785764290934
0.4299999999999997 -0.0045443264671753
0.4399999999999995 -0.0040093602691216
0.4499999999999993 -0.0047112792243416
0.46000000000000085 -0.0041227622645748
0.47000000000000064 -0.0044940110575035
0.4800000000000004 -0.0047920749840709
0.4900000000000002 -0.0038196132643307
0.5 -0.0042188656536664
0.5099999999999998 -0.0050645701540828
0.5199999999999996 -0.0053280213690747
0.5299999999999994 -0.0055773533588531
0.5400000000000009 -0.0043835970967141
0.5500000000000007 -0.0043765113754238
0.5600000000000005 -0.0039050408917344
0.5700000000000003 -0.0052157170497816
0.5800000000000001 -0.005705299448866
0.5899999999999999 -0.005242895620872
0.5999999999999996 -0.0051236732244396
0.6099999999999994 -0.0045467533702438
0.620000000000001 -0.0047949288691843
0.6300000000000008 -0.004670842852882
0.6400000000000006 -0.0049992286552212
0.6500000000000004 -0.005246586109456
0.6600000000000001 -0.0054274369947233
0.6699999999999999 -0.0053125102641311
0.6799999999999997 -0.0047323952227326
0.6899999999999995 -0.0044291726858991
0.6999999999999993 -0.0052026667130207
0.7100000000000009 -0.0054655611069367
0.7200000000000006 -0.0060077109562507
0.7300000000000004 -0.0058147947581523
0.7400000000000002 -0.0043503916527893
0.75 -0.0047002973158932
0.7599999999999998 -0.0048056141849735
0.7699999999999996 -0.005164979768403
0.7799999999999994 -0.0058887386354191
0.7900000000000009 -0.0055281603708457
0.8000000000000007 -0.0054605066093316
0.8100000000000005 -0.0044489768672266
0.8200000000000003 -0.0040896169342127
0.8300000000000001 -0.0047773065236211
0.8399999999999999 -0.0052856599281044
0.8499999999999996 -0.0051254666343029
0.8599999999999994 -0.0054384674766919
0.870000000000001 -0.0044132188416156
0.8800000000000008 -0.0054590138350259
0.8900000000000006 -0.005495510259816
0.9000000000000004 -0.0047975951898023
0.9100000000000001 -0.0050813414188296
0.9199999999999999 -0.0049749579193113
0.9299999999999997 -0.0053085721559313
0.9399999999999995 -0.0054295150213704
0.9499999999999993 -0.0058941240866507
0.9600000000000009 -0.0044148711080652
0.9700000000000006 -0.0049350733240218
0.9800000000000004 -0.0052464818546975
0.9900000000000002 -0.0050109388736287
1.0 -0.0052451932563799
1.0099999999999998 -0.0045340549687209
1.0199999999999996 -0.0046432740620723
1.0299999999999994 -0.0045185639961866
1.040000000000001 -0.0054815277431795
1.0500000000000007 -0.0056704270902756
1.0600000000000005 -0.0053534082061927
1.0700000000000003 -0.0048197884731555
1.08 -0.0052154084278818
1.0899999999999999 -0.0051426098992243
1.0999999999999996 -0.0056158125525353
1.1099999999999994 -0.005139955716195
1.120000000000001 -0.0056231051359389
1.1300000000000008 -0.0056291503128071
1.1400000000000006 -0.0052366550947049
1.1500000000000004 -0.0052438840672529
1.1600000000000001 -0.0049464855509281
1.17 -0.0057239460363467
1.1799999999999997 -0.0059569097904655
1.1899999999999995 -0.0051510499406056
1.1999999999999993 -0.0050474860161389
1.2100000000000009 -0.0066542079871757
1.2200000000000006 -0.0064882845135289
1.2300000000000004 -0.0061658092750415
1.2400000000000002 -0.0061001230026118
1.25 -0.0059691645474708
1.2599999999999998 -0.0060734872506613
1.2699999999999996 -0.0056916811217236
1.2799999999999994 -0.0066807738848697
1.290000000000001 -0.0064438423890865
1.3000000000000007 -0.0066019609595602
1.3100000000000005 -0.0060001082218763
1.3200000000000003 -0.0066267332645162
1.33 -0.0064713110097169
1.3399999999999999 -0.0059443750107297
1.3499999999999996 -0.0061002100007008
1.3599999999999994 -0.0091915040128372
1.370000000000001 -0.0063530549427802
1.3800000000000008 -0.0063649450434535
1.3900000000000006 -0.0063707674353426
1.4000000000000004 -0.0058648842413467
1.4100000000000001 -0.0067505726351673
1.42 -0.0073479769314702
1.4299999999999997 -0.008409001215791
1.4399999999999995 -0.0068924078196728
1.4499999999999993 -0.0066455129407861
1.4600000000000009 -0.0069690452815336
1.4700000000000006 -0.0062786232539871
1.4800000000000004 -0.0062169521354335
1.4900000000000002 -0.0069301776192754
1.5 -0.0071261641371375
1.5099999999999998 -0.0072908252510625
1.5199999999999996 -0.0070528379166836
1.5299999999999994 -0.0077212991025784
1.540000000000001 -0.0066972421780373
1.5500000000000007 -0.0060941485077981
1.5600000000000005 -0.0062616391503586
1.5700000000000003 -0.0068997877132652
1.58 -0.0068625514459504
1.5899999999999999 -0.0069056974195912
1.5999999999999996 -0.0071107264188998
1.6099999999999994 -0.0073428026768094
1.620000000000001 -0.00674956936363
1.6300000000000008 -0.0063217192729536
1.6400000000000006 -0.0069655768170587
1.6500000000000004 -0.0066175234782384
1.6600000000000001 -0.0064591061949445
1.67 -0.0069097352603104
1.6799999999999997 -0.0066602878237457
1.6899999999999995 -0.0068787536293746
1.6999999999999993 -0.0061842712744645
1.7100000000000009 -0.0062709899604061
1.7200000000000006 -0.0063655762698455
1.7300000000000004 -0.0066003417925638
1.7400000000000002 -0.0055667200061175
1.75 -0.0056148139338127
1.7599999999999998 -0.0061428361028706
1.7699999999999996 -0.0056655897548915
1.7799999999999994 -0.0052730309760992
1.790000000000001 -0.0059463154952654
1.8000000000000007 -0.0058532794522237
1.8100000000000005 -0.0056646587798168
1.8200000000000003 -0.005714218349307
1.83 -0.0057350649118121
1.8399999999999999 -0.0045553960836934
1.8499999999999996 -0.0048973796246699
1.8599999999999994 -0.0048428695847289
1.870000000000001 -0.0047875808811135
1.8800000000000008 -0.0043879478496134
1.8900000000000006 -0.0042206157339937
1.9000000000000004 -0.00384488631747
1.9100000000000001 -0.0039716726725658
1.92 -0.0032895929817693
1.9299999999999997 -0.0037263419508464
1.9399999999999995 -0.0041531479982774
1.9499999999999993 -0.0040814867993508
1.9600000000000009 -0.0043748296145556
1.9700000000000006 -0.0040361986857911
1.9800000000000004 -0.0040332353239743
1.9900000000000002 -0.0047183445918026
2.0 -0.002736771934126
2.01 -0.0024935289886682
2.0199999999999996 -0.0022852012076339
2.0299999999999994 -0.0024724687738297
2.040000000000001 -0.0024697094212455
2.0500000000000007 -0.0022625383388417
2.0600000000000005 -0.0020858406730386
2.0700000000000003 -0.001980136059754
2.08 -0.0017121095845334
2.09 -0.0030185907183971
2.0999999999999996 -0.0024206046129594
2.1099999999999994 -0.0024670367458306
2.120000000000001 -0.0023707978377808
2.130000000000001 -0.0024881585065381
2.1400000000000006 -0.0026801826907076
2.1500000000000004 -0.0015509228940117
2.16 -0.002002976130766
2.17 -0.0024059272852895
2.1799999999999997 -0.0026919263661567
2.1899999999999995 -0.0038717914034652
2.1999999999999993 -0.0035628272094746
2.210000000000001 -0.0038919139764032
2.2200000000000006 -0.0057823424864512
2.2300000000000004 -0.0060545317966282
2.24 -0.0086288611671154
2.25 -0.0085721334850036
2.26 -0.0112801571701758
2.2699999999999996 -0.0114774148735055
2.2799999999999994 -0.0130115367845826
2.290000000000001 -0.0142403013505491
2.3000000000000007 -0.0155388389001549
2.3100000000000005 -0.0161096986787237
2.3200000000000003 -0.0184963355834856
2.33 -0.018618819748497
2.34 -0.0193901860845303
2.3499999999999996 -0.0204995472003855
2.3599999999999994 -0.021538756705514
2.370000000000001 -0.0234356325184916
2.380000000000001 -0.0235230904459322
2.3900000000000006 -0.0247797253795098
2.4000000000000004 -0.025707752144561
2.41 -0.0269605963462735
2.42 -0.0280548368640392
2.4299999999999997 -0.0300151595427433
2.4399999999999995 -0.0303984629797775
2.4499999999999993 -0.0313389064372302
2.460000000000001 -0.0323277131173976
2.4700000000000006 -0.0335480948377091
2.4800000000000004 -0.0345713848124174
2.49 -0.0353764535016817
2.5 -0.036487942598493
2.51 -0.0369881414508948
2.5199999999999996 -0.0376181577292038
2.5299999999999994 -0.0385643759828076
2.540000000000001 -0.039312665903461
2.5500000000000007 -0.0398454670361115
2.5600000000000005 -0.0399064637698585
2.5700000000000003 -0.0406000266905617
2.58 -0.0411325739385886
2.59 -0.0414080183300806
2.5999999999999996 -0.0417626261043531
2.6099999999999994 -0.041913667633565
2.620000000000001 -0.0434210104249963
2.630000000000001 -0.0439389568634866
2.6400000000000006 -0.0447099724221897
2.6500000000000004 -0.0447188432976913
2.66 -0.0450416541419251
2.67 -0.0450448977489431
2.6799999999999997 -0.045891741811077
2.6899999999999995 -0.0459520586554551
2.6999999999999993 -0.0461342270317052
2.710000000000001 -0.0465267701082004
2.7200000000000006 -0.0465127640677986
2.7300000000000004 -0.0466268261779377
2.74 -0.0465939727359942
2.75 -0.0469689744465882
2.76 -0.0466187817829862
2.7699999999999996 -0.0467439728298945
2.7799999999999994 -0.0474359472175142
2.790000000000001 -0.0476654470483387
2.8000000000000007 -0.0480690277011283
2.8100000000000005 -0.0484637288251508
2.8200000000000003 -0.0494944362305216
2.83 -0.0497021083351062
2.84 -0.0504663261924928
2.8499999999999996 -0.0515377140406455
2.8599999999999994 -0.0518865912277531
2.870000000000001 -0.0520474277802953
2.880000000000001 -0.0525992458407669
2.8900000000000006 -0.053014391785636
2.9000000000000004 -0.0534391620009531
2.91 -0.0538836190103998
2.92 -0.0542096619132919
2.9299999999999997 -0.0549050189122644
2.9399999999999995 -0.0554453146034511
2.9499999999999993 -0.0560100980668649
2.960000000000001 -0.0563753423429441
2.9700000000000006 -0.0569616844224216
2.9800000000000004 -0.0573282109708644
2.99 -0.0568462243167726
3.0 -0.057505849098034
3.01 -0.0577695105820753
3.0199999999999996 -0.0588817939527948
3.0299999999999994 -0.0594933568207434
3.040000000000001 -0.0600288680591904
3.0500000000000007 -0.0604003094149626
3.0600000000000005 -0.0607956117167664
3.0700000000000003 -0.0613038268140273
3.08 -0.061485079816713
3.09 -0.0622762839033594
3.0999999999999996 -0.0628030981735651
3.1099999999999994 -0.0634194300322404
3.120000000000001 -0.0639751755800086
3.130000000000001 -0.0644781570380637
3.1400000000000006 -0.0650303177327911
3.1500000000000004 -0.0657774925097445
3.16 -0.0660794865983044
3.17 -0.0662155775279327
3.1799999999999997 -0.0668324646036062
3.1899999999999995 -0.0673935901628447
3.1999999999999993 -0.0681698590605191
3.210000000000001 -0.0687975548473207
3.2200000000000006 -0.0693430660124313
3.2300000000000004 -0.0706425819081404
3.24 -0.0704928760604725
3.25 -0.0713183861847229
3.26 -0.0718079120766622
3.2699999999999996 -0.0722946601665974
3.2799999999999994 -0.0731471852371837
3.290000000000001 -0.0737465630364498
3.3000000000000007 -0.0748590199364101
3.3100000000000005 -0.0754794315432876
3.3200000000000003 -0.0759400733311876
3.33 -0.0772020831426471
3.34 -0.0775981787154919
3.3499999999999996 -0.0784215712509138
3.3599999999999994 -0.0791913106262787
3.370000000000001 -0.0790602685611435
3.380000000000001 -0.0798112724311399
3.3900000000000006 -0.0803003804521534
3.4000000000000004 -0.0809343460226392
3.41 -0.0814791325621044
3.42 -0.0822732657465596
3.4299999999999997 -0.0826785195575672
3.4399999999999995 -0.0834333314164553
3.4499999999999993 -0.0838964400553881
3.460000000000001 -0.084807377447209
3.4700000000000006 -0.0853999990617984
3.4800000000000004 -0.0859967828030365
3.49 -0.0865170802709046
3.5 -0.0870242218951189
3.51 -0.0878394664873234
3.5199999999999996 -0.0885433134592586
3.5299999999999994 -0.0889944419838128
3.540000000000001 -0.0899756566949958
3.5500000000000007 -0.0906334485788993
3.5600000000000005 -0.0913768356272126
3.5700000000000003 -0.0922388071308276
3.58 -0.0932643247580606
3.59 -0.0939175674709508
3.5999999999999996 -0.0949236313793738
3.6099999999999994 -0.0954160849044695
3.620000000000001 -0.0962959266321941
3.630000000000001 -0.0971395260887371
3.6400000000000006 -0.0981500380663029
3.6500000000000004 -0.0991403478792887
3.66 -0.099881837823449
3.67 -0.1005250756040726
3.6799999999999997 -0.1014988241320845
3.6899999999999995 -0.1025315067434335
3.6999999999999993 -0.1033203759974354
3.710000000000001 -0.1042493304192829
3.7200000000000006 -0.1051944753920706
3.7300000000000004 -0.1060343806336542
3.74 -0.1070037183370512
3.75 -0.1081386256987168
3.76 -0.1091435991498004
3.7699999999999996 -0.1099780384076036
3.7799999999999994 -0.1111890466959157
3.790000000000001 -0.112060651399952
3.8000000000000007 -0.1133000051586138
3.8100000000000005 -0.1142084902568251
3.8200000000000003 -0.1153646757988417
3.83 -0.1165733116869612
3.84 -0.1176027808164094
3.8499999999999996 -0.1189560909878031
3.8599999999999994 -0.1199784150751476
3.870000000000001 -0.121293538079725
3.880000000000001 -0.1224956201803968
3.8900000000000006 -0.1238213583569087
3.9000000000000004 -0.124413686588205
3.91 -0.1257890395307979
3.92 -0.1271591244888436
3.9299999999999997 -0.1283108697495507
3.9399999999999995 -0.1297400838917432
3.9499999999999993 -0.1309762713912155
3.960000000000001 -0.1322590575996754
3.9700000000000006 -0.1335693882668505
3.9800000000000004 -0.1347591974919977
3.99 -0.1367244299726665
4.0 -0.137985490758648
4.01 -0.1395396112482739
4.02 -0.1411643351713531
4.029999999999999 -0.1425895956800274
4.040000000000001 -0.1444304051065536
4.050000000000001 -0.1467060973516079
4.0600000000000005 -0.1485648862860777
4.07 -0.1502373962588576
4.08 -0.1519881729643129
4.09 -0.1538243468945423
4.1 -0.1556477906668607
4.109999999999999 -0.1575971096671235
4.120000000000001 -0.1594129901132407
4.130000000000001 -0.1612978312638796
4.140000000000001 -0.161995107022282
4.15 -0.1639607261955557
4.16 -0.1658110271420175
4.17 -0.1676499299551794
4.18 -0.1700563464203542
4.1899999999999995 -0.1718009116355373
4.199999999999999 -0.1741410352249736
4.210000000000001 -0.1764355268536618
4.220000000000001 -0.1782947769059759
4.23 -0.1811079270045464
4.24 -0.1833433388033375
4.25 -0.1860734289842739
4.26 -0.1884368697025576
4.27 -0.1913000255430016
4.279999999999999 -0.194098773302511
4.290000000000001 -0.1968971142076259
4.300000000000001 -0.1994938732360514
4.3100000000000005 -0.2025738558363634
4.32 -0.2073692512904107
4.33 -0.2108528765001594
4.34 -0.213565942499966
4.35 -0.2168952704290231
4.359999999999999 -0.2202782566802307
4.370000000000001 -0.2237165613466399
4.380000000000001 -0.2270539778125455
4.390000000000001 -0.2307573805151196
4.4 -0.234508007057285
4.41 -0.2373675918575458
4.42 -0.240775933140481
4.43 -0.2418068060174102
4.4399999999999995 -0.2448303141340767
4.449999999999999 -0.2475997782512572
4.460000000000001 -0.2504254458274828
4.470000000000001 -0.2531265482915319
4.48 -0.2559354503366133
4.49 -0.2584210562423529
4.5 -0.2600393152299223
4.51 -0.2615091267965413
4.52 -0.2620674620231552
4.529999999999999 -0.2621044081955079
4.540000000000001 -0.2617028592810013
4.550000000000001 -0.2606663783947041
4.5600000000000005 -0.2591792025923685
4.57 -0.2577181642662442
4.58 -0.2565761415807593
4.59 -0.2547585618365965
4.6 -0.2520167894994847
4.609999999999999 -0.2496138238063553
4.620000000000001 -0.2469187111675578
4.630000000000001 -0.2443730809900504
4.640000000000001 -0.2414965066426192
4.65 -0.2389510028081477
4.66 -0.2363982507783494
4.67 -0.2336140606614464
4.68 -0.2309289506401948
4.6899999999999995 -0.2280974034556332
4.699999999999999 -0.2253166003057778
4.710000000000001 -0.2214851240972474
4.720000000000001 -0.2189249929532646
4.73 -0.2170003856216708
4.74 -0.2151489220082284
4.75 -0.2135190840145665
4.76 -0.2137040035538467
4.77 -0.2118792648470797
4.779999999999999 -0.2101963820253179
4.790000000000001 nan
4.800000000000001 nan
4.8100000000000005 nan
4.82 nan
4.83 nan
4.84 nan
4.85 nan
4.859999999999999 nan
4.870000000000001 nan
4.880000000000001 nan
4.890000000000001 nan
4.9 nan
4.91 nan
4.92 nan
4.93 nan
4.9399999999999995 nan
4.949999999999999 nan
4.960000000000001 nan
4.970000000000001 nan
4.98 nan
4.99 nan
5.0 nan
5.01 nan
5.02 nan
5.029999999999999 nan
5.040000000000001 nan
5.050000000000001 nan
5.0600000000000005 nan
5.07 nan
5.08 nan
5.09 nan
5.1 nan
5.109999999999999 nan
5.120000000000001 nan
5.130000000000001 -0.1885566510686147
5.140000000000001 -0.1885187453428946
5.15 -0.1886648471119799
5.16 -0.1885790339034734
5.17 -0.1886722720460824
5.18 -0.18886860898014
5.1899999999999995 -0.188887125263991
5.199999999999999 nan
5.210000000000001 nan
5.220000000000001 nan
5.23 nan
5.24 nan
5.25 nan
5.26 nan
5.27 nan
5.279999999999999 nan
5.290000000000001 nan
5.300000000000001 nan
5.3100000000000005 nan
5.32 nan
5.33 nan
5.34 nan
5.35 nan
5.359999999999999 nan
5.370000000000001 nan
5.380000000000001 nan
5.390000000000001 nan
5.4 nan
5.41 nan
5.420000000000002 nan
5.43 nan
5.440000000000001 nan
5.449999999999999 nan
5.460000000000001 nan
5.469999999999999 nan
5.48 nan
5.489999999999998 nan
5.5 nan
5.510000000000002 nan
5.52 nan
5.530000000000001 nan
5.539999999999999 nan
5.550000000000001 nan
5.559999999999999 nan
5.57 nan
5.580000000000002 nan
5.59 nan
5.600000000000001 nan
5.609999999999999 nan
5.620000000000001 nan
5.629999999999999 nan
5.640000000000001 nan
5.649999999999999 nan
5.66 nan
5.670000000000002 nan
5.68 nan
5.690000000000001 nan
5.699999999999999 nan
5.710000000000001 nan
5.719999999999999 nan
5.73 nan
5.739999999999998 nan
5.75 nan
5.760000000000002 nan
5.77 nan
5.780000000000001 nan
5.789999999999999 nan
5.800000000000001 nan
5.809999999999999 nan
5.82 nan
5.830000000000002 -0.1759879619413261
5.84 -0.1756341043708753
5.850000000000001 -0.1754482536988992
5.859999999999999 -0.1752319836446028
5.870000000000001 -0.1747377861158638
5.879999999999999 -0.1744416685646305
5.890000000000001 -0.1743306858240813
5.899999999999999 -0.1740522817100169
5.91 -0.1737500742835233
5.920000000000002 -0.1737667021763292
5.93 -0.1736669928027483
5.940000000000001 -0.1732613702540079
5.949999999999999 -0.1730629923861008
5.960000000000001 -0.1728145771157446
5.969999999999999 -0.1725225945652225
5.98 -0.1721580508683285
5.989999999999998 -0.1716402035778148
6.0 -0.1713671644822449
6.010000000000002 -0.1709735439179509
6.02 -0.1708915807219149
6.030000000000001 -0.1707549233591793
6.039999999999999 -0.170530562115653
6.050000000000001 -0.1700366122388668
6.059999999999999 -0.1699578549448181
6.07 -0.1697170796768941
6.080000000000002 nan
6.09 -0.1705665589969234
6.100000000000001 -0.1705445045001341
6.109999999999999 -0.1704367559865326
6.120000000000001 -0.1705607187537444
6.129999999999999 -0.1701921211048166
6.140000000000001 -0.1701243622843013
6.149999999999999 -0.1699889438626235
6.16 -0.1701176863971988
6.170000000000002 -0.1700609601465696
6.18 -0.1698058583201182
6.190000000000001 -0.1696578985292113
6.199999999999999 -0.1701689866988694
6.210000000000001 -0.169786371383686
6.219999999999999 -0.1700492337549277
6.23 -0.1699250929526634
6.239999999999998 -0.1697734498696012
6.25 -0.1694904816069835
6.260000000000002 -0.1692672214578308
6.27 -0.1691226437884251
6.280000000000001 -0.1689263166667937
6.289999999999999 -0.1685568867938778
6.300000000000001 -0.1683894020160731
6.309999999999999 -0.1681136134727814
6.32 -0.1680332906312978
6.330000000000002 -0.1675954382678999
6.34 -0.1673923347335855
6.350000000000001 -0.1669539774840931
6.359999999999999 -0.1665875885225048
6.370000000000001 -0.1662763760815454
6.379999999999999 -0.1658935637611286
6.390000000000001 -0.1656846381735748
6.399999999999999 -0.1654248146169357
6.41 -0.1648387698201718
6.420000000000002 -0.1645829792601106
6.43 -0.1639514332005045
6.440000000000001 -0.1638483643761551
6.449999999999999 -0.1636588606855987
6.460000000000001 -0.1631501925353094
6.469999999999999 -0.1630989386933634
6.48 -0.1626869884002974
6.489999999999998 -0.1622355664778338
6.5 -0.1620941812141507
6.510000000000002 -0.1616322011170194
6.52 -0.1616014162549185
6.530000000000001 -0.161290900953285
6.539999999999999 -0.1610491423331543
6.550000000000001 -0.1610852764317594
6.559999999999999 -0.1608486088327348
6.57 -0.1604548296144868
6.580000000000002 -0.1601659100318944
6.59 -0.1607339398203801
6.600000000000001 -0.1605814514173541
6.609999999999999 -0.1599793534261005
6.620000000000001 -0.1599448044904967
6.629999999999999 -0.1599403501255286
6.640000000000001 -0.1596469493864081
6.649999999999999 -0.1593734399672347
6.66 -0.1592373296694322
6.670000000000002 -0.1580983124068175
6.68 -0.1578162579716712
6.690000000000001 -0.1577698448480453
6.699999999999999 -0.1576154945996332
6.710000000000001 -0.1573344828095699
6.719999999999999 -0.1570670259638672
6.73 -0.1567655233645312
6.739999999999998 -0.1565291067700358
6.75 -0.1561157652947608
6.760000000000002 -0.1558596595539892
6.77 -0.1555508521868655
6.780000000000001 -0.1555006122580035
6.789999999999999 -0.1550306461827656
6.800000000000001 -0.1548535159276285
6.809999999999999 -0.1543028778131864
6.82 -0.1541838969336296
6.830000000000002 -0.1538723127514622
6.84 -0.153030037172999
6.850000000000001 -0.1527962592246428
6.859999999999999 -0.1523633360404393
6.870000000000001 -0.1521683151405484
6.879999999999999 -0.1530499234336826
6.890000000000001 -0.1528407657570756
6.899999999999999 -0.1524678723937298
6.91 -0.152182459798392
6.920000000000002 -0.1518689950313219
6.93 -0.1516921618675222
6.940000000000001 -0.1513601467079563
6.949999999999999 -0.1512452926404991
6.960000000000001 -0.1509751239621113
6.969999999999999 -0.1506529986471621
6.98 -0.150473891558522
6.989999999999998 -0.1501121234406393
7.0 -0.1498249631592154
7.010000000000002 -0.1496091381639706
7.02 -0.1492975944416091
7.030000000000001 -0.1491676734598069
7.039999999999999 -0.1490482036661818
7.050000000000001 -0.1486104285680526
7.059999999999999 -0.1485622197397472
7.07 -0.1481797297832003
7.080000000000002 -0.1480754567773304
7.09 -0.1477498422405835
7.100000000000001 -0.1474749365693181
7.109999999999999 -0.1474744894268782
7.120000000000001 -0.1472486709980089
7.129999999999999 -0.1470973144243286
7.140000000000001 -0.1467200829746038
7.149999999999999 -0.1465890325205685
7.16 -0.1464521970843473
7.170000000000002 -0.1465704579875783
7.18 -0.1463101023063706
7.190000000000001 -0.1463389218308439
7.199999999999999 -0.146099055619232
7.210000000000001 -0.1459963315064639
7.219999999999999 -0.1458644304856787
7.23 -0.145787566049866
7.239999999999998 -0.1457592023717462
7.25 -0.1455728715947193
7.260000000000002 -0.1454496819257471
7.27 -0.1453972458910795
7.280000000000001 -0.1451030866168855
7.289999999999999 -0.1451115950353491
7.300000000000001 -0.1450680961558565
7.309999999999999 -0.1448755026688157
7.32 -0.144892400481821
7.330000000000002 -0.1445356377223538
7.34 -0.1444302632009738
7.350000000000001 -0.1443447845181606
7.359999999999999 -0.1440526097024372
7.370000000000001 -0.1439899964677267
7.379999999999999 -0.1437021583769988
7.390000000000001 -0.1435412288713015
7.399999999999999 -0.1435481109179489
7.41 -0.1431976876982885
7.420000000000002 -0.1431518683790062
7.43 -0.1430721489798133
7.440000000000001 -0.1426509994299249
7.449999999999999 -0.1425372204220226
7.460000000000001 -0.1423345388535592
7.469999999999999 -0.1422178292978681
7.48 -0.1420551583751879
7.489999999999998 -0.1418492621112911
7.5 -0.1418008279564227
7.510000000000002 -0.1417407455670289
7.52 -0.1414562878293365
7.530000000000001 -0.1415453798913944
7.539999999999999 -0.1412881033049358
7.550000000000001 -0.1413211061965646
7.559999999999999 -0.1411849416669777
7.57 -0.141123114205339
7.580000000000002 -0.1407984995507108
7.59 -0.1408131077441898
7.600000000000001 -0.1408014353430851
7.609999999999999 -0.140545401571678
7.620000000000001 -0.1404968139447867
7.629999999999999 -0.1404098831110398
7.640000000000001 -0.1400939615840269
7.649999999999999 -0.140064130756356
7.66 -0.139972251350802
7.670000000000002 -0.1397261733390923
7.68 -0.1394822819043631
7.690000000000001 -0.1395453341436263
7.699999999999999 -0.1391735766151138
7.710000000000001 -0.1392562855722283
7.719999999999999 -0.1390814114466748
7.73 -0.1388648498016391
7.739999999999998 -0.1387989702142903
7.75 -0.1387332624853819
7.760000000000002 -0.1386121094296519
7.77 -0.1385943354776494
7.780000000000001 -0.1385674609114493
7.789999999999999 -0.1384631208603902
7.800000000000001 -0.1383561736846899
7.809999999999999 -0.1384359200148722
7.82 -0.138386239259149
7.830000000000002 -0.1382158684142174
7.84 -0.1381632696286731
7.850000000000001 -0.1379022336018113
7.859999999999999 -0.1379284150221551
7.870000000000001 -0.1377723497393223
7.879999999999999 -0.1376632050640386
7.890000000000001 -0.1376900395644883
7.899999999999999 -0.1373990651711205
7.91 -0.1373300192556386
7.920000000000002 -0.1371949821089034
7.93 -0.1371345580701647
7.940000000000001 -0.1370467046288889
7.949999999999999 -0.1369583300941393
7.960000000000001 -0.1367270681394627
7.969999999999999 -0.1367339682860089
7.98 -0.1365465406440634
7.989999999999998 -0.1366906955549663
8.0 -0.1364135418431862
8.010000000000002 -0.1365005345163983
8.02 -0.1362132536784433
8.030000000000001 -0.1361900555884615
8.04 -0.1359545583985876
8.05 -0.1358218152887458
8.059999999999999 -0.1357032215847483
8.07 -0.1356534590388945
8.080000000000002 -0.1355045832708851
8.09 -0.1353647744334919
8.100000000000001 -0.1350952090299448
8.11 -0.1348914332983574
8.120000000000001 -0.1346475757126151
8.129999999999999 -0.1345898849401512
8.14 -0.1342980177127073
8.149999999999999 -0.1341689267785696
8.16 -0.1339413794906744
8.170000000000002 -0.1336556478094924
8.18 -0.1334984380454975
8.190000000000001 -0.1332760726070827
8.2 -0.1330546037082442
8.21 -0.1328109977754115
8.219999999999999 -0.1325479385781343
8.23 -0.1323714256376176
8.239999999999998 -0.1323256706153012
8.25 -0.131832230963761
8.260000000000002 -0.1316381657582691
8.27 -0.1316725133985932
8.280000000000001 -0.1313316848073877
8.29 -0.1309429807671943
8.3 -0.1307000552352031
8.309999999999999 -0.1304696671709195
8.32 -0.1302780316176257
8.330000000000002 -0.1298387770141612
8.34 -0.1296558408051359
8.350000000000001 -0.1290091093529686
8.36 -0.1290999792985777
8.370000000000001 -0.128874137203099
8.379999999999999 -0.1286099572721411
8.39 -0.1283504850291003
8.399999999999999 -0.1279600271745591
8.41 -0.1279536177904709
8.420000000000002 -0.1276419632748386
8.43 -0.1274041918165623
8.440000000000001 -0.1269952688945715
8.45 -0.1266242789644652
8.46 -0.1264637026440631
8.469999999999999 -0.1260767628604686
8.48 -0.1259349002090155
8.489999999999998 -0.1255994889443783
8.5 -0.1252926696251516
8.510000000000002 -0.1250911218684917
8.52 -0.1250475510316303
8.530000000000001 -0.1247500078916599
8.54 -0.1242220807804062
8.55 -0.1242602825134434
8.559999999999999 -0.1240324688055513
8.57 -0.1238210834045306
8.580000000000002 -0.1235569668139918
8.59 -0.1233012617260035
8.600000000000001 -0.1229763651310742
8.61 -0.1226137917965977
8.620000000000001 -0.1224129811969441
8.629999999999999 -0.1221203275271179
8.64 -0.1219058794840312
8.649999999999999 -0.121612439130318
8.66 -0.1213500301471493
8.670000000000002 -0.121140623861735
8.68 -0.1208781176392381
8.690000000000001 -0.1205705467592753
8.7 -0.1204413313476658
8.71 -0.1200698614935123
8.719999999999999 -0.1198098604337106
8.73 -0.1195618234643545
8.739999999999998 -0.1193236155196792
8.75 -0.1190926982884804
8.760000000000002 -0.1189096343742224
8.77 -0.1184096716745223
8.780000000000001 -0.1181504374792087
8.79 -0.1178772851311083
8.8 -0.1175137193631302
8.809999999999999 -0.1171719580188791
8.82 -0.1170950581778596
8.830000000000002 -0.1167184724127489
8.84 -0.1165124887885415
8.850000000000001 -0.116107336658865
8.86 -0.1158449969086009
8.870000000000001 -0.1156060513763274
8.879999999999999 -0.1153237212877053
8.89 -0.1147402296363535
8.899999999999999 -0.1145442956145592
8.91 -0.1143584497660423
8.920000000000002 -0.1141535641337417
8.93 -0.1136884373974272
8.940000000000001 -0.1134553073178452
8.95 -0.1131983716568693
8.96 -0.1128104892226285
8.969999999999999 -0.1124760717813867
8.98 -0.1122983221848835
8.989999999999998 -0.1119983028268317
9.0 -0.1117923868975605
9.010000000000002 -0.1114654382206218
9.02 -0.111279494036016
9.030000000000001 -0.110795941795337
9.04 -0.1106561316690945
9.05 -0.1104488527582368
9.059999999999999 -0.1103005337098656
9.07 -0.1100721014360889
9.080000000000002 -0.1097205254538155
9.09 -0.1093790890514861
9.100000000000001 -0.1092909404520934
9.11 -0.1089143012125659
9.120000000000001 -0.1088426755962211
9.129999999999999 -0.1083618270773564
9.14 -0.108158609878676
9.149999999999999 -0.1078463416568027
9.16 -0.1078054028968779
9.170000000000002 -0.1073810742040723
9.18 -0.1072651935206015
9.190000000000001 -0.1070612575947501
9.2 -0.1068687787974577
9.21 -0.1066445710840179
9.219999999999999 -0.1063986678118653
9.23 -0.1061041321135331
9.239999999999998 -0.1056760210220169
9.25 -0.1057199364828838
9.260000000000002 -0.1054666475503888
9.27 -0.1051939679496385
9.280000000000001 -0.1050126154953439
9.29 -0.1047115903828519
9.3 -0.104504090888599
9.309999999999999 -0.1044680971811014
9.32 -0.1041620165931741
9.330000000000002 -0.1039377089913354
9.34 -0.1039625725510917
9.350000000000001 -0.1037776838261761
9.36 -0.1034422013528134
9.370000000000001 -0.1032228624871804
9.379999999999999 -0.1033162013843831
9.39 -0.1029060938650804
9.399999999999999 -0.1026829858329943
9.41 -0.1024891456076263
9.420000000000002 -0.1021390746836993
9.43 -0.1021376633355476
9.440000000000001 -0.1015856218712909
9.45 -0.1015415424275313
9.46 -0.1012050532212266
9.469999999999999 -0.100913956971653
9.48 -0.100726249881847
9.489999999999998 -0.1004740905652385
9.5 -0.1000603000331981
9.510000000000002 -0.0999561357729677
9.52 -0.0996262701125221
9.530000000000001 -0.0994421914596329
9.54 -0.0996010064100493
9.55 -0.0989377544385074
9.559999999999999 -0.0987012891423869
9.57 -0.0984924720784301
9.580000000000002 -0.098186979316118
9.59 -0.0980718136023724
9.600000000000001 -0.0977082221476016
9.61 -0.0976928053770342
9.620000000000001 -0.0973319578864257
9.629999999999999 -0.09725747664585
9.64 -0.0968820789579102
9.649999999999999 -0.0970778761757944
9.66 -0.0966059791782444
9.670000000000002 -0.0963352692483993
9.68 -0.0963279276491589
9.690000000000001 -0.0963084206775095
9.7 -0.0955535273203107
9.71 -0.0952747569247376
9.719999999999999 -0.0955260677527249
9.73 -0.0948258789122374
9.739999999999998 -0.0945719677895123
9.75 -0.0947938612382816
9.760000000000002 -0.0945974350637336
9.77 -0.0943552239188257
9.780000000000001 -0.0936640516961565
9.79 -0.0936060166799672
9.8 -0.0937799835444984
9.809999999999999 -0.0934878836670729
9.82 -0.0928591262517054
9.830000000000002 -0.0930386329673663
9.84 -0.0928481089047668
9.850000000000001 -0.0927432533871786
9.86 -0.0922250122121502
9.870000000000001 -0.0923827525890182
9.879999999999999 -0.0922111099054545
9.89 -0.0921136574310562
9.899999999999999 -0.0919848954730889
9.91 -0.0917965434546868
9.920000000000002 -0.091680488945582
9.93 -0.0916654671334158
9.940000000000001 -0.0913601632195963
9.95 -0.0912439065058877
9.96 -0.091181068692292
9.969999999999999 -0.0917693005036142
9.98 -0.0916847833498722
9.989999999999998 -0.0913697823844732
10.0 -0.0912947926122541
10.010000000000002 -0.0910283323359947
10.02 -0.0907084920354203
10.030000000000001 -0.090706260901927
10.04 -0.090387114134432
10.05 -0.0900595489679065
10.059999999999999 -0.0899762879546367
10.07 -0.0898063482746143
10.080000000000002 -0.089533550219877
10.09 -0.0892742572884238
10.100000000000001 -0.0890342805947888
10.11 -0.0887092453591515
10.120000000000001 -0.088488079847999
10.129999999999999 -0.0882359053955131
10.14 -0.0879398548087532
10.149999999999999 -0.0876790008396481
10.16 -0.0875336297258514
10.170000000000002 -0.087162130319914
10.18 -0.0869101656454927
10.190000000000001 -0.0867519148972255
10.2 -0.0863426262077623
10.21 -0.0862518265168801
10.219999999999999 -0.0861590335688466
10.23 -0.0857347439965974
10.239999999999998 -0.0850996284667547
10.25 -0.0852896141175974
10.260000000000002 -0.0850804793222086
10.27 -0.0847784884720665
10.280000000000001 -0.084667773640284
10.29 -0.0844371343338524
10.3 -0.0840175003023374
10.309999999999999 -0.0839945692161678
10.32 -0.0836411021866317
10.330000000000002 -0.0834479321480886
10.34 -0.0827957326092435
10.350000000000001 -0.0830256152281978
10.36 -0.0828379582512672
10.370000000000001 -0.0824791495607133
10.379999999999999 -0.0817322310185759
10.39 -0.0819348518217018
10.399999999999999 -0.0817670607664966
10.41 -0.0814057327636713
10.420000000000002 -0.0806973761418629
10.43 -0.0809355511893524
10.440000000000001 -0.0805318408552814
10.45 -0.0804716541750484
10.46 -0.0800592435918175
10.469999999999999 -0.0795064701686411
10.48 -0.0794875698925641
10.489999999999998 -0.0791628413071262
10.5 -0.0789717345171071
10.510000000000002 -0.0787408678976594
10.52 -0.0785795376782846
10.530000000000001 -0.0781722788134641
10.54 -0.0779038948648881
10.55 -0.0776687541416691
10.559999999999999 -0.0773493690129616
10.57 -0.0772999124123796
10.580000000000002 -0.0771137313483503
10.59 -0.0768576852873079
10.600000000000001 -0.0765480948429353
10.61 -0.0763606781666493
10.620000000000001 -0.0755926123732382
10.629999999999999 -0.0753331379172269
10.64 -0.0756047364774436
10.649999999999999 -0.0754212035923416
10.66 -0.0750836756903024
10.670000000000002 -0.0742396569095582
10.68 -0.0741589524396504
10.690000000000001 -0.0740205144199954
10.7 -0.074201274396058
10.71 -0.0740253146425092
10.719999999999999 -0.073300332370167
10.73 -0.0730022004902176
10.739999999999998 -0.07267522738934
10.75 -0.0725463035950919
10.760000000000002 -0.0722285829160998
10.77 -0.0724119640906064
10.780000000000001 -0.0717675707965552
10.79 -0.0716505496764378
10.8 -0.0713522435572486
10.809999999999999 -0.0711218785178279
10.82 -0.0708950331582787
10.830000000000002 -0.0706435131787777
10.84 -0.070387608480581
10.850000000000001 -0.0702563050781333
10.86 -0.0700175296329039
10.870000000000001 -0.069848442005662
10.879999999999999 -0.0695847797799517
10.89 -0.0693321069066167
10.899999999999999 -0.0691798808999333
10.91 -0.06890778005006
10.920000000000002 -0.0687643278141631
10.93 -0.069193052823521
10.940000000000001 -0.0690592317934331
10.95 -0.0687782156788282
10.96 -0.0681546587424255
10.969999999999999 -0.0679482905311513
10.98 -0.0682213687430475
10.989999999999998 -0.0680434367863477
11.0 -0.0677527142374461
11.010000000000002 -0.0674053523335803
11.02 -0.0674140613204924
11.030000000000001 -0.0671839009560262
11.04 -0.067054541285581
11.05 -0.0669341338628796
11.059999999999999 -0.0665035820260478
11.07 -0.0662860359261732
11.080000000000002 -0.066116067280955
11.09 -0.0660429326786485
11.100000000000001 -0.0659954469249178
11.11 -0.065431024806577
11.120000000000001 -0.065333994606089
11.129999999999999 -0.0650641115350821
11.14 -0.0649618523637355
11.149999999999999 -0.0647586886120582
11.16 -0.0645896702293774
11.170000000000002 -0.0644665780155966
11.18 -0.0642702816273007
11.190000000000001 -0.0639146993292431
11.2 -0.063717186236547
11.21 -0.063441587690464
11.219999999999999 -0.0628953991455786
11.23 -0.062930795875499
11.239999999999998 -0.0626361638878194
11.25 -0.0628550525456142
11.260000000000002 -0.0623729801156103
11.27 -0.0625396722061331
11.280000000000001 -0.061857477816483
11.29 -0.0616341543987
11.3 -0.0612767160860995
11.309999999999999 -0.0609324454320896
11.32 -0.0607708020146516
11.330000000000002 -0.0599888979157168
11.34 -0.0598277963392371
11.350000000000001 -0.0596542832363614
11.36 -0.059450176692523
11.370000000000001 -0.0591993552842181
11.379999999999999 -0.0591487399762279
11.39 -0.0587776370403248
11.399999999999999 -0.0585627004049079
11.41 -0.0584306233484012
11.420000000000002 -0.0582404592888766
11.43 -0.058045075872516
11.440000000000001 -0.0579124569194044
11.45 -0.0577416509819349
11.46 -0.0576089828635264
11.469999999999999 -0.057494694965447
11.48 -0.0572590948672285
11.489999999999998 -0.05722953169826
11.5 -0.0572446131458433
11.510000000000002 -0.0570544785915037
11.52 -0.0573035447250638
11.530000000000001 -0.0572693947736342
11.54 -0.0571331194335133
11.55 -0.0570592139171181
11.559999999999999 -0.0569414770821954
11.57 -0.0568762733580935
11.580000000000002 -0.0571584141428345
11.59 -0.0572380000800772
11.600000000000001 -0.0566211270785118
11.61 -0.05650800032676
11.620000000000001 -0.0563945165524195
11.629999999999999 -0.0566820376055896
11.64 -0.056711230630694
11.649999999999999 -0.0565925174980573
11.66 -0.0566429854611783
11.670000000000002 -0.0564145186914592
11.68 -0.0562980110839783
11.690000000000001 -0.0562457977901739
11.7 -0.0561877081727717
11.71 -0.0561134482567621
11.719999999999999 -0.0559585104960798
11.73 -0.0558232406501896
11.739999999999998 -0.0555960794955314
11.75 -0.055569179689338
11.760000000000002 -0.055407448820042
11.77 -0.0551464103851415
11.780000000000001 -0.0550951337337397
11.79 -0.0545616589276065
11.8 -0.0543075353216253
11.809999999999999 -0.0541568181228423
11.82 -0.0545599325671506
11.830000000000002 -0.0545153556908092
11.84 -0.0541808609336286
11.850000000000001 -0.0540453766552645
11.86 -0.0539064954834282
11.870000000000001 -0.053721923231123
11.879999999999999 -0.053611897282758
11.89 -0.052805296684126
11.899999999999999 -0.0526646549721791
11.91 -0.0526930471809651
11.920000000000002 -0.0524016197530138
11.93 -0.0521981042794703
11.940000000000001 -0.0519778081887864
11.95 -0.0516962204760186
11.96 -0.0512314795981118
11.969999999999999 -0.0510983413801279
11.98 -0.0509343978223103
11.989999999999998 -0.0508003134015507
12.0 -0.0505270040559831
12.010000000000002 -0.0503208988048655
12.02 -0.0502779544304541
12.030000000000001 -0.0501189865763899
12.04 -0.0500187403140047
12.05 -0.0496989140465105
12.059999999999999 -0.0497096670407659
12.07 -0.0494132812322773
12.080000000000002 -0.0494759341488584
12.09 -0.0491493735909842
12.100000000000001 -0.0490303631993967
12.11 -0.0489063629400976
12.120000000000001 -0.0487666189876336
12.129999999999999 -0.0487546687679219
12.14 -0.0486726035218576
12.149999999999999 -0.0485347680903996
12.16 -0.0485304827271006
12.170000000000002 -0.0485114149728928
12.18 -0.0484391463876491
12.190000000000001 -0.0487899369070107
12.2 -0.0486661868027633
12.21 -0.0486987145706769
12.219999999999999 -0.0485120123722575
12.23 -0.048460465780779
12.239999999999998 -0.0485749032672775
12.25 -0.0484108638842324
12.260000000000002 -0.0483450876102217
12.27 -0.048268248096883
12.280000000000001 -0.0482550461280773
12.29 -0.0482688308614588
12.3 -0.0480089947121187
12.309999999999999 -0.0480171245589891
12.32 -0.0479591156376409
12.330000000000002 -0.0483374509207135
12.34 -0.0480889034843732
12.350000000000001 -0.048120624026105
12.36 -0.048049137374297
12.370000000000001 -0.0479064246882024
12.379999999999999 -0.047861011763228
12.39 -0.0477225239730192
12.399999999999999 -0.0475926448318396
12.41 -0.0474170194406012
12.420000000000002 -0.0474805051569743
12.43 -0.0472028588491441
12.440000000000001 -0.0468224650116824
12.45 -0.0467137656879222
12.46 -0.0465656354986555
12.469999999999999 -0.0465425674023682
12.48 -0.0462962494170545
12.489999999999998 -0.0463023375011009
12.5 -0.0461851240225514
12.510000000000002 -0.0461902383489284
12.52 -0.0459976301000428
12.530000000000001 -0.0458690753990313
12.54 -0.0456748545099192
12.55 -0.0455921081939122
12.559999999999999 -0.0454595491822237
12.57 -0.0454173518815224
12.580000000000002 -0.0453080425757105
12.59 -0.0451238532628083
12.600000000000001 -0.0449798265669368
12.61 -0.0447745336543041
12.620000000000001 -0.0446606550920619
12.629999999999999 -0.0445944609405091
12.64 -0.0444015417633037
12.649999999999999 -0.0443232770335177
12.66 -0.0441474037549733
12.670000000000002 -0.0440529015228928
12.68 -0.0440607105582475
12.690000000000001 -0.0439196611986192
12.7 -0.0437619790070717
12.71 -0.0435781870145504
12.719999999999999 -0.0434964237494906
12.73 -0.043297161454618
12.739999999999998 -0.0432164312621421
12.75 -0.0432308574604944
12.760000000000002 -0.0429341780202563
12.77 -0.0428058808580497
12.780000000000001 -0.0427633197298509
12.79 -0.0426112285657278
12.8 -0.0423849618739459
12.809999999999999 -0.0423474039520142
12.82 -0.0423001891762
12.830000000000002 -0.0421107687990578
12.84 -0.0420686867982345
12.850000000000001 -0.0419193463835293
12.86 -0.0418771730761895
12.870000000000001 -0.0413304666956028
12.879999999999999 -0.0417082976146586
12.89 -0.0415690293049176
12.899999999999999 -0.0415191279823764
12.91 -0.0413489550912533
12.920000000000002 -0.0413179576228212
12.93 -0.0411657198454267
12.940000000000001 -0.0411123064574821
12.95 -0.0410776697748743
12.96 -0.0408120092862379
12.969999999999999 -0.0407859244690752
12.98 -0.0407069898456124
12.989999999999998 -0.0405242719815658
13.0 -0.0404385070700061
13.010000000000002 -0.0403404113172809
13.02 -0.0404080675074121
13.030000000000001 -0.0401888277811814
13.04 -0.040062059442014
13.05 -0.0399369363590752
13.059999999999999 -0.0399658957683547
13.07 -0.0397895383797008
13.080000000000002 -0.0397368405128955
13.09 -0.0396111326502012
13.100000000000001 -0.0395795717238285
13.11 -0.0394643375987364
13.120000000000001 -0.0393327345100279
13.129999999999999 -0.0390888022419387
13.14 -0.0389329409129535
13.149999999999999 -0.038889045525154
13.16 -0.0388169879613558
13.170000000000002 -0.0385988493035482
13.18 -0.0385460103817556
13.190000000000001 -0.0383676098329357
13.2 -0.0405470817142144
13.21 -0.0402564764048744
13.219999999999999 -0.0401816845286841
13.23 -0.0400530022610686
13.239999999999998 -0.0400393962514039
13.25 -0.0397829796977028
13.260000000000002 -0.0397327053842718
13.27 -0.0396884753825205
13.280000000000001 -0.0394502501952145
13.29 -0.0394161079835358
13.3 -0.0392541768647978
13.309999999999999 -0.0391318067465408
13.32 -0.0389904385391971
13.330000000000002 -0.0389709034962419
13.34 -0.0388090997226102
13.350000000000001 -0.0386295172910212
13.36 -0.0386315726247722
13.370000000000001 -0.0384523385711468
13.379999999999999 -0.0383286749183083
13.39 -0.03814474157151
13.399999999999999 -0.0381053725526419
13.41 -0.0381165693772974
13.420000000000002 -0.0379542470655312
13.43 -0.0378313241957668
13.440000000000001 -0.0377777281177966
13.45 -0.0376799212451767
13.46 -0.0375250227412003
13.469999999999999 -0.0374191945496691
13.48 -0.037294827807967
13.489999999999998 -0.0371939334753291
13.5 -0.0371106981638563
13.510000000000002 -0.0369942508557795
13.52 -0.0369393439863361
13.530000000000001 -0.036797371762167
13.54 -0.0366581439894693
13.55 -0.0365403323497034
13.559999999999999 -0.0364853752322349
13.57 -0.0362335203683152
13.580000000000002 -0.0360165507627132
13.59 -0.0359121246862074
13.600000000000001 -0.0359144609940932
13.61 -0.0356821803443407
13.620000000000001 -0.0356140515234748
13.629999999999999 -0.0353892210275181
13.64 -0.0353160374137983
13.649999999999999 -0.0351452518608138
13.66 -0.0349859241455877
13.670000000000002 -0.034886876296666
13.68 -0.0347229732711144
13.690000000000001 -0.0346143706723586
13.7 -0.0344065976405576
13.71 -0.0341589356677922
13.719999999999999 -0.0340626091492769
13.73 -0.0339754724360016
13.739999999999998 -0.0336797794520644
13.75 -0.033472379773222
13.760000000000002 -0.0334028193955769
13.77 -0.0331799840039967
13.780000000000001 -0.0330132330837388
13.79 -0.0328005526884021
13.8 -0.0326665406415481
13.809999999999999 -0.0325398034777178
13.82 -0.0323855523987524
13.830000000000002 -0.0323152890274417
13.84 -0.0321234100180803
13.850000000000001 -0.0320371445164158
13.86 -0.0315232967859126
13.870000000000001 -0.0312084147559492
13.879999999999999 -0.0315250797020463
13.89 -0.0312692521526573
13.899999999999999 -0.0313124139549544
13.91 -0.0311016186393557
13.920000000000002 -0.0308829549793413
13.93 -0.0304260480772254
13.940000000000001 -0.030742416080438
13.95 -0.0306294505925501
13.96 -0.0304904297652766
13.969999999999999 -0.0304540561074394
13.98 -0.0303213984341864
13.989999999999998 -0.0302041310419469
14.0 -0.0299213596932473
14.010000000000002 -0.0299286070603341
14.02 -0.0298450665520797
14.030000000000001 -0.0296172191096503
14.04 -0.0295782437284295
14.05 -0.0294936602184008
14.059999999999999 -0.0294289727530037
14.07 -0.029181626145963
14.080000000000002 -0.029148221441962
14.09 -0.0291719285691763
14.100000000000001 -0.0289242162359631
14.11 -0.0289230233672085
14.120000000000001 -0.02882380139264
14.129999999999999 -0.0288351294074588
14.14 -0.0287279263007275
14.149999999999999 -0.0285885970702731
14.16 -0.0285254663577468
14.170000000000002 -0.0284783171308837
14.18 -0.0282800416533316
14.190000000000001 -0.0281645463941021
14.2 -0.0281675157717344
