%x y
0.0 -0.0659420812665284
0.010000000000001563 -0.0658780478849928
0.02000000000000135 -0.0658856435388296
0.030000000000001137 -0.0659010292612111
0.040000000000000924 -0.0659634884984063
0.05000000000000071 -0.0658181376350688
0.0600000000000005 -0.0660485574462097
0.07000000000000028 -0.0658581418553755
0.08000000000000007 -0.0657890814845862
0.09000000000000163 -0.0658150529967064
0.10000000000000142 -0.0658607820405372
0.11000000000000121 -0.0657801651737608
0.120000000000001 -0.0663158347280556
0.13000000000000078 -0.066259040938687
0.14000000000000057 -0.065809552774837
0.15000000000000036 -0.0662073713180059
0.16000000000000014 -0.0663095453444931
0.1700000000000017 -0.066137847112161
0.1800000000000015 -0.065747507985475
0.19000000000000128 -0.0660910150983162
0.20000000000000107 -0.0660934424227379
0.21000000000000085 -0.0658960051556874
0.22000000000000064 -0.0660092041980964
0.23000000000000043 -0.0659294619072594
0.2400000000000002 -0.0657804006842893
0.25 -0.0659452887635975
0.26000000000000156 -0.0656631796072151
0.27000000000000135 -0.0657900761065917
0.28000000000000114 -0.0657011209158343
0.2900000000000009 -0.0656692917052593
0.3000000000000007 -0.0656541276437418
0.3100000000000005 -0.0655290164784536
0.3200000000000003 -0.0655870429886061
0.33000000000000007 -0.0654655805447516
0.34000000000000163 -0.0655959485451743
0.3500000000000014 -0.0654855184494912
0.3600000000000012 -0.0655536358968303
0.370000000000001 -0.0654471649615449
0.3800000000000008 -0.065402442721403
0.39000000000000057 -0.0655123157569504
0.40000000000000036 -0.0654397214924187
0.41000000000000014 -0.0654350546550624
0.4200000000000017 -0.0653038128960118
0.4300000000000015 -0.0653167521735404
0.4400000000000013 -0.0653003697625742
0.45000000000000107 -0.0652178390619943
0.46000000000000085 -0.0652827020213643
0.47000000000000064 -0.0652956499270909
0.4800000000000004 -0.0653560277234832
0.4900000000000002 -0.0652039871418415
0.5 -0.0653424275462729
0.5100000000000016 -0.0652605165123894
0.5200000000000014 -0.0654447093210842
0.5300000000000011 -0.0654502806863071
0.5400000000000009 -0.0653177719696409
0.5500000000000007 -0.0652048049239808
0.5600000000000005 -0.0652498773461462
0.5700000000000003 -0.065172432996631
0.5800000000000001 -0.0651942380859779
0.5900000000000016 -0.0652263499428048
0.6000000000000014 -0.0651283400354691
0.6100000000000012 -0.0652636101234273
0.620000000000001 -0.065165689811819
0.6300000000000008 -0.0650608444974058
0.6400000000000006 -0.064934086113389
0.6500000000000004 -0.0649297519326799
0.6600000000000001 -0.0650369534111368
0.6700000000000017 -0.0649581887711185
0.6800000000000015 -0.0648901637378031
0.6900000000000013 -0.0649767171634211
0.7000000000000011 -0.0648771259471545
0.7100000000000009 -0.0650608620304141
0.7200000000000006 -0.0649126983801811
0.7300000000000004 -0.0649003507441967
0.7400000000000002 -0.0648195476568879
0.75 -0.064840392528818
0.7600000000000016 -0.0646663719196048
0.7700000000000014 -0.0647628678325459
0.7800000000000011 -0.0647308871966419
0.7900000000000009 -0.0646096245996139
0.8000000000000007 -0.0646742637218063
0.8100000000000005 -0.0647061414723579
0.8200000000000003 -0.0647183694201519
0.8300000000000001 -0.064537524824405
0.8400000000000016 -0.0646028428684615
0.8500000000000014 -0.0645595418826951
0.8600000000000012 -0.0644918690704649
0.870000000000001 -0.064626341105262
0.8800000000000008 -0.0645196595005068
0.8900000000000006 -0.0645849803622032
0.9000000000000004 -0.0643426481877584
0.9100000000000001 -0.0645875827813482
0.9200000000000017 -0.0643499285941905
0.9300000000000015 -0.0644458340934536
0.9400000000000013 -0.0644376583241432
0.9500000000000011 -0.0644585202386392
0.9600000000000009 -0.0645043582216304
0.9700000000000006 -0.0645157676191294
0.9800000000000004 -0.0645236905979421
0.9900000000000002 -0.0645161518032048
1.0 -0.0644635966325157
1.0100000000000016 -0.0644820603910054
1.0200000000000014 -0.0645860913884334
1.0300000000000011 -0.0644140627660388
1.040000000000001 -0.0646411432091257
1.0500000000000007 -0.0645631818413892
1.0600000000000005 -0.064674823927371
1.0700000000000003 -0.0646573282446897
1.08 -0.0647019664995055
1.0900000000000016 -0.0648473270209134
1.1000000000000014 -0.0648723976900946
1.1100000000000012 -0.0649643009713553
1.120000000000001 -0.0648444773560022
1.1300000000000008 -0.0648652892946729
1.1400000000000006 -0.0647536945242567
1.1500000000000004 -0.0647571864807109
1.1600000000000001 -0.0647955378649068
1.1700000000000017 -0.064887668444877
1.1800000000000015 -0.0647364846348213
1.1900000000000013 -0.0649375983670865
1.200000000000001 -0.0650049199457507
1.2100000000000009 -0.0649353693874355
1.2200000000000006 -0.064946484859056
1.2300000000000004 -0.0650547315039021
1.2400000000000002 -0.0649554010506364
1.25 -0.0650444367999476
1.2600000000000016 -0.0651062252434747
1.2700000000000014 -0.0651461319382828
1.2800000000000011 -0.0652487473904362
1.290000000000001 -0.0651674342392798
1.3000000000000007 -0.0652518410769441
1.3100000000000005 -0.0652792785656612
1.3200000000000003 -0.0652228263004631
1.33 -0.0652852620992713
1.3400000000000016 -0.0653579042913475
1.3500000000000014 -0.065506059450815
1.3600000000000012 -0.0656209348565602
1.370000000000001 -0.0657114300205856
1.3800000000000008 -0.0658748327034769
1.3900000000000006 -0.0658425319068275
1.4000000000000004 -0.0657356954343997
1.4100000000000001 -0.0659152236368412
1.4200000000000017 -0.0660758266642674
1.4300000000000015 -0.0661296764381225
1.4400000000000013 -0.0662113840931328
1.450000000000001 -0.0662019858716891
1.4600000000000009 -0.0661215580024452
1.4700000000000006 -0.0662686836388414
1.4800000000000004 -0.0663278640558254
1.4900000000000002 -0.0663900300069391
1.5 -0.0664808148828504
1.5100000000000016 -0.0666142353346422
1.5200000000000014 -0.0666404984693421
1.5300000000000011 -0.0667717926968712
1.540000000000001 -0.0667454275299823
1.5500000000000007 -0.0669302361756862
1.5600000000000005 -0.066997897641259
1.5700000000000003 -0.0669723989063606
1.58 -0.0668379802992864
1.5900000000000016 -0.0668136854644232
1.6000000000000014 -0.0668602068114075
1.6100000000000012 -0.0667835063426019
1.620000000000001 -0.0667045638634697
1.6300000000000008 -0.0667584679392201
1.6400000000000006 -0.0667578828692583
1.6500000000000004 -0.0667724229526563
1.6600000000000001 -0.0666850341689967
1.6700000000000017 -0.0665369192684
1.6800000000000015 -0.0666387547096432
1.6900000000000013 -0.0666122740178217
1.700000000000001 -0.0666017707394654
1.7100000000000009 -0.0665039057190736
1.7200000000000006 -0.0664484631326532
1.7300000000000004 -0.0664130397226726
1.7400000000000002 -0.0664890237922659
1.75 -0.0664733031520051
1.7600000000000016 -0.0661040783956627
1.7700000000000014 -0.0661718478287219
1.7800000000000011 -0.0660214326548589
1.790000000000001 -0.0660594172553769
1.8000000000000007 -0.0659526381852414
1.8100000000000005 -0.0657600640199873
1.8200000000000003 -0.0657480214330797
1.83 -0.0656280763776796
1.8400000000000016 -0.0654825930206537
1.8500000000000014 -0.0654510126379823
1.8600000000000012 -0.0654228932585661
1.870000000000001 -0.0654525832670047
1.8800000000000008 -0.0652258001543591
1.8900000000000006 -0.0651161017094227
1.9000000000000004 -0.0651167485233411
1.9100000000000001 -0.0649138152665977
1.9200000000000017 -0.0648914926415899
1.9300000000000015 -0.0648121626713528
1.9400000000000013 -0.0646845912462753
1.950000000000001 -0.0645139711491597
1.9600000000000009 -0.0644229518583121
1.9700000000000006 -0.064332750521177
1.9800000000000004 -0.064144184151021
1.9900000000000002 -0.0639976470813316
2.0 -0.0638931819545857
2.0100000000000016 -0.0637816634757526
2.0200000000000014 -0.0637058241048817
2.030000000000001 -0.0636793765863615
2.040000000000001 -0.0634938473814413
2.0500000000000007 -0.0634674220711607
2.0600000000000005 -0.0631544395868573
2.0700000000000003 -0.0633264324091612
2.08 -0.0631930623597141
2.0900000000000016 -0.0630545380079536
2.1000000000000014 -0.0630183615218702
2.110000000000001 -0.0630522903705038
2.120000000000001 -0.0630499091338916
2.130000000000001 -0.0629893565933924
2.1400000000000006 -0.0630693054855455
2.1500000000000004 -0.063063852952805
2.16 -0.0632276635536572
2.1700000000000017 -0.0635010352826814
2.1800000000000015 -0.0635644882521323
2.1900000000000013 -0.063882621032166
2.200000000000001 -0.0644119620258729
2.210000000000001 -0.0649252908376808
2.2200000000000006 -0.0658594996231376
2.2300000000000004 -0.0665600716361237
2.24 -0.0673814156124771
2.25 -0.0682828646858677
2.2600000000000016 -0.0694734425727703
2.2700000000000014 -0.0704708516812898
2.280000000000001 -0.071701949233167
2.290000000000001 -0.0728837022647086
2.3000000000000007 -0.0741274077704325
2.3100000000000005 -0.0755838417012687
2.3200000000000003 -0.0769825129988419
2.33 -0.0781545268518471
2.3400000000000016 -0.0796446261572022
2.3500000000000014 -0.0810205845174514
2.360000000000001 -0.0826920134231306
2.370000000000001 -0.0842770890733157
2.380000000000001 -0.0858788144075608
2.3900000000000006 -0.0875727100171055
2.4000000000000004 -0.0892848565649318
2.41 -0.090947561062678
2.4200000000000017 -0.0926783073787005
2.4300000000000015 -0.0943838159880865
2.4400000000000013 -0.0961920119031667
2.450000000000001 -0.0979477178702578
2.460000000000001 -0.0996220672708273
2.4700000000000006 -0.1015676450422077
2.4800000000000004 -0.1033939445210442
2.49 -0.1051974416084083
2.5 -0.1070650610858841
2.5100000000000016 -0.1088648595977565
2.5200000000000014 -0.1106612053668526
2.530000000000001 -0.1125487959467235
2.540000000000001 -0.1144096224424885
2.5500000000000007 -0.1161734326413654
2.5600000000000005 -0.118012121181189
2.5700000000000003 -0.1198190080473228
2.58 -0.1217485007350771
2.5900000000000016 -0.1234800556971042
2.6000000000000014 -0.1254993774593145
2.610000000000001 -0.1272510646559349
2.620000000000001 -0.1291658059196357
2.630000000000001 -0.1310581738938431
2.6400000000000006 -0.1330437908235446
2.6500000000000004 -0.1348452668696553
2.66 -0.1367073731013367
2.6700000000000017 -0.138650962487042
2.6800000000000015 -0.1405987983877857
2.6900000000000013 -0.1423666394287797
2.700000000000001 -0.1441657337361167
2.710000000000001 -0.1459822084030986
2.7200000000000006 -0.1477951694800136
2.7300000000000004 -0.1496244086378404
2.74 -0.151177599271305
2.75 -0.1528710452791614
2.7600000000000016 -0.1546831687442084
2.7700000000000014 -0.1564166023077031
2.780000000000001 -0.158060811933055
2.790000000000001 -0.1597708506551259
2.8000000000000007 -0.161430722606435
2.8100000000000005 -0.1630016631103321
2.8200000000000003 -0.1645002315993161
2.83 -0.1659884759340583
2.8400000000000016 -0.1676177082159769
2.8500000000000014 -0.169273857981893
2.860000000000001 -0.1708727168145195
2.870000000000001 -0.1723522078682886
2.880000000000001 -0.1740636121624743
2.8900000000000006 -0.1754884982511005
2.9000000000000004 -0.1770232825912597
2.91 -0.1781911004724135
2.9200000000000017 -0.17976095115889
2.9300000000000015 -0.1812371638053081
2.9400000000000013 -0.1827347942991116
2.950000000000001 -0.1842595696048648
2.960000000000001 -0.1853336313746276
2.9700000000000006 -0.1868843299310905
2.9800000000000004 -0.188425089148053
2.99 -0.1897472159139596
3.0 -0.1911337861269531
3.0100000000000016 -0.1923777468534775
3.0200000000000014 -0.1937236050473715
3.030000000000001 -0.1953629389926177
3.040000000000001 -0.1965993690974085
3.0500000000000007 -0.1978309861791477
3.0600000000000005 -0.1991599641717403
3.0700000000000003 -0.2003423490652866
3.08 -0.2016347090682658
3.0900000000000016 -0.2029352205793993
3.1000000000000014 -0.2042407435615497
3.110000000000001 -0.2054079370929954
3.120000000000001 -0.2065818312435327
3.130000000000001 -0.2076644350786453
3.1400000000000006 -0.2088231754858817
3.1500000000000004 -0.2100451468805705
3.16 -0.2111921545619284
3.1700000000000017 -0.2122899277738232
3.1800000000000015 -0.2135505057638719
3.1900000000000013 -0.214437801030412
3.200000000000001 -0.2154090030798484
3.210000000000001 -0.2164558674362119
3.2200000000000024 -0.2175205820642414
3.2300000000000004 -0.21841681779297
3.240000000000002 -0.2194496934011606
3.25 -0.2205543877326337
3.2600000000000016 -0.2212666920524093
3.2699999999999996 -0.2221683945469454
3.280000000000001 -0.2231934813009734
3.289999999999999 -0.2240620767671327
3.3000000000000007 -0.2250100605176961
3.3100000000000023 -0.2261843147148081
3.3200000000000003 -0.2270632938593395
3.330000000000002 -0.227441473385934
3.34 -0.2285880617919978
3.3500000000000014 -0.2294902623119032
3.3599999999999994 -0.2304649513786328
3.370000000000001 -0.2314455690804352
3.3800000000000026 -0.2322833899569251
3.3900000000000006 -0.2332187671953807
3.400000000000002 -0.2340028324223061
3.41 -0.2349151347706412
3.4200000000000017 -0.2360003889178492
3.4299999999999997 -0.2369852642916883
3.4400000000000013 -0.2378369502503643
3.4499999999999993 -0.2388092082762392
3.460000000000001 -0.2399789526424599
3.4700000000000024 -0.2407381144113283
3.4800000000000004 -0.2416654604475755
3.490000000000002 -0.2428206386148232
3.5 -0.2435111399620498
3.5100000000000016 -0.2444922447763665
3.5199999999999996 -0.2454948378742098
3.530000000000001 -0.2466746509543018
3.539999999999999 -0.247682566588961
3.5500000000000007 -0.2487009137959234
3.5600000000000023 -0.249589071347324
3.5700000000000003 -0.250407843426835
3.580000000000002 -0.2515168541631284
3.59 -0.2526837118951668
3.6000000000000014 -0.2532993261670118
3.6099999999999994 -0.2543309179465119
3.620000000000001 -0.2554406348957156
3.6300000000000026 -0.256251108746583
3.6400000000000006 -0.2571807242161259
3.650000000000002 -0.2583584766558218
3.66 -0.2592180026219194
3.6700000000000017 -0.2601393735861279
3.6799999999999997 -0.2612462997911147
3.6900000000000013 -0.2621871132440703
3.6999999999999993 -0.2631222870102246
3.710000000000001 -0.2642735536909028
3.7200000000000024 -0.2652797569105836
3.7300000000000004 -0.2660923757013972
3.740000000000002 -0.2668817662117481
3.75 -0.2679114131785041
3.7600000000000016 -0.2687824383905913
3.7699999999999996 -0.2698973207210449
3.780000000000001 -0.2707948858178787
3.789999999999999 -0.2715372846995457
3.8000000000000007 -0.2724476354935838
3.8100000000000023 -0.2734990349696047
3.8200000000000003 -0.2746879933106559
3.830000000000002 -0.2754869054047992
3.84 -0.2766714498887156
3.8500000000000014 -0.2776548700019306
3.8599999999999994 -0.2786281792711583
3.870000000000001 -0.2795806026845969
3.8800000000000026 -0.2804094115036872
3.8900000000000006 -0.2816592975641375
3.900000000000002 -0.2825033688519609
3.91 -0.2836382893717287
3.9200000000000017 -0.284582842344349
3.9299999999999997 -0.2857403018251987
3.9400000000000013 -0.2865930038047904
3.9499999999999993 -0.2876413886080224
3.960000000000001 -0.2884504725525011
3.9700000000000024 -0.2895386069699139
3.9800000000000004 -0.2905461670456197
3.990000000000002 -0.2915582316692555
4.0 -0.292492157731258
4.010000000000002 -0.2934385379409647
4.02 -0.2944838188982091
4.030000000000001 -0.2953667117633187
4.039999999999999 -0.2961207035496592
4.050000000000001 -0.2973485815439817
4.060000000000002 -0.2981738632837264
4.07 -0.2990208156755706
4.080000000000002 -0.3000000097190198
4.09 -0.300993120308398
4.100000000000001 -0.3020358160234324
4.109999999999999 -0.3028927610081428
4.120000000000001 -0.303789269586995
4.130000000000003 -0.304877528484958
4.140000000000001 -0.3058995646309509
4.150000000000002 -0.3069047014092022
4.16 -0.3076841994298366
4.170000000000002 -0.3086733895820093
4.18 -0.3096006109302115
4.190000000000001 -0.3105696231818904
4.199999999999999 -0.3113461609268037
4.210000000000001 -0.3122041069093452
4.220000000000002 -0.3132073000422476
4.23 -0.3141876402711211
4.240000000000002 -0.3148382641657623
4.25 -0.3156499595173626
4.260000000000002 -0.3165495738828808
4.27 -0.3177352284425167
4.280000000000001 -0.3187344251224871
4.289999999999999 -0.3195724965412487
4.300000000000001 -0.3205181026466726
4.310000000000002 -0.3215324318189118
4.32 -0.3222157425168528
4.330000000000002 -0.3232803955523257
4.34 -0.3238862803597556
4.350000000000001 -0.3251122309869856
4.359999999999999 -0.325933999283323
4.370000000000001 -0.3267787649769529
4.380000000000003 -0.3277251828776156
4.390000000000001 -0.3286093801093965
4.400000000000002 -0.3293577184763621
4.41 -0.3302887403045249
4.420000000000002 -0.3308836960934107
4.43 -0.3317573810214805
4.440000000000001 -0.3322588957555836
4.449999999999999 -0.3327558617240344
4.460000000000001 -0.3333271452892997
4.470000000000002 -0.3335144353767015
4.48 -0.3341414407618817
4.490000000000002 -0.3342433370834742
4.5 -0.3342492094106411
4.510000000000002 -0.3338762402311806
4.52 -0.3333236689004814
4.530000000000001 -0.3330127472920666
4.539999999999999 -0.332115728531893
4.550000000000001 -0.3311048200768011
4.560000000000002 -0.3297412527676245
4.57 -0.3283587673887935
4.580000000000002 -0.3266971980069531
4.59 -0.3246617743146738
4.600000000000001 -0.3224421268488109
4.609999999999999 -0.3200066495624714
4.620000000000001 -0.3174836221527014
4.630000000000003 -0.3148578875142837
4.640000000000001 -0.3119111350281822
4.650000000000002 -0.3086699801439324
4.66 -0.3052709194274524
4.670000000000002 -0.3019739502484881
4.68 -0.297964872430309
4.690000000000001 -0.2943281561464192
4.699999999999999 -0.290100188411772
4.710000000000001 -0.286214358463567
4.720000000000002 -0.2823617082620976
4.73 -0.2786123705337421
4.740000000000002 -0.2751476721678008
4.75 -0.2722027388884638
4.760000000000002 -0.2686792442219774
4.77 -0.2658028186124763
4.780000000000001 -0.2623447749578735
4.789999999999999 -0.2594154067025351
4.800000000000001 -0.2565310801129175
4.810000000000002 -0.2536812092315968
4.82 -0.2509616626034696
4.830000000000002 -0.2482421731310795
4.84 -0.2456201901929406
4.850000000000001 -0.243039501629734
4.859999999999999 -0.2405472145436375
4.870000000000001 -0.2380127615365924
4.880000000000003 -0.2355042621722274
4.890000000000001 -0.2330285608143146
4.900000000000002 -0.2305822926318895
4.91 -0.2282085666798153
4.920000000000002 -0.2258308088140469
4.93 -0.2234790727512852
4.940000000000001 -0.2212433877464438
4.949999999999999 -0.2187689349941911
4.960000000000001 -0.2167336132045937
4.970000000000002 -0.2146668158990918
4.98 -0.2126351264942003
4.990000000000002 -0.2105781522199395
5.0 -0.208619117858482
5.010000000000002 -0.2066705991301954
5.02 -0.2046744664697967
5.030000000000001 -0.2027691144887602
5.039999999999999 -0.200901413300564
5.050000000000001 -0.1989667792846267
5.060000000000002 -0.1973067840529297
5.07 -0.1953212526895459
5.080000000000002 -0.1935005813813214
5.09 -0.1918421059910836
5.100000000000001 -0.1900148538871534
5.109999999999999 -0.1883378215581401
5.120000000000001 -0.186817232143261
5.130000000000003 -0.1849775840423297
5.140000000000001 -0.182764850096248
5.150000000000002 -0.1812015742835037
5.16 -0.1794630527066174
5.170000000000002 -0.1778271283573485
5.18 -0.1766196441632491
5.190000000000001 -0.175034462121969
5.199999999999999 -0.1735100069882182
5.210000000000001 -0.1720773389510652
5.220000000000002 -0.1706046192131442
5.23 -0.1691414686844228
5.240000000000002 -0.1676839859844982
5.25 -0.1663040060286666
5.260000000000002 -0.1647982037700495
5.27 -0.1632857785882272
5.280000000000001 -0.161909970892394
5.289999999999999 -0.1606364740487864
5.300000000000001 -0.1593574825685758
5.310000000000002 -0.1579994099491214
5.32 -0.1567102916115988
5.330000000000002 -0.1553918714129502
5.34 -0.1540781444710929
5.350000000000001 -0.1524372580137926
5.359999999999999 -0.1512892286873081
5.370000000000001 -0.1498380822246839
5.380000000000003 -0.1487375592993892
5.390000000000001 -0.1474546604309767
5.400000000000002 -0.1462394507751397
5.41 -0.1450968589242612
5.420000000000002 -0.1438670559172035
5.43 -0.1427330562857613
5.440000000000001 -0.1414316132137942
5.449999999999999 -0.1401286777931696
5.460000000000001 -0.1391601824900196
5.470000000000002 -0.1381694662108447
5.48 -0.1368553318637414
5.490000000000002 -0.1358959804636324
5.5 -0.13482211696853
5.510000000000002 -0.1338145794415786
5.52 -0.1327190686170611
5.530000000000001 -0.1316308936948348
5.539999999999999 -0.1304124462980207
5.550000000000001 -0.1295007053067796
5.560000000000002 -0.1284813453159608
5.57 -0.1273142991219358
5.580000000000002 -0.1264022379768254
5.59 -0.1251871420821992
5.600000000000001 -0.1244698864748773
5.609999999999999 -0.1234573440317907
5.620000000000001 -0.1225729201527976
5.630000000000003 -0.1217339517524088
5.640000000000001 -0.1207868768719444
5.650000000000002 -0.1198392078001361
5.66 -0.1187950180746477
5.670000000000002 -0.1180090516793362
5.68 -0.1169691036209945
5.690000000000001 -0.116051803110469
5.699999999999999 -0.1152830184847319
5.710000000000001 -0.1143082153572189
5.720000000000002 -0.1134939574192843
5.73 -0.112606602357509
5.740000000000002 -0.1116567147302376
5.75 -0.1107020726569414
5.760000000000002 -0.1098276356950211
5.77 -0.1090129901751827
5.780000000000001 -0.1080918142502009
5.789999999999999 -0.1072911064642796
5.800000000000001 -0.106371041862447
5.810000000000002 -0.1057784360543046
5.82 -0.1048187338748834
5.830000000000002 -0.1041771216954569
5.84 -0.1033776690101211
5.850000000000001 -0.10254014115344
5.859999999999999 -0.1019665856784588
5.870000000000001 -0.1011116633282468
5.880000000000003 -0.1004371201191413
5.890000000000001 -0.0996177773726935
5.900000000000002 -0.0991226251918348
5.91 -0.0983178761021366
5.920000000000002 -0.0976771518303619
5.93 -0.0968925655481161
5.940000000000001 -0.0961767071139676
5.949999999999999 -0.0956105341918047
5.960000000000001 -0.0949343067006733
5.970000000000002 -0.094011426065582
5.98 -0.0934091954434092
5.990000000000002 -0.0925161530183
6.0 -0.0919127821639154
6.010000000000002 -0.0911256470091551
6.02 -0.0903735699544173
6.030000000000001 -0.0898777517349162
6.039999999999999 -0.0892622388693722
6.050000000000001 -0.0886634073414208
6.060000000000002 -0.0877957595766251
6.07 -0.0873263729664556
6.080000000000002 -0.0866058397235173
6.09 -0.0860039987267975
6.100000000000001 -0.0852340939717428
6.109999999999999 -0.0846623829608256
6.120000000000001 -0.0841480905926027
6.130000000000003 -0.0835587110560514
6.140000000000001 -0.0832915377603438
6.150000000000002 -0.0830855299775506
6.16 -0.0825043693622107
6.170000000000002 -0.081864771245289
6.18 -0.0813437649877281
6.190000000000001 -0.0806801867225294
6.199999999999999 -0.0802209600504312
6.210000000000001 -0.0796420562171331
6.220000000000002 -0.0790403622741136
6.23 -0.0784101695607818
6.240000000000002 -0.078004643080932
6.25 -0.077609698244621
6.260000000000002 -0.0770524509584178
6.27 -0.0761678609312671
6.280000000000001 -0.0759226153138952
6.289999999999999 -0.0753098862071629
6.300000000000001 -0.0748691972594108
6.310000000000002 -0.0743437073439189
6.32 -0.0738313188617201
6.330000000000002 -0.0734580991254083
6.34 -0.0730690783158815
6.350000000000001 -0.0724434715925567
6.359999999999999 -0.0720235549254351
6.370000000000001 -0.0716124205905535
6.380000000000003 -0.0712038964054859
6.390000000000001 -0.0707310451297441
6.400000000000002 -0.0703697389426701
6.41 -0.0699614970257265
6.420000000000002 -0.0695469933288772
6.43 -0.0690188035777061
6.440000000000001 -0.0685997226171336
6.449999999999999 -0.0681305525261035
6.460000000000001 -0.0679230721038563
6.470000000000002 -0.0675574767326626
6.48 -0.0670362493284193
6.490000000000002 -0.0665308558159045
6.5 -0.0661541875376357
6.510000000000002 -0.0657447273790325
6.52 -0.0653179750285436
6.530000000000001 -0.0648941881865238
6.539999999999999 -0.0644789368626603
6.550000000000001 -0.0640994118092788
6.560000000000002 -0.0637256753265374
6.57 -0.0634623675588718
6.580000000000002 -0.0630000151528919
6.59 -0.0624873757938491
6.600000000000001 -0.0620910814662451
6.609999999999999 -0.0618245851573513
6.620000000000001 -0.0615074654654587
6.630000000000003 -0.0610615229461661
6.640000000000001 -0.0607023514545597
6.650000000000002 -0.0604541388277381
6.66 -0.0600056790444738
6.670000000000002 -0.0597169655079781
6.68 -0.0594162763654811
6.690000000000001 -0.0590472888404001
6.699999999999999 -0.0587286430501482
6.710000000000001 -0.0583987132599805
6.720000000000002 -0.0580429899082537
6.73 -0.0577509326339317
6.740000000000002 -0.0575199485909502
6.75 -0.0573387183201152
6.760000000000002 -0.0570745909311999
6.77 -0.0568403835141335
6.780000000000001 -0.0564404628457015
6.789999999999999 -0.0561944452185908
6.800000000000001 -0.0558954690884585
6.810000000000002 -0.0556780690116644
6.82 -0.0553867557119981
6.830000000000002 -0.0552761906859122
6.84 -0.0550542293687153
6.850000000000001 -0.0549020423407115
6.859999999999999 -0.0547401403202541
6.870000000000001 -0.0544882906577462
6.880000000000003 -0.0544191873897246
6.890000000000001 -0.0542528459140381
6.900000000000002 -0.0541122400041156
6.91 -0.0539952671262212
6.920000000000002 -0.0538807112562241
6.93 -0.0537897934622864
6.940000000000001 -0.0536706555048229
6.949999999999999 -0.0534355906023208
6.960000000000001 -0.0533712396727059
6.970000000000002 -0.0532571404886354
6.98 -0.0530633249510765
6.990000000000002 -0.0530645227883565
7.0 -0.0528792546901896
7.010000000000002 -0.0528752601623631
7.02 -0.0528007852269356
7.030000000000001 -0.0526826932624472
7.039999999999999 -0.0526778895110022
7.050000000000001 -0.0526582987769856
7.060000000000002 -0.0526316058294676
7.07 -0.0526297963837153
7.080000000000002 -0.0525692174083656
7.09 -0.0526770712056829
7.100000000000001 -0.0524512066025927
7.109999999999999 -0.0524958284246266
7.120000000000001 -0.0524411009297749
7.130000000000003 -0.0523587675126858
7.140000000000001 -0.052432913545866
7.150000000000002 -0.0523526064423928
7.16 -0.0523966009268453
7.170000000000002 -0.0524235095285358
7.18 -0.0523738988881742
7.190000000000001 -0.052461664955586
7.199999999999999 -0.0523594524040266
7.210000000000001 -0.0524300105170254
7.220000000000002 -0.0524150586378956
7.23 -0.0524058385298447
7.240000000000002 -0.0522066739421198
7.25 -0.0522890073006067
7.260000000000002 -0.0522194874537625
7.27 -0.0522074839856335
7.280000000000001 -0.0522829146089778
7.289999999999999 -0.0524406042611684
7.300000000000001 -0.0526071772050098
7.310000000000002 -0.0525590752354222
7.32 -0.0526414297222744
7.330000000000002 -0.0527580671140241
7.34 -0.0527977272691984
7.350000000000001 -0.0528525927413519
7.359999999999999 -0.0530082255710158
7.370000000000001 -0.053124583875197
7.380000000000003 -0.0531580942210044
7.390000000000001 -0.0532801414167515
7.400000000000002 -0.0533046407333958
7.41 -0.0534620768703702
7.420000000000002 -0.053605145453126
7.43 -0.0537716199645568
7.440000000000001 -0.0539818658323517
7.449999999999999 -0.0540480903660997
7.460000000000001 -0.0541256176209017
7.470000000000002 -0.0543474091121102
7.48 -0.0544319588104352
7.490000000000002 -0.0547278995419758
7.5 -0.0548307884598885
7.510000000000002 -0.0549131067541405
7.52 -0.0552156441247657
7.530000000000001 -0.0553793667755593
7.539999999999999 -0.0555301236939958
7.550000000000001 -0.0557598813977155
7.560000000000002 -0.0559365179639395
7.57 -0.0560380005736144
7.580000000000002 -0.0562956200907604
7.59 -0.0566201071296256
7.600000000000001 -0.0566779314271772
7.609999999999999 -0.0570460074609758
7.620000000000001 -0.0571858276669675
7.630000000000003 -0.0573339260535801
7.640000000000001 -0.0576512258432692
7.650000000000002 -0.0578560809880937
7.66 -0.0579588433225612
7.670000000000002 -0.0582479776743141
7.68 -0.0583899593411193
7.690000000000001 -0.0585690559310192
7.699999999999999 -0.0587814776700261
7.710000000000001 -0.0589519322365188
7.720000000000002 -0.0592116669220912
7.73 -0.0592286212666299
7.740000000000002 -0.0595374004400239
7.75 -0.0596625524084368
7.760000000000002 -0.0597719118628363
7.77 -0.0600794053820503
7.780000000000001 -0.060157999428341
7.789999999999999 -0.0603933746044387
7.800000000000001 -0.0605761699477571
7.810000000000002 -0.060720735945007
7.82 -0.0610330760002285
7.830000000000002 -0.0611409435475619
7.84 -0.0613735046670368
7.850000000000001 -0.0614177008273228
7.859999999999999 -0.0614616378568114
7.870000000000001 -0.0614716602882485
7.880000000000003 -0.0616045788515572
7.890000000000001 -0.0616118810443059
7.900000000000002 -0.0617846575226392
7.91 -0.0618887927696486
7.920000000000002 -0.0619669977418713
7.93 -0.0621064011264102
7.940000000000001 -0.0620694653508186
7.949999999999999 -0.0621468371075773
7.960000000000001 -0.0622292725647816
7.970000000000002 -0.062313747982426
7.98 -0.0623567251858771
7.990000000000002 -0.0623514099467413
8.0 -0.0624569666709855
8.010000000000002 -0.0626056115367578
8.02 -0.0627574613204879
8.030000000000001 -0.0627000740823313
8.04 -0.062720951377979
8.05 -0.0628050251504251
8.060000000000002 -0.0628999594503138
8.07 -0.0630218082566711
8.080000000000002 -0.0631111293977771
8.09 -0.0631630647332599
8.100000000000001 -0.0630318470609227
8.11 -0.0630503384025689
8.120000000000001 -0.0631521470802418
8.130000000000003 -0.0631796294319705
8.14 -0.0632763851358279
8.150000000000002 -0.0632970959647701
8.16 -0.063353020356235
8.170000000000002 -0.0634186611034327
8.18 -0.0634319202523426
8.190000000000001 -0.0634930354627846
8.2 -0.0633873550863008
8.21 -0.0633934420118231
8.220000000000002 -0.0634044896575462
8.23 -0.0634578463525793
8.240000000000002 -0.0635005250200811
8.25 -0.0634390131522052
8.260000000000002 -0.0635214063884941
8.27 -0.0633912696499713
8.280000000000001 -0.0633108515610066
8.29 -0.0632288087251612
8.3 -0.0632358277178416
8.310000000000002 -0.0632014509559434
8.32 -0.0632473293894844
8.330000000000002 -0.0632618981556287
8.34 -0.0630905086192174
8.350000000000001 -0.0630651362993612
8.36 -0.0629333275343792
8.370000000000001 -0.0627700352584927
8.380000000000003 -0.0626300423665051
8.39 -0.0626808475310125
8.400000000000002 -0.0625517737303153
8.41 -0.0626071142320835
8.420000000000002 -0.0624414661557077
8.43 -0.0622777676055741
8.440000000000001 -0.0622447220432317
8.45 -0.0621380712327354
8.46 -0.0619458399302899
8.470000000000002 -0.0619096167905433
8.48 -0.0617913347046165
8.490000000000002 -0.0615387873755019
8.5 -0.0615270509277833
8.510000000000002 -0.0612055255579877
8.52 -0.0612344237338841
8.530000000000001 -0.0610467106012197
8.54 -0.0609140882227873
8.55 -0.0606090953007607
8.560000000000002 -0.0604247096479906
8.57 -0.0602704221088856
8.580000000000002 -0.0600890569391603
8.59 -0.0598630372052101
8.600000000000001 -0.059604533164361
8.61 -0.0594782432241807
8.620000000000001 -0.0593443961915744
8.630000000000003 -0.0592065334745921
8.64 -0.0590631600763486
8.650000000000002 -0.058865906784856
8.66 -0.0586462827326305
8.670000000000002 -0.058441361301109
8.68 -0.0581800781475471
8.690000000000001 -0.0581210699362486
8.7 -0.0579407195352753
8.71 -0.0578924742650827
8.720000000000002 -0.0578269392857623
8.73 -0.0575496455286412
8.740000000000002 -0.057380677910501
8.75 -0.0572292753435734
8.760000000000002 -0.0570602614614332
8.77 -0.0567888429340977
8.780000000000001 -0.0567016243646289
8.79 -0.0566699622722141
8.8 -0.0565189140563578
