%x y
0.0 -0.0390582325787087
0.009999999999999787 -0.0386379265429147
0.019999999999999574 -0.0385302123118185
0.02999999999999936 -0.0385330656610774
0.03999999999999915 -0.038424963624113
0.049999999999998934 -0.0380415087321284
0.0600000000000005 -0.0378524949922642
0.07000000000000028 -0.037718784268202
0.08000000000000007 -0.0376358980372429
0.08999999999999986 -0.0377943097965106
0.09999999999999964 -0.0371698455855557
0.10999999999999943 -0.0368305473510712
0.11999999999999922 -0.0369676675756222
0.129999999999999 -0.0370785438841544
0.14000000000000057 -0.0365320764831529
0.15000000000000036 -0.0363314807828922
0.16000000000000014 -0.0360858495943852
0.16999999999999993 -0.0365109741780077
0.17999999999999972 -0.0361816905743086
0.1899999999999995 -0.0359732098452896
0.1999999999999993 -0.03596787817262
0.20999999999999908 -0.0356334283958195
0.22000000000000064 -0.0354054429959831
0.23000000000000043 -0.0359670163246595
0.2400000000000002 -0.0352796185479738
0.25 -0.0352379459194958
0.2599999999999998 -0.0356066855189006
0.2699999999999996 -0.0356799188712487
0.27999999999999936 -0.0351357216936712
0.28999999999999915 -0.0349882364712054
0.29999999999999893 -0.035389604027058
0.3100000000000005 -0.0352826523479223
0.3200000000000003 -0.0353012876072672
0.33000000000000007 -0.0350314938078635
0.33999999999999986 -0.0350545437130451
0.34999999999999964 -0.0353810705708834
0.35999999999999943 -0.0353581996313726
0.3699999999999992 -0.0349905435199263
0.379999999999999 -0.0352546861592423
0.39000000000000057 -0.0348850817636595
0.40000000000000036 -0.0347500244973673
0.41000000000000014 -0.0349053334312357
0.41999999999999993 -0.034764578180486
0.4299999999999997 -0.0344534898460007
0.4399999999999995 -0.0342486063712109
0.4499999999999993 -0.0343575113468863
0.4599999999999991 -0.0344255523863356
0.47000000000000064 -0.0341711202176408
0.4800000000000004 -0.0340898314450336
0.4900000000000002 -0.033861885625368
0.5 -0.0339324944419132
0.5099999999999998 -0.0336893520027921
0.5199999999999996 -0.0335827875946055
0.5299999999999994 -0.0334240328687144
0.5399999999999991 -0.0333963491572449
0.5499999999999989 -0.0331618344838073
0.5600000000000005 -0.0332181373196089
0.5700000000000003 -0.0328823590086746
0.5800000000000001 -0.0325887638566563
0.5899999999999999 -0.0323415063217168
0.5999999999999996 -0.0325599297320021
0.6099999999999994 -0.0320607864930019
0.6199999999999992 -0.0320292353266721
0.629999999999999 -0.0316568212774543
0.6400000000000006 -0.0316131233251299
0.6500000000000004 -0.0313985073484566
0.6600000000000001 -0.031435728362575
0.6699999999999999 -0.0314719089460798
0.6799999999999997 -0.0312274826092985
0.6899999999999995 -0.0309547738294595
0.6999999999999993 -0.0308559292848853
0.7099999999999991 -0.0308051277192924
0.7200000000000006 -0.0306827966246183
0.7300000000000004 -0.0305952337394103
0.7400000000000002 -0.0304474344873761
0.75 -0.030387723038993
0.7599999999999998 -0.0306057110652896
0.7699999999999996 -0.0303049259191037
0.7799999999999994 -0.0300376927351713
0.7899999999999991 -0.0298981113304481
0.7999999999999989 -0.0302283642890973
0.8100000000000005 -0.0302050649967773
0.8200000000000003 -0.0302142037184131
0.8300000000000001 -0.0297662907230027
0.8399999999999999 -0.0301608939013481
0.8499999999999996 -0.0302736247429002
0.8599999999999994 -0.0300348403660948
0.8699999999999992 -0.0298955352895644
0.879999999999999 -0.0301217653301986
0.8900000000000006 -0.029955295915631
0.9000000000000004 -0.0301043444969252
0.9100000000000001 -0.0298745991556647
0.9199999999999999 -0.0300038808536218
0.9299999999999997 -0.0298813824122979
0.9399999999999995 -0.0300837490808855
0.9499999999999993 -0.0299414932025911
0.9599999999999991 -0.0299792178734837
0.9700000000000006 -0.0299249802618996
0.9800000000000004 -0.0306069821628607
0.9900000000000002 -0.0302387312914164
1.0 -0.0301741978549831
1.0099999999999998 -0.0300286517685075
1.0199999999999996 -0.0304748616499769
1.0299999999999994 -0.0300466444051666
1.0399999999999991 -0.0303888941341237
1.049999999999999 -0.0308378680338706
1.0600000000000005 -0.0305544974192874
1.0700000000000003 -0.030150386664106
1.08 -0.0304294665111368
1.0899999999999999 -0.0309243006758249
1.0999999999999996 -0.0302424559602253
1.1099999999999994 -0.0303317435474993
1.1199999999999992 -0.0302598683153231
1.129999999999999 -0.0305387540136591
1.1400000000000006 -0.0305747493888549
1.1500000000000004 -0.0305460479171398
1.1600000000000001 -0.0303570323993767
1.17 -0.0306036269891425
1.1799999999999997 -0.0304910444296041
1.1899999999999995 -0.0306585300640889
1.1999999999999993 -0.0307889384691225
1.209999999999999 -0.0306174621695673
1.2200000000000006 -0.03075315179005
1.2300000000000004 -0.0308049215897889
1.2400000000000002 -0.0306997181832051
1.25 -0.0310648293920831
1.2599999999999998 -0.0303299057338918
1.2699999999999996 -0.0307476711605617
1.2799999999999994 -0.0309176898339773
1.2899999999999991 -0.0310294795654234
1.299999999999999 -0.0307718319725363
1.3100000000000005 -0.0309315368126393
1.3200000000000003 -0.0308954863039493
1.33 -0.0309355079099625
1.3399999999999999 -0.0310214025289707
1.3499999999999996 -0.0310052368218824
1.3599999999999994 -0.0306753742954399
1.3699999999999992 -0.0309038688011024
1.379999999999999 -0.030972371820697
1.3900000000000006 -0.0308650024761678
1.4000000000000004 -0.0310163716517085
1.4100000000000001 -0.031052490939954
1.42 -0.0309247549081722
1.4299999999999997 -0.0311240672957208
1.4399999999999995 -0.0311873154861485
1.4499999999999993 -0.0311785226892255
1.459999999999999 -0.0310629612493236
1.4700000000000006 -0.0310665495842263
1.4800000000000004 -0.0313523002642792
1.4900000000000002 -0.0312007497914409
1.5 -0.0314006274782305
1.5099999999999998 -0.0312724472061182
1.5199999999999996 -0.0309912686202713
1.5299999999999994 -0.0309985077691695
1.5399999999999991 -0.0311098972147914
1.549999999999999 -0.0311269107633762
1.5600000000000005 -0.0308953162866982
1.5700000000000003 -0.0308702080529216
1.58 -0.0308154220350273
1.5899999999999999 -0.0308946100635307
1.5999999999999996 -0.0310903334992198
1.6099999999999994 -0.0310533778166486
1.6199999999999992 -0.0305202976338741
1.629999999999999 -0.0301773028809677
1.6400000000000006 -0.030372352315392
1.6500000000000004 -0.0305764553415433
1.6600000000000001 -0.0298905028373185
1.67 -0.0299245437471209
1.6799999999999997 -0.0298217868289474
1.6899999999999995 -0.0298484932374487
1.6999999999999993 -0.0294318949366128
1.709999999999999 -0.0294814356584531
1.7200000000000006 -0.0294904544493812
1.7300000000000004 -0.0282523047623985
1.7400000000000002 -0.0277953891865702
1.75 -0.0280256185933024
1.7599999999999998 -0.0275457482674191
1.7699999999999996 -0.0274658786469861
1.7799999999999994 -0.0273236831503389
1.7899999999999991 -0.027385898261712
1.799999999999999 -0.0272278264420984
1.8100000000000005 -0.0269394237482123
1.8200000000000003 -0.0268143547811422
1.83 -0.0264359007815613
1.8399999999999999 -0.0263826222763005
1.8499999999999996 -0.0264474629224412
1.8599999999999994 -0.0264215896353263
1.8699999999999992 -0.0259793465823412
1.879999999999999 -0.0256516964796336
1.8900000000000006 -0.0255499370883319
1.9000000000000004 -0.0252751079503705
1.9100000000000001 -0.0261542521942432
1.92 -0.0260553928522096
1.9299999999999997 -0.0259338240779373
1.9399999999999995 -0.0256894345356651
1.9499999999999993 -0.0256852083473528
1.959999999999999 -0.0255260264124574
1.9700000000000006 -0.0250476332563556
1.9800000000000004 -0.0252763867494597
1.9900000000000002 -0.0248870986721247
2.0 -0.025359482169399
2.01 -0.0255420869542569
2.0199999999999996 -0.02533361900037
2.0299999999999994 -0.0256897142041664
2.039999999999999 -0.0256814559650055
2.049999999999999 -0.0247919699456987
2.0600000000000005 -0.0247978461143677
2.0700000000000003 -0.0262977572822637
2.08 -0.0267271667253955
2.09 -0.0273878070622276
2.0999999999999996 -0.0283819882792484
2.1099999999999994 -0.0299835587082561
2.119999999999999 -0.0313476024909843
2.129999999999999 -0.0330018812295929
2.1400000000000006 -0.0350736440059735
2.1500000000000004 -0.0368161682733821
2.16 -0.0392745085743215
2.17 -0.0412800083232267
2.1799999999999997 -0.0437948356723314
2.1899999999999995 -0.0462706201413975
2.1999999999999993 -0.0487401366622906
2.209999999999999 -0.0515789903450868
2.2200000000000006 -0.0542650610045028
2.2300000000000004 -0.057289786497545
2.24 -0.0605210372072844
2.25 -0.0636672346120761
2.26 -0.0668065745597463
2.2699999999999996 -0.0705967107402545
2.2799999999999994 -0.0739986384074349
2.289999999999999 -0.0768980300270783
2.299999999999999 -0.0798088070161708
2.3100000000000005 -0.0835028349148727
2.3200000000000003 -0.087097284047669
2.33 -0.0904593815371154
2.34 -0.0942688918154499
2.3499999999999996 -0.0978680541893228
2.3599999999999994 -0.1016596292965311
2.369999999999999 -0.1049201473948943
2.379999999999999 -0.1085289610933092
2.3900000000000006 -0.1123861100100124
2.4000000000000004 -0.1161020012484789
2.41 -0.1201038808978479
2.42 -0.1237375498363532
2.4299999999999997 -0.1278638108829645
2.4399999999999995 -0.1315602541198361
2.4499999999999993 -0.1353219255240483
2.459999999999999 -0.1391756551522852
2.4700000000000006 -0.1428681848413713
2.4800000000000004 -0.1463568859371605
2.49 -0.1502147078727465
2.5 -0.153983248388918
2.51 -0.1573340294632914
2.5199999999999996 -0.1608718183070157
2.5299999999999994 -0.1646569727783537
2.539999999999999 -0.1681673588630743
2.549999999999999 -0.1715111982942293
2.5600000000000005 -0.1752033097261532
2.5700000000000003 -0.1786819549903624
2.58 -0.1825255376348264
2.59 -0.1861056367313239
2.5999999999999996 -0.1896582530727535
2.6099999999999994 -0.1934474340645103
2.619999999999999 -0.197170799067558
2.629999999999999 -0.2009224959841427
2.6400000000000006 -0.2045791720784821
2.6500000000000004 -0.2085499568619296
2.66 -0.2122459882696255
2.67 -0.2162736656805205
2.6799999999999997 -0.2200055601457514
2.6899999999999995 -0.2236317131898286
2.6999999999999993 -0.2281774577492893
2.709999999999999 -0.2319829445675528
2.7200000000000006 -0.2360123887703214
2.7300000000000004 -0.2397679419690317
2.74 -0.243641301552972
2.75 -0.2476550742574597
2.76 -0.2523168117931058
2.7699999999999996 -0.2561549919146179
2.7799999999999994 -0.2601270356505671
2.789999999999999 -0.2644641613670126
2.799999999999999 -0.2688962747424338
2.8100000000000005 -0.2733820311182
2.8200000000000003 -0.277913632321085
2.83 -0.2820924473010847
2.84 -0.2864686567278072
2.8499999999999996 -0.2907038537179734
2.8599999999999994 -0.2949650472988847
2.869999999999999 -0.2993221556307494
2.879999999999999 -0.3036360042434557
2.8900000000000006 -0.3080420527958425
2.9000000000000004 -0.3123354076178672
2.91 -0.3161102482336934
2.92 -0.3206644750309076
2.9299999999999997 -0.3254686583012927
2.9399999999999995 -0.3299313866924515
2.9499999999999993 -0.3347127684270763
2.959999999999999 -0.3391960743162898
2.9700000000000006 -0.3436002669615528
2.9800000000000004 -0.3478912179185326
2.99 -0.3525114339634624
3.0 -0.3570685823009979
3.01 -0.3614865633863417
3.0199999999999996 -0.3658719745561481
3.0299999999999994 -0.3706280070982425
3.039999999999999 -0.3747377975288387
3.049999999999999 -0.3796963588261944
3.0600000000000005 -0.3844526792468307
3.0700000000000003 -0.3888350156685223
3.08 -0.3931585202056959
3.09 -0.3977787360043958
3.0999999999999996 -0.4020225060071326
3.1099999999999994 -0.4070322418952281
3.119999999999999 -0.4115881259514014
3.129999999999999 -0.4155060657552476
3.1400000000000006 -0.4207816476937937
3.1500000000000004 -0.4252753557450777
3.16 -0.4294523433816608
3.17 -0.4349855913406305
3.1799999999999997 -0.4399630143995159
3.1899999999999995 -0.4449261517360172
3.1999999999999993 -0.4496284318113269
3.209999999999999 -0.4547296048946581
3.2200000000000006 -0.4598719186347761
3.2300000000000004 -0.4646659627329773
3.24 -0.4691872836149431
3.25 -0.4743171200295711
3.26 -0.4797400174162354
3.2699999999999996 -0.4841195734585075
3.2799999999999994 -0.4892966190343292
3.289999999999999 -0.4948176970642615
3.299999999999999 -0.4995650262188289
3.3100000000000005 -0.5045480743240982
3.3200000000000003 -0.5088164747299616
3.33 -0.5139130794783019
3.34 -0.5195321607393056
3.3499999999999996 -0.5246220903423787
3.3599999999999994 -0.5293039498578337
3.369999999999999 -0.5346299063617855
3.379999999999999 -0.5400186510157426
3.3900000000000006 -0.5460949958214554
3.4000000000000004 -0.5515454705251148
3.41 -0.5565799561624208
3.42 -0.5615719296851572
3.4299999999999997 -0.5669736878817394
3.4399999999999995 -0.5701194040784662
3.4499999999999993 -0.5753184775368497
3.459999999999999 -0.5806985360178434
3.4700000000000006 -0.5865699110057362
3.4800000000000004 -0.5911800865995803
3.49 -0.596535406184031
3.5 -0.5997512749305484
3.51 -0.6037267770334769
3.5199999999999996 -0.6082123671438547
3.5299999999999994 -0.6132464314655359
3.539999999999999 -0.6186334421260283
3.549999999999999 -0.62447638847755
3.5600000000000005 -0.6294120863350149
3.5700000000000003 -0.6352959551137598
3.58 -0.6404956165838058
3.59 -0.6455512878389069
3.5999999999999996 -0.651215297363634
3.6099999999999994 -0.6566891894641803
3.619999999999999 -0.6623041254119546
3.629999999999999 -0.6676970831794501
3.6400000000000006 -0.6733730624122541
3.6500000000000004 -0.6789819653343073
3.66 -0.684684861353225
3.67 -0.6899540005730761
3.6799999999999997 -0.6952957889844835
3.6899999999999995 -0.7007868285456279
3.6999999999999993 -0.7060333011991542
3.709999999999999 -0.7114228852475252
3.7200000000000006 -0.7169289146383528
3.7300000000000004 -0.7225586079370534
3.74 -0.7275404292517419
3.75 -0.7329297176773789
3.76 -0.7382131551080957
3.7699999999999996 -0.7433978806238036
3.7799999999999994 -0.7484675962816619
3.789999999999999 -0.753876820076402
3.799999999999999 -0.7587146655416671
3.8100000000000005 -0.7637463784122899
3.8200000000000003 -0.7690025807800622
3.83 -0.774882411448268
3.84 -0.7806920251363851
3.8499999999999996 -0.7864079264006835
3.8599999999999994 -0.7916295135329968
3.869999999999999 -0.7963390213850505
3.879999999999999 -0.8006999954144104
3.8900000000000006 -0.8058250691405484
3.9000000000000004 -0.8114437078199868
3.91 -0.8173438602994778
3.92 -0.822483416387129
3.9299999999999997 -0.8282259490574754
3.9399999999999995 -0.8335212542421666
3.9499999999999993 -0.8382473743065065
3.959999999999999 -0.8430815222603039
3.9700000000000006 -0.8480417563643449
3.9800000000000004 -0.8529353605088379
3.99 -0.8582549610518949
4.0 -0.8626827884141292
4.01 -0.8679163854983393
4.02 -0.8722956819050036
4.029999999999999 -0.877230791179757
4.039999999999999 -0.8826354632529739
4.049999999999999 -0.8879185495804861
4.0600000000000005 -0.8937970452018695
4.07 -0.8988138303740861
4.08 -0.903831634774469
4.09 -0.9078743461535932
4.1 -0.912040364970363
4.109999999999999 -0.9169680790078306
4.119999999999999 -0.9215125735435614
4.129999999999999 -0.9269799770943524
4.140000000000001 -0.9315824246426564
4.15 -0.9360057290320202
4.16 -0.9396554265835396
4.17 -0.9433387810687608
4.18 -0.9483869970233731
4.1899999999999995 -0.9540825278330372
4.199999999999999 -0.9593241816176616
4.209999999999999 -0.9651155081067914
4.220000000000001 -0.970612398801708
4.23 -0.9751855166403912
4.24 -0.9800812541432
4.25 -0.9846504779466356
4.26 -0.9897208003399808
4.27 -0.9935993912635162
4.279999999999999 -0.9979686561802176
4.289999999999999 -1.0022537660156852
4.299999999999999 -1.00652137831891
4.3100000000000005 -1.0113124113674388
4.32 -1.0163762884725498
4.33 -1.021885184144532
4.34 -1.0279120198677594
4.35 -1.0326187124388786
4.359999999999999 -1.0372591184814146
4.369999999999999 -1.0404459572517262
4.379999999999999 -1.0427993733322758
4.390000000000001 -1.04430897866032
4.4 -1.0481593103188227
4.41 -1.0525440672324815
4.42 -1.0565620860403495
4.43 -1.0599442648762267
4.4399999999999995 -1.064002312517422
4.449999999999999 -1.0676850335353731
4.459999999999999 -1.0702616028763952
4.470000000000001 -1.0725740308291498
4.48 -1.0747631087742602
4.49 -1.0767116535396104
4.5 -1.0773887892516782
4.51 -1.077069231628481
4.52 -1.0762260432395858
4.529999999999999 -1.0755291208996336
4.539999999999999 -1.0743697888226669
4.549999999999999 -1.0724741066124983
4.5600000000000005 -1.070858394757735
4.57 -1.0677861358065035
4.58 -1.0658129299736694
4.59 -1.063925149746065
4.6 -1.0613280163620276
4.609999999999999 -1.0610977694207515
4.619999999999999 -1.0599324178553051
4.629999999999999 -1.057839458887416
4.640000000000001 -1.0554605153298169
4.65 -1.053197611015112
4.66 -1.0511554217081356
4.67 -1.0483740977772278
4.68 -1.0459885975688334
4.6899999999999995 -1.043605328897577
4.699999999999999 -1.039787073548596
4.709999999999999 -1.036232565768003
4.720000000000001 -1.0362464516664738
4.73 -1.0362227344083743
4.74 -1.0344198688934343
4.75 -1.0304250335749143
4.76 -1.028242135561913
4.77 -1.0261621280662918
4.779999999999999 -1.0243861390061055
4.789999999999999 -1.0224651363412436
4.799999999999999 -1.0204858082875552
4.8100000000000005 -1.0204884167594763
4.82 -1.0167841970331324
4.83 -1.012783900865743
4.84 -1.0107038468329537
4.85 -1.0104876709172892
4.859999999999999 -1.0081347758071268
4.869999999999999 -1.0061369007416665
4.879999999999999 -1.0042699638731227
4.890000000000001 -1.0023702340096976
4.9 -1.000559742743787
4.91 -0.9984154186222504
4.92 -0.996480840260768
4.93 -0.9947098481444844
4.9399999999999995 -0.9927449982868
4.949999999999999 -0.990971204441256
4.959999999999999 -0.9891762746272192
4.970000000000001 -0.9872394357652228
4.98 -0.9855356245086548
4.99 -0.9838293534266244
5.0 -0.9819715342896016
5.01 -0.980064956289616
5.02 -0.978230152689102
5.029999999999999 -0.9764423277607736
5.039999999999999 -0.9746471506338116
5.049999999999999 -0.9729942537627552
5.0600000000000005 -0.9712530529200956
5.07 -0.9694946786606036
5.08 -0.9677886923142536
5.09 -0.96609653054348
5.1 -0.964314081785326
5.109999999999999 -0.9621761656881996
5.119999999999999 -0.9604319668462592
5.129999999999999 -0.958937655246996
5.140000000000001 -0.957181146459839
5.15 -0.9556290295797042
5.16 -0.9537424373160408
5.17 -0.9517854779647535
5.18 -0.9503353177183812
5.1899999999999995 -0.948617791682894
5.199999999999999 -0.947171199901675
5.209999999999999 -0.9454675205266112
5.220000000000001 -0.9437391854721356
5.23 -0.9419644776870036
5.24 -0.9401704448777064
5.25 -0.9384676393975532
5.26 -0.936643617252119
5.27 -0.9350475745509134
5.279999999999999 -0.9330893955944648
5.289999999999999 -0.9314478736432732
5.299999999999999 -0.929716308612506
5.3100000000000005 -0.9280395558819358
5.32 -0.9264171412960116
5.33 -0.9245979538424488
5.34 -0.923122636725019
5.35 -0.9215868157634324
5.359999999999999 -0.9199131266247592
5.369999999999999 -0.9182959085901928
5.379999999999999 -0.9167451099777082
5.390000000000001 -0.9149416449199026
5.4 -0.9135028615130564
5.41 -0.9118390606201232
5.42 -0.9101848631944598
5.43 -0.9085732102345668
5.4399999999999995 -0.907087008197668
5.449999999999999 -0.9057887507748854
5.459999999999999 -0.9042771449473848
5.470000000000001 -0.902565617476492
5.48 -0.9009565685620246
5.49 -0.8993449975265391
5.5 -0.8976844686666435
5.51 -0.8961398945343626
5.520000000000001 -0.8946739009504973
5.529999999999999 -0.8932134141658716
5.540000000000001 -0.891506691757121
5.549999999999999 -0.8901458053555491
5.5600000000000005 -0.888550967972184
5.5699999999999985 -0.8870339782705284
5.58 -0.8855177750042468
5.589999999999998 -0.8839185998601331
5.6 -0.8825102808455718
5.610000000000001 -0.8810168670314478
5.619999999999999 -0.8792232843962599
5.630000000000001 -0.8777731960346594
5.639999999999999 -0.876235133199329
5.65 -0.874495424797309
5.659999999999998 -0.8730805875095761
5.67 -0.8714927966951298
5.6800000000000015 -0.8700453296415701
5.6899999999999995 -0.8686192671397436
5.700000000000001 -0.8668798679860157
5.709999999999999 -0.8654709359865638
5.720000000000001 -0.8639529586927689
5.729999999999999 -0.8625992840167159
5.74 -0.8610734901795312
5.749999999999998 -0.8596343758077475
5.76 -0.8581869462470051
5.770000000000001 -0.8568884132146607
5.779999999999999 -0.8554103946776784
5.790000000000001 -0.8538984815129307
5.799999999999999 -0.8524315073291672
5.8100000000000005 -0.8510720548623661
5.8199999999999985 -0.8493735726289428
5.83 -0.8478961060295162
5.839999999999998 -0.8465366993901199
5.85 -0.844925482098575
5.860000000000001 -0.8434520467715505
5.869999999999999 -0.8419056343186873
5.880000000000001 -0.8403794962566752
5.889999999999999 -0.8389552068540709
5.9 -0.8373539079192208
5.909999999999998 -0.8358928243436373
5.92 -0.8344683344474093
5.9300000000000015 -0.83280463507305
5.9399999999999995 -0.8315907217463744
5.950000000000001 -0.8300480815867343
5.959999999999999 -0.828685237873626
5.970000000000001 -0.8269725047063926
5.979999999999999 -0.8255345384960274
5.99 -0.8239746354836548
5.999999999999998 -0.822532276097797
6.01 -0.8211088714099679
6.020000000000001 -0.819319124865155
6.029999999999999 -0.8179083356912389
6.040000000000001 -0.8162535153790899
6.049999999999999 -0.8147519570164694
6.0600000000000005 -0.8133662468860854
6.0699999999999985 -0.811874211209945
6.08 -0.8103480408738888
6.089999999999998 -0.8087682651317799
6.1 -0.8072771697243963
6.110000000000001 -0.8059436951856949
6.119999999999999 -0.8041759709477553
6.130000000000001 -0.8029076239511556
6.139999999999999 -0.8011663994509597
6.15 -0.7997418785091286
6.159999999999998 -0.7981134350571296
6.17 -0.7966831219682426
6.1800000000000015 -0.7949951099647228
6.1899999999999995 -0.7934953574776664
6.200000000000001 -0.7918197117788497
6.209999999999999 -0.7904550282574007
6.220000000000001 -0.7886650974636044
6.229999999999999 -0.787307580300539
6.24 -0.785689325592005
6.249999999999998 -0.7841361415879157
6.26 -0.7826244062671162
6.270000000000001 -0.7811026498542992
6.279999999999999 -0.7794811001168137
6.290000000000001 -0.7779673821533549
6.299999999999999 -0.776428029661272
6.3100000000000005 -0.7747472413422523
6.3199999999999985 -0.7731350060119807
6.33 -0.7714786997510646
6.339999999999998 -0.7700715985850233
6.35 -0.7683148735107489
6.360000000000001 -0.7667379413407788
6.369999999999999 -0.7649295660877219
6.380000000000001 -0.7635073207075003
6.389999999999999 -0.7617776478726941
6.4 -0.7603442286023568
6.409999999999998 -0.7587769632888434
6.42 -0.7571489413064321
6.4300000000000015 -0.7558311833036707
6.4399999999999995 -0.7544082185242763
6.450000000000001 -0.7527115949371308
6.459999999999999 -0.7510629625558422
6.470000000000001 -0.7489914386041417
6.479999999999999 -0.7473134598637634
6.49 -0.746208439502879
6.499999999999998 -0.7446012620259297
6.51 -0.7428313741916129
6.520000000000001 -0.7410540796699231
6.529999999999999 -0.739466409722734
6.540000000000001 -0.7376244647749537
6.549999999999999 -0.7360527936578867
6.5600000000000005 -0.7341680536894373
6.5699999999999985 -0.7322306672578597
6.58 -0.7306347167504634
6.589999999999998 -0.7288750111300603
6.6 -0.7271350304336928
6.610000000000001 -0.7256024476635476
6.619999999999999 -0.7235628195488425
6.630000000000001 -0.7218232956162611
6.639999999999999 -0.7203448445383981
6.65 -0.7183855443994241
6.659999999999998 -0.7168522919459072
6.67 -0.715127033167466
6.6800000000000015 -0.713538459652458
6.6899999999999995 -0.7118470308072695
6.700000000000001 -0.7099458236818722
6.709999999999999 -0.7081346343057129
6.720000000000001 -0.7066408212888882
6.729999999999999 -0.7046904018594758
6.74 -0.7030108329423511
6.749999999999998 -0.7012030571922759
6.76 -0.6995760245224208
6.770000000000001 -0.6977986119543834
6.779999999999999 -0.6960927132403638
6.790000000000001 -0.6942640244096755
6.799999999999999 -0.6925799131426343
6.8100000000000005 -0.6908976407775
6.8199999999999985 -0.6890686387527077
6.83 -0.6873034853304153
6.839999999999998 -0.6858510503695344
6.85 -0.6841414276167577
6.860000000000001 -0.68242862235996
6.869999999999999 -0.6807340573799182
6.880000000000001 -0.6786649766641031
6.889999999999999 -0.6771351569427037
6.9 -0.6752664742476828
6.909999999999998 -0.6735924443256751
6.92 -0.6715793261862977
6.9300000000000015 -0.6698524099191545
6.9399999999999995 -0.6681238837542003
6.950000000000001 -0.6663668108618211
6.959999999999999 -0.6646262662126532
6.970000000000001 -0.662911862038812
6.979999999999999 -0.6609855729080846
6.99 -0.6597653271489051
6.999999999999998 -0.6575421995881504
7.01 -0.6558156477926876
7.020000000000001 -0.654051949838331
7.029999999999999 -0.6522875500361325
7.040000000000001 -0.6502288337085289
7.049999999999999 -0.6483154322285859
7.0600000000000005 -0.6468905951974275
7.0699999999999985 -0.6451053395826707
7.08 -0.6433892077059657
7.089999999999998 -0.6417556018574052
7.1 -0.640027488484853
7.110000000000001 -0.6383158153454349
7.119999999999999 -0.6364826112975593
7.130000000000001 -0.6347378798626118
7.139999999999999 -0.6330103699001685
7.15 -0.6312840642768015
7.159999999999998 -0.6293113248877985
7.17 -0.6277946924620122
7.1800000000000015 -0.6259017937578958
7.1899999999999995 -0.6241081867015412
7.200000000000001 -0.6225726215809134
7.209999999999999 -0.6207786156807373
7.220000000000001 -0.6190120328431132
7.229999999999999 -0.6172533337501325
7.24 -0.6155207238307517
7.249999999999998 -0.6138033322726396
7.26 -0.6120868184370876
7.270000000000001 -0.6105060131563324
7.279999999999999 -0.6086617369099941
7.290000000000001 -0.6069553716579211
7.299999999999999 -0.6052141296572618
7.3100000000000005 -0.6035306175327416
7.3199999999999985 -0.6016340540251292
7.33 -0.5997326186554175
7.339999999999998 -0.5980406440493878
7.35 -0.5962590586484171
7.360000000000001 -0.5945254576181418
7.369999999999999 -0.5926757094858145
7.380000000000001 -0.590851966931587
7.389999999999999 -0.5892318905250493
7.4 -0.5875649191557174
7.409999999999998 -0.5857664680607959
7.42 -0.584133719160475
7.4300000000000015 -0.5826001341254596
7.4399999999999995 -0.5808464278774831
7.450000000000001 -0.5790958172913078
7.459999999999999 -0.5774138343780388
7.470000000000001 -0.5758830040400719
7.479999999999999 -0.5742155763953481
7.49 -0.5725117196987376
7.499999999999998 -0.5708112955614766
7.51 -0.5691544279279321
7.520000000000001 -0.5674926484566337
7.529999999999999 -0.5658781626717941
7.540000000000001 -0.5642371369032328
7.549999999999999 -0.5626283773923605
7.5600000000000005 -0.5608888437714394
7.5699999999999985 -0.5594420006943255
7.58 -0.5577169902875353
7.589999999999998 -0.5560694441064139
7.6 -0.5546239500086185
7.610000000000001 -0.5530223713643332
7.619999999999999 -0.5514692164304319
7.630000000000001 -0.5499388036506091
7.639999999999999 -0.5484208269740263
7.65 -0.5468902013701696
7.659999999999998 -0.5454086741058045
7.67 -0.5439898804938771
7.6800000000000015 -0.5423729464990991
7.6899999999999995 -0.5410613622843288
7.700000000000001 -0.5393832807030685
7.709999999999999 -0.5380521016272909
7.720000000000001 -0.5366615574526614
7.729999999999999 -0.534981217083458
7.74 -0.5335460467735774
7.749999999999998 -0.5320636369162886
7.76 -0.530572156871261
7.770000000000001 -0.5292572735685346
7.779999999999999 -0.5276082751239816
7.790000000000001 -0.5263357420704798
7.799999999999999 -0.5247543898382713
7.8100000000000005 -0.5235043609545771
7.8199999999999985 -0.5221120209124487
7.83 -0.5207978483574733
7.839999999999998 -0.5199018445870349
7.85 -0.5187518968694514
7.860000000000001 -0.5172715609786495
7.869999999999999 -0.5157486565645137
7.880000000000001 -0.5144720958156088
7.889999999999999 -0.5131251769227303
7.9 -0.5108836802850156
7.909999999999998 -0.509493950023684
7.92 -0.5081502502956455
7.9300000000000015 -0.5069903243855974
7.9399999999999995 -0.5053381836930472
7.950000000000001 -0.5040106543129383
7.959999999999999 -0.5027538353816038
7.970000000000001 -0.5016396045007492
7.979999999999999 -0.4997817391527206
7.99 -0.4984925493935978
7.999999999999998 -0.4971118300825719
8.01 -0.4958346359682029
8.020000000000001 -0.4942661989025197
8.03 -0.4929326738272453
8.040000000000001 -0.4916875394328084
8.049999999999999 -0.4903166790784048
8.06 -0.4892886659108846
8.069999999999999 -0.4881203063243312
8.08 -0.4866290986969124
8.089999999999998 -0.4853599785111324
8.1 -0.4840184543480903
8.110000000000001 -0.4825418313544939
8.12 -0.4812750392113304
8.13 -0.4801829847305423
8.139999999999999 -0.4789076845293122
8.15 -0.4770692059318164
8.159999999999998 -0.4760276206385049
8.17 -0.4745901095752104
8.180000000000001 -0.4731581908646458
8.19 -0.4720401594961814
8.200000000000001 -0.4707504743464463
8.209999999999999 -0.4693918369297479
8.22 -0.4680878943912017
8.229999999999999 -0.4667560858179702
8.24 -0.4655709796369841
8.249999999999998 -0.4642571523029279
8.26 -0.4630967146786829
8.270000000000001 -0.4619618847391654
8.28 -0.4606534682059527
8.290000000000001 -0.4593963549781091
8.299999999999999 -0.458077045094965
8.31 -0.4568760033895431
8.319999999999999 -0.455464134795882
8.33 -0.4541075232882006
8.339999999999998 -0.4528796525798462
8.35 -0.4513804701449229
8.360000000000001 -0.4502535953579373
8.37 -0.4485789301205931
8.38 -0.4473333891464869
8.389999999999999 -0.4457477390638347
8.4 -0.4444371694043831
8.409999999999998 -0.443049948914141
8.42 -0.4419056516950748
8.430000000000001 -0.4405951180268522
8.44 -0.4394731417374662
8.450000000000001 -0.4383271664078572
8.459999999999999 -0.4370455741084157
8.47 -0.4358661277720386
8.479999999999999 -0.4345470293804953
8.49 -0.4335251107259898
8.499999999999998 -0.4323812529727664
8.51 -0.431166951979294
8.520000000000001 -0.4300470538145836
8.53 -0.4287127811754093
8.540000000000001 -0.4274838915931038
8.549999999999999 -0.4263161477402098
8.56 -0.4250513056048092
8.569999999999999 -0.4238996144558496
8.58 -0.4228257650669544
8.589999999999998 -0.4214366708554405
8.6 -0.4212253922924717
8.610000000000001 -0.4200308750962838
8.62 -0.4177334599968204
8.63 -0.4163943762106831
8.639999999999999 -0.4153614957045651
8.65 -0.4142513690611245
8.659999999999998 -0.4132427500641389
8.67 -0.41208713876085
8.680000000000001 -0.4112772122420103
8.69 -0.4101347314066474
8.700000000000001 -0.4086491349581841
8.709999999999999 -0.4077010314856594
8.72 -0.406585602164721
8.729999999999999 -0.4053985034790838
8.74 -0.404373032612948
8.749999999999998 -0.4031694628120185
8.76 -0.4018918907895064
8.770000000000001 -0.4008050976152948
8.78 -0.3997562241238284
8.790000000000001 -0.3986091211049833
8.799999999999999 -0.397561011152459
8.81 -0.3962398564471111
8.819999999999999 -0.3952106872936266
8.83 -0.3939471117324726
8.839999999999998 -0.3928238119148348
8.85 -0.3918527784991349
8.860000000000001 -0.3906307818586044
8.87 -0.389653042139966
8.88 -0.3885475814064804
8.889999999999999 -0.38731000976054
8.9 -0.3861241833586307
8.909999999999998 -0.3851231818634129
8.92 -0.3838735536591494
8.930000000000001 -0.3826595035864757
8.94 -0.3814251369194169
8.950000000000001 -0.380201648001873
8.959999999999999 -0.3790447055273024
8.97 -0.3777483421401806
8.979999999999999 -0.3766216049298713
8.99 -0.3752009710377579
8.999999999999998 -0.3736973649847556
9.01 -0.3724560318959422
9.020000000000001 -0.3713610938728141
9.03 -0.3700610190177655
9.040000000000001 -0.3688684257292237
9.049999999999999 -0.3674700478721896
9.06 -0.3664423369753602
9.069999999999999 -0.3651562928296885
9.08 -0.3637592796840715
9.089999999999998 -0.362751231804399
9.1 -0.3614708607193635
9.110000000000001 -0.3601308238578533
9.12 -0.3591297551458342
9.13 -0.3578958661634404
9.139999999999999 -0.3566368864276448
9.15 -0.3553128039764024
9.159999999999998 -0.3541105149953423
9.17 -0.3528779737928687
9.180000000000001 -0.3515683067583472
9.19 -0.3514236847929759
9.200000000000001 -0.3502105954418426
9.209999999999999 -0.3489644865832565
9.22 -0.3477540931370465
9.229999999999999 -0.3465612300968711
9.24 -0.3452103498898357
9.249999999999998 -0.3441453670569346
9.26 -0.3430344728955923
9.270000000000001 -0.3416184758154693
9.28 -0.3404926432852084
9.290000000000001 -0.3393694034338296
9.299999999999999 -0.3380773954938469
9.31 -0.3369645373830407
9.319999999999999 -0.3358372931853015
9.33 -0.3335385220223613
9.339999999999998 -0.3323280994785529
9.35 -0.3312569110916479
9.360000000000001 -0.3301021388629482
9.37 -0.3287660024442757
9.38 -0.3290182511951618
9.389999999999999 -0.3279357894647508
9.4 -0.3267161120418699
9.409999999999998 -0.3255131880975428
9.42 -0.3245926663667546
9.430000000000001 -0.3233289464711065
9.44 -0.3221711069665015
9.450000000000001 -0.321184871568002
9.459999999999999 -0.3198966407562694
9.47 -0.3189973536974921
9.479999999999999 -0.3177228553606238
9.49 -0.3166302709260243
9.499999999999998 -0.315675768707137
9.51 -0.3145407046419861
9.520000000000001 -0.3133302727212338
9.53 -0.312310045200086
9.540000000000001 -0.3113082288728087
9.549999999999999 -0.3102922107082427
9.56 -0.3091988672668996
9.569999999999999 -0.3081375729768237
9.58 -0.3072068676762736
9.589999999999998 -0.305987487658395
9.6 -0.30502853156664
9.610000000000001 -0.3038507733690637
9.62 -0.3029321871781161
9.63 -0.3019082465632081
9.639999999999999 -0.3009178882418014
9.65 -0.2998045922373614
9.659999999999998 -0.2988379729335387
9.67 -0.2977047381781538
9.680000000000001 -0.2964309478738421
9.69 -0.2953135910995122
9.700000000000001 -0.2946568865601557
9.709999999999999 -0.2933211805516089
9.72 -0.2923176988632274
9.729999999999999 -0.2911709185882903
9.74 -0.2901771647847261
9.749999999999998 -0.2889458271672864
9.76 -0.2882773086478473
9.770000000000001 -0.2872069643449667
9.78 -0.285993560641494
9.790000000000001 -0.2848194691832645
9.799999999999999 -0.2838713935000708
9.81 -0.2825818842629044
9.819999999999999 -0.2819240397190933
9.83 -0.280817305365963
9.839999999999998 -0.2797783576241778
9.85 -0.2787509376988843
9.860000000000001 -0.2776745412387749
9.87 -0.2763648711804773
9.88 -0.2757607468889664
9.889999999999999 -0.2744037840723392
9.9 -0.2733151264419496
9.909999999999998 -0.2724067927633914
9.92 -0.2715010034916187
9.930000000000001 -0.2704981266463063
9.94 -0.2693398439602673
9.950000000000001 -0.2683814702703927
9.959999999999999 -0.2675120863335136
9.97 -0.2665601604915713
9.979999999999999 -0.2656673913486436
9.99 -0.2647341855836592
9.999999999999998 -0.2637927714316951
10.01 -0.2628604277150619
10.020000000000001 -0.2620540195724461
10.03 -0.2611315266270587
10.040000000000001 -0.2601446059714049
10.049999999999999 -0.2594812971043565
10.06 -0.258736648426222
10.069999999999999 -0.2578266077181225
10.08 -0.2571526404866595
10.089999999999998 -0.2562776716428142
10.1 -0.2554324547163862
10.110000000000001 -0.2543956330632547
10.12 -0.253580354089844
10.13 -0.2528176915495416
10.139999999999999 -0.2519703956066446
10.15 -0.2514414402985104
10.159999999999998 -0.2503288279751391
10.17 -0.2496289538715048
10.180000000000001 -0.2486806501307811
10.19 -0.247946860879555
10.200000000000001 -0.2469171038349205
10.209999999999999 -0.2462712742372006
10.22 -0.2451876008489488
10.229999999999999 -0.2441694401598527
10.24 -0.2421940441229161
10.249999999999998 -0.2413622791647722
10.26 -0.2405168159551861
10.270000000000001 -0.2395006280778959
10.28 -0.2387050334291499
10.290000000000001 -0.2377786038498652
10.299999999999999 -0.2370430019667048
10.31 -0.2360109437824225
10.319999999999999 -0.2353153247565628
10.33 -0.2342739067960248
10.339999999999998 -0.2332681259790877
10.35 -0.2326316543731299
10.360000000000001 -0.233187582272191
10.37 -0.2323013768653149
10.38 -0.2299505117730801
10.389999999999999 -0.2292578587525695
10.4 -0.2285594324380164
10.409999999999998 -0.2289287172582298
10.42 -0.228026553988711
10.430000000000001 -0.2271536375249574
10.44 -0.2263138319026242
10.450000000000001 -0.2256954374355401
10.459999999999999 -0.2250414885253756
10.47 -0.224263066793477
10.479999999999999 -0.223845663429921
10.49 -0.2230991334527588
10.499999999999998 -0.222432488093579
10.51 -0.2214373317785711
10.520000000000001 -0.2208015365912126
10.53 -0.2200449348749835
10.540000000000001 -0.2193918273847443
10.549999999999999 -0.218666116758558
10.56 -0.217814937141995
10.569999999999999 -0.2172091597501087
10.58 -0.2165607995255868
10.589999999999998 -0.2156220901314333
10.6 -0.2149051007499464
10.610000000000001 -0.2142601521870111
10.62 -0.2133142173069284
10.63 -0.2127244054857343
10.639999999999999 -0.2118492960635712
10.65 -0.2112807403738364
10.659999999999998 -0.2107926294851715
10.67 -0.2100067096569404
10.680000000000001 -0.2090848562289773
10.69 -0.2084058302905098
10.700000000000001 -0.2076448737441761
10.709999999999999 -0.2069048923933976
10.72 -0.2063168579265092
10.729999999999999 -0.2054428626372845
10.74 -0.2047051997733131
10.749999999999998 -0.2039192262418258
10.76 -0.2033566757837457
10.770000000000001 -0.2025537151582051
10.78 -0.2018974826392265
10.790000000000001 -0.2010702430765829
10.799999999999999 -0.2002024470329359
10.81 -0.1994017763552848
10.819999999999999 -0.1984663136941092
10.83 -0.1978568323769735
10.839999999999998 -0.1968499137096174
10.85 -0.1962373448332388
10.860000000000001 -0.1955786921788278
10.87 -0.1944329483035849
10.88 -0.1938089968886988
10.889999999999999 -0.1930819516034344
10.9 -0.1924798360834818
10.909999999999998 -0.1915364090739616
10.92 -0.1908293737448261
10.930000000000001 -0.1900438295556531
10.94 -0.1894921823072601
10.950000000000001 -0.1886591509492024
10.959999999999999 -0.1878075695746709
10.97 -0.1872180856054957
10.979999999999999 -0.1866200458058633
10.99 -0.1857167618387358
10.999999999999998 -0.1852109763200875
11.01 -0.1844618689657571
11.020000000000001 -0.1837267356862716
11.03 -0.1830175584981576
11.040000000000001 -0.1824927978011521
11.049999999999999 -0.1818176255572642
11.06 -0.1812265673514655
11.069999999999999 -0.1805790424656643
11.08 -0.17992963303922
11.089999999999998 -0.1794335560275106
11.1 -0.1788436413383194
11.110000000000001 -0.1784435797758913
11.12 -0.177673645291527
11.13 -0.1770422634598713
11.139999999999999 -0.176516196660574
11.15 -0.176017025799592
11.159999999999998 -0.1755712760354754
11.17 -0.1746877239004011
11.180000000000001 -0.1743481074418986
11.19 -0.173654085870917
11.200000000000001 -0.173067478209983
11.209999999999999 -0.1726036343958213
11.22 -0.1717749495223171
11.229999999999999 -0.1712837878354009
11.24 -0.1708686648917001
11.249999999999998 -0.170128323767846
11.26 -0.169375418625021
11.270000000000001 -0.1686476587255072
11.28 -0.1681158570333266
11.290000000000001 -0.1675758306123951
11.299999999999999 -0.1669145096309916
11.31 -0.1661939235465195
11.319999999999999 -0.1654520181548059
11.33 -0.1646869841923712
11.339999999999998 -0.1643209855205055
11.35 -0.1635733453738852
11.360000000000001 -0.162800868313099
11.37 -0.1620746307129798
11.38 -0.1613057527800835
11.389999999999999 -0.1607023677307346
11.4 -0.1600419669847321
11.409999999999998 -0.1593561507864133
11.42 -0.1583438478183851
11.430000000000001 -0.1575134307156049
11.44 -0.1570956198539134
11.450000000000001 -0.1564553296506473
11.459999999999999 -0.1557054998379888
11.47 -0.1548817645557715
11.479999999999999 -0.1540510684451061
11.49 -0.1537843795288436
11.499999999999998 -0.1531695180368596
11.51 -0.1523686066054668
11.520000000000001 -0.1524910468597247
11.53 -0.1518908800055409
11.540000000000001 -0.1516185597104674
11.549999999999999 -0.150963767177491
11.56 -0.150431026563121
11.569999999999999 -0.1497167192260931
11.58 -0.1491458484823092
11.589999999999998 -0.1489004841589859
11.6 -0.1482101678027557
11.610000000000001 -0.1474797735667877
11.62 -0.147001619124241
11.63 -0.1465988000407205
11.639999999999999 -0.145939955404175
11.65 -0.145369157284809
11.659999999999998 -0.1450443795971788
11.67 -0.1442064600926135
11.680000000000001 -0.1438548000987148
11.69 -0.1435487658072957
11.700000000000001 -0.1430267618573646
11.709999999999999 -0.1426828724957377
11.72 -0.1418534975063024
11.729999999999999 -0.1412137527803712
11.74 -0.1410510396870165
11.749999999999998 -0.1404836053176691
11.76 -0.1400285556244661
11.770000000000001 -0.13919929647123
11.78 -0.1385765515565565
11.790000000000001 -0.1382791378011413
11.799999999999999 -0.1377098198774248
11.81 -0.1371082942731098
11.819999999999999 -0.1364356766704386
11.83 -0.1359200335764507
11.839999999999998 -0.1355378399032197
11.85 -0.1352641964432166
11.860000000000001 -0.1347227372887556
11.87 -0.1341777281513684
11.88 -0.1336042920797398
11.889999999999999 -0.1332419208277952
11.9 -0.1326318107021361
11.909999999999998 -0.1321826840383337
11.92 -0.1317782659602635
11.930000000000001 -0.131072792142988
11.94 -0.1304768681686265
11.950000000000001 -0.1298888353682055
11.959999999999999 -0.1295539971693815
11.97 -0.1290014048615737
11.979999999999999 -0.1284727741241717
11.99 -0.128021118055537
11.999999999999998 -0.1272567609659171
12.01 -0.1270647829090639
12.020000000000001 -0.1266601575314821
12.03 -0.1264475208376518
12.040000000000001 -0.1256847146829693
12.049999999999999 -0.1252095109691769
12.06 -0.125094203125949
12.069999999999999 -0.1244974208780526
12.08 -0.1242815207646541
12.089999999999998 -0.1236939152511389
12.1 -0.1231966850847185
12.110000000000001 -0.1226159093113029
12.12 -0.1225014519992722
12.13 -0.1220274923769451
12.139999999999999 -0.1216399575278747
12.15 -0.1210412966193003
12.159999999999998 -0.1207138050778616
12.17 -0.120446849220804
12.180000000000001 -0.1199609724445216
12.19 -0.1197440286926415
12.200000000000001 -0.1192018044537854
12.209999999999999 -0.118888896453806
12.22 -0.1186349626810753
12.229999999999999 -0.1182913585344505
12.24 -0.1180052494554114
12.249999999999998 -0.1174221094315789
12.26 -0.1169951343683074
12.270000000000001 -0.1167130536825312
12.28 -0.1163001919970738
12.290000000000001 -0.1158598450260387
12.299999999999999 -0.1152120543532153
12.31 -0.1150563976988027
12.319999999999999 -0.1149760663922574
12.33 -0.114623931976431
12.339999999999998 -0.114042087280522
12.35 -0.1135429806577734
12.360000000000001 -0.1130434630494653
12.37 -0.1129184913571938
12.38 -0.1124969121091648
12.389999999999999 -0.1114191214433645
12.4 -0.1109281279344807
12.409999999999998 -0.1107436768126925
12.42 -0.1104488412541446
12.430000000000001 -0.1099320173207341
12.44 -0.1093203773716795
12.450000000000001 -0.1088847171352778
12.459999999999999 -0.1088514003739588
12.47 -0.1084492839312101
12.479999999999999 -0.1081832303773905
12.49 -0.1081761031770936
12.499999999999998 -0.1079174159478224
12.51 -0.1077319138092395
12.520000000000001 -0.1072853473970083
12.53 -0.1067349267736072
12.540000000000001 -0.1063403050538332
12.549999999999999 -0.1062424990696331
12.56 -0.1058950903952475
12.569999999999999 -0.1055507820287292
12.58 -0.1048883918142474
12.589999999999998 -0.1046130878405399
12.6 -0.1042346177598762
12.610000000000001 -0.1039303757630582
12.62 -0.1033094090989756
12.63 -0.1027797842261532
12.639999999999999 -0.1026864274434392
12.65 -0.1021223315461403
12.659999999999998 -0.0985146630875797
12.67 -0.0983783050136866
12.680000000000001 -0.0979191070702656
12.69 -0.0974816066606107
12.700000000000001 -0.0971775373003905
12.709999999999999 -0.0965324438009185
12.72 -0.0963189915926431
12.729999999999999 -0.0991074208618189
12.74 -0.0956910840729325
12.749999999999998 -0.0951352958969227
12.76 -0.0948322172161347
12.770000000000001 -0.0947397622734136
12.78 -0.0942793865613792
12.790000000000001 -0.093836683243335
12.799999999999999 -0.0934422147102924
12.81 -0.0933257950709533
12.819999999999999 -0.0930207570849499
12.83 -0.0922812333600382
12.839999999999998 -0.0920325989842021
12.85 -0.0920730058619049
12.860000000000001 -0.0914683994206521
12.87 -0.0911474325728814
12.88 -0.0907348678752263
12.889999999999999 -0.090744692787266
12.9 -0.090448414814631
12.909999999999998 -0.0901521782278229
12.92 -0.0895942901996743
12.930000000000001 -0.0894990057557266
12.94 -0.0889577258762595
12.950000000000001 -0.0888657244946429
12.959999999999999 -0.088317629199219
12.97 -0.088181761389519
12.979999999999999 -0.0879174770828809
12.99 -0.0878179184114927
12.999999999999998 -0.0871914988882064
13.01 -0.0869907661404386
13.020000000000001 -0.0868045593971271
13.03 -0.0863306469102545
13.040000000000001 -0.0859760097832545
13.049999999999999 -0.0859647411934788
13.06 -0.0854661176903711
13.069999999999999 -0.0852029151064062
13.08 -0.0846568923230592
13.089999999999998 -0.0846483540311571
13.1 -0.0843550425061793
13.110000000000001 -0.0837840810005365
13.12 -0.0834768332167823
13.13 -0.0835582687980293
13.139999999999999 -0.0830584544473418
13.15 -0.0826732825158683
13.159999999999998 -0.0822095150328773
13.17 -0.0822213254807797
13.180000000000001 -0.0817305208477691
13.19 -0.0812906494821944
13.200000000000001 -0.0809113825098635
13.209999999999999 -0.081206509367444
13.22 -0.0803627351406138
13.229999999999999 -0.0799978519072501
13.24 -0.0797165085319501
13.249999999999998 -0.0798001894862244
13.26 -0.0793792403565829
13.270000000000001 -0.0790466664088514
13.28 -0.0787191691108764
13.290000000000001 -0.0782522562651499
13.299999999999999 -0.0778327039807047
13.31 -0.0777021453205623
13.319999999999999 -0.0775002475841888
13.33 -0.0771204988953792
13.339999999999998 -0.0766471391032205
13.35 -0.0762324939768931
13.360000000000001 -0.0762717978227251
13.37 -0.0755988862672411
13.38 -0.075490317802693
13.389999999999999 -0.0751701805680165
13.4 -0.075360164272553
13.409999999999998 -0.0747828018887137
13.42 -0.0742424988690798
13.430000000000001 -0.0743261184311238
13.44 -0.0738816078813906
13.450000000000001 -0.0732475059421028
13.459999999999999 -0.0731454743154232
13.47 -0.0729474118935156
13.479999999999999 -0.0728733317023542
13.49 -0.0723659815116352
13.499999999999998 -0.0719418793013908
13.51 -0.0720685843732845
13.520000000000001 -0.0713167897666817
13.53 -0.0713091934395058
13.540000000000001 -0.0712113793019435
13.549999999999999 -0.0709718742001225
13.56 -0.0701719850039843
13.569999999999999 -0.0700525148429717
13.58 -0.0699244451901569
13.589999999999998 -0.0694580200947194
13.6 -0.0692386731006143
13.610000000000001 -0.0693569502592082
13.62 -0.0691898327725322
13.63 -0.0683018665243
13.639999999999999 -0.0679147238501371
13.65 -0.068134812106804
13.659999999999998 -0.0679742885219983
13.67 -0.0672627507613752
13.680000000000001 -0.0673142529047879
13.69 -0.067221308382055
13.700000000000001 -0.0666297632660125
13.709999999999999 -0.0660973141085073
13.72 -0.0662320269601511
13.729999999999999 -0.0661775430270291
13.74 -0.0657509909625096
13.749999999999998 -0.0652786131377405
13.76 -0.0655189628799915
13.770000000000001 -0.0652006881073225
13.78 -0.0644859156385903
13.790000000000001 -0.0642579911333109
13.799999999999999 -0.0642386498675545
13.81 -0.0637842766757036
13.819999999999999 -0.0635802070344359
13.83 -0.0635261745198439
13.839999999999998 -0.0632043879596028
13.85 -0.0627594012208991
13.860000000000001 -0.0623471642914734
13.87 -0.0624649387954439
13.88 -0.0621007152484786
13.889999999999999 -0.0616390953652108
13.9 -0.0619363346174186
13.909999999999998 -0.0617408788570699
13.92 -0.0611379421243818
13.930000000000001 -0.0608819705026402
13.94 -0.0606902559293467
13.950000000000001 -0.0603616697372436
13.959999999999999 -0.0602790070310648
13.97 -0.0601518218728726
13.979999999999999 -0.0601587136446519
13.99 -0.0596976576742716
13.999999999999998 -0.0595213088607129
14.01 -0.0594421253078288
14.020000000000001 -0.0591575068117678
14.03 -0.0572492737834312
14.040000000000001 -0.0570469127261779
14.049999999999999 -0.0569652100029293
14.06 -0.056701209476969
14.069999999999999 -0.0563263388268072
14.08 -0.0563462694626107
14.089999999999998 -0.0559526556322655
14.1 -0.0558634552154383
14.110000000000001 -0.0556039998389547
14.12 -0.0554782899479611
14.13 -0.0553187941299312
14.139999999999999 -0.0551579423019909
14.15 -0.0549491625591358
14.159999999999998 -0.0545200586620773
14.17 -0.0544719086382775
14.180000000000001 -0.0542809032100129
14.19 -0.0542201835601521
14.200000000000001 -0.0540517354631017
14.209999999999999 -0.054089925503739
14.22 -0.0536577772391715
14.229999999999999 -0.0534591939470254
14.24 -0.0532295377243564
14.249999999999998 -0.0530889876519499
14.26 -0.052714860805441
14.270000000000001 -0.0524434395084743
14.28 -0.0527742800553019
14.290000000000001 -0.0523405262531842
14.299999999999999 -0.0522331408962884
14.31 -0.0520381070559397
14.319999999999999 -0.0516841831475918
14.33 -0.0513981402780987
14.339999999999998 -0.0512041662026607
14.35 -0.0511063551430838
14.360000000000001 -0.050773842655421
14.37 -0.0507722066133842
14.38 -0.0506072493432454
14.389999999999999 -0.0503733892737939
14.4 -0.0501819599985825
14.409999999999998 -0.0501192489186241
14.42 -0.0499100324832518
14.430000000000001 -0.0495515422010553
14.44 -0.0494905532988756
14.450000000000001 -0.0493017964485653
14.459999999999999 -0.0490571353711524
14.47 -0.0489076083038211
14.479999999999999 -0.0486641612242064
14.49 -0.0483772763978988
14.499999999999998 -0.0479209794683885
14.51 -0.0479492860712063
14.520000000000001 -0.0478972620072784
14.53 -0.0475679481968845
14.540000000000001 -0.0473653903810387
14.549999999999999 -0.0472170593828638
14.56 -0.0469100454139766
14.569999999999999 -0.046593480325364
14.58 -0.0466081865946928
14.589999999999998 -0.0462955820420327
14.6 -0.0461147452913963
14.610000000000001 -0.0462426200920389
14.62 -0.0459099556802573
14.63 -0.0456202348377898
14.639999999999999 -0.045540223829714
14.65 -0.0451645851325818
14.659999999999998 -0.0451169667931701
14.67 -0.0450422393231823
14.680000000000001 -0.0448244574759121
14.69 -0.0446705669493761
14.700000000000001 -0.0445559024212755
14.709999999999999 -0.04458519521025
14.72 -0.0443368389969837
14.729999999999999 -0.0441603453325337
14.74 -0.04416838772748
14.749999999999998 -0.0438325031993157
14.76 -0.0439347217197595
14.770000000000001 -0.0440499285133879
14.78 -0.043695901857614
14.790000000000001 -0.0434411946675683
14.799999999999999 -0.0434491927424063
14.81 -0.0430567536153796
14.819999999999999 -0.0430680811944612
14.83 -0.0431133316630887
14.839999999999998 -0.0427638072413245
14.85 -0.0426813720282421
14.860000000000001 -0.0428795084368376
14.87 -0.0425397901380523
14.88 -0.0423824011437165
14.889999999999999 -0.0423766057686794
14.9 -0.041963564659003
14.909999999999998 -0.0420279046463485
14.92 -0.0420694759206846
14.930000000000001 -0.0416603834248591
14.94 -0.0416685990649033
14.950000000000001 -0.0418163023080398
14.959999999999999 -0.0414162486788015
14.97 -0.0411937614751865
14.979999999999999 -0.0413566503933811
14.99 -0.0410486336601014
14.999999999999998 -0.0408074146949933
15.01 -0.0409344541130701
15.020000000000001 -0.0406228785728818
15.03 -0.0403619304030149
15.040000000000001 -0.040285095153487
15.049999999999999 -0.0400665701348424
15.06 -0.0400152904284222
15.069999999999999 -0.039625083148214
15.08 -0.0396242905192214
15.089999999999998 -0.0386304463978268
15.1 -0.0387021683765352
15.110000000000001 -0.0388504537128215
15.12 -0.0381698879875904
15.13 -0.0381967805848401
15.139999999999999 -0.0375920090045291
15.15 -0.0398460878247264
15.159999999999998 -0.0374135488751993
15.17 -0.0386312461280358
15.180000000000001 -0.0377138765889425
15.19 -0.0383150886875978
15.200000000000001 -0.0376846147726427
15.209999999999999 -0.0383298012340084
15.22 -0.0380856584441365
15.229999999999999 -0.0376148832525763
15.24 -0.0372026033904411
15.249999999999998 -0.0369955881078263
15.26 -0.0368549911847133
15.270000000000001 -0.0367468952766474
15.28 -0.0358345720523727
15.290000000000001 -0.0359417900041938
15.299999999999999 -0.0360453117908477
15.31 -0.0359065613672527
15.319999999999999 -0.0354254983906604
15.33 -0.0352833409763187
15.339999999999998 -0.0353042177623676
15.35 -0.0356060250517285
15.360000000000001 -0.0357682516705738
15.37 -0.0355848235974377
15.38 -0.0353539910912103
15.389999999999999 -0.0360744997128564
15.4 -0.0362308559585084
15.409999999999998 -0.0344871534328693
15.42 -0.0345133800260927
15.430000000000001 -0.0377687114995861
15.44 -0.0345024304873187
15.450000000000001 -0.0344895052798043
15.459999999999999 -0.0376150554382749
15.47 -0.0376244896333798
15.479999999999999 -0.0376045406618121
15.49 -0.0381555440640704
15.499999999999998 -0.0380045120637833
15.51 -0.0377419133828552
15.520000000000001 -0.0378352963798904
15.53 -0.037005825809126
15.540000000000001 -0.0368651268347083
15.549999999999999 -0.0368903111867927
15.56 -0.0370525046162372
15.569999999999999 -0.0370762814831693
15.58 -0.036905621673387
15.589999999999998 -0.0369912360446033
15.6 -0.0368897714242884
15.610000000000001 -0.0367083259165385
15.62 -0.0366260577233521
15.63 -0.0365655632908526
15.639999999999999 -0.0366252888819299
15.65 -0.0369814712839488
15.659999999999998 -0.0369142426397719
15.67 -0.0369681547446124
15.680000000000001 -0.0369128264934721
15.69 -0.0358418231054729
15.700000000000001 -0.0357517030863805
