0.0 0.0
0.1 -2.36e-06
0.2 0.000176
0.3 0.00486
0.4 0.0225
0.5 -0.338
0.6 -0.367
0.7 -0.984
0.8 -0.898
0.9 -0.854
1.0 -0.802
1.1 -0.759
1.2 -0.721
1.3 -0.721
1.4 -0.692
1.5 -0.692
1.6 -0.664
1.7 -0.664
1.8 -0.664
1.9 -0.658
2.0 -0.658
2.1 -0.658
2.2 -0.658
2.3 -0.658
2.4 -0.648
2.5 -0.646
2.6 -0.646
2.7 -0.646
2.8 -0.646
2.9 -0.646
3.0 -0.646
3.1 -0.646
3.2 -0.599
3.3 -0.599
3.4 -0.59
3.5 -0.59
3.6 -0.581
3.7 -0.581
3.8 -0.569
3.9 -0.554
4.0 -0.54
4.1 -0.526
4.2 -0.512
4.3 -0.5
4.4 -0.488
4.5 -0.477
4.6 -0.468
4.7 -0.459
4.8 -0.451
4.9 -0.443
5.0 -0.434
5.1 -0.425
5.2 -0.416
5.3 -0.406
5.4 -0.395
5.5 -0.385
5.6 -0.297
5.7 -0.29
5.8 -0.282
5.9 -0.246
6.0 -0.241
6.1 -0.233
6.2 -0.211
6.3 -0.205
6.4 -0.151
6.5 -0.146
6.6 -0.142
6.7 -0.137
6.8 -0.131
6.9 -0.111
7.0 -0.107
7.1 -0.0775
7.2 -0.0743
7.3 -0.0656
7.4 -0.0634
7.5 -0.0609
7.6 -0.0437
7.7 -0.0421
7.8 -0.0405
7.9 -0.0389
8.0 -0.0372
8.1 -0.0353
8.2 -0.00997
8.3 -0.0104
8.4 -0.0137
8.5 -0.0149
8.6 -0.0166
8.7 -0.0238
8.8 -0.0257
8.9 -0.0281
9.0 -0.0367
9.1 -0.0388
9.2 -0.0497
9.3 -0.201
9.4 -0.202
9.5 -0.206
9.6 -0.207
9.7 -0.203
9.8 -0.201
9.9 -0.185
10.0 -0.181
10.1 -0.161
10.2 -0.156
10.3 -0.133
10.4 -0.127
10.5 -0.102
10.6 -0.096
10.7 -0.128
10.8 -0.0839
10.9 -0.0787
11.0 -0.0737
11.1 -0.0689
11.2 -0.0643
11.3 -0.0486
11.4 -0.0436
11.5 -0.0297
11.6 0.0331
11.7 0.0362
11.8 0.0458
11.9 0.0554
12.0 2.32
12.1 2.27
12.2 4.13
12.3 4.03
12.4 5.74
12.5 5.59
12.6 5.41
12.7 9.33
12.8 9.24
12.9 9.15
13.0 9.05
13.1 8.94
13.2 8.93
13.3 8.93
13.4 12.8
13.5 12.8
13.6 12.8
13.7 12.8
13.8 12.8
13.9 12.8
14.0 30.8
14.1 -11.8
14.2 -11.8
14.3 -11.8
14.4 -11.8
14.5 -11.8
14.6 -11.8
14.7 -11.7
14.8 -11.7
14.9 -5.45
15.0 -5.45
15.1 -2.49
15.2 -0.903
15.3 0.527
15.4 1.26
15.5 2.33
15.6 3.08
15.7 3.66
15.8 4.52
15.9 4.86
16.0 7.1
16.1 6.88
16.2 6.7
16.3 6.65
16.4 6.61
16.5 6.61
16.6 6.61
16.7 6.61
16.8 6.61
16.9 6.61
17.0 -8.09
17.1 -7.99
17.2 -4.79
17.3 -3.92
17.4 0.337
17.5 1.34
17.6 4.45
17.7 4.4
17.8 4.14
17.9 6.06
18.0 -2.05
18.1 -2.05
18.2 -2.04
18.3 -2.04
18.4 -2.04
18.5 -2.04
18.6 -2.04
18.7 -0.433
18.8 0.13
18.9 1.24
19.0 2.26
19.1 3.13
19.2 3.98
19.3 4.78
19.4 5.92
19.5 6.31
19.6 6.56
19.7 11.1
19.8 11.0
19.9 11.0
20.0 10.8
20.1 10.8
20.2 10.5
20.3 10.1
20.4 10.1
20.5 9.91
20.6 9.62
20.7 6.52
20.8 6.56
20.9 6.59
21.0 6.39
21.1 8.4
21.2 8.14
21.3 7.9
21.4 7.69
21.5 7.46
21.6 7.18
21.7 1.89
21.8 2.53
21.9 3.07
22.0 4.65
22.1 8.63
22.2 8.5
22.3 8.35
22.4 8.18
22.5 8.18
22.6 7.85
22.7 7.7
22.8 7.7
22.9 7.8
23.0 8.09
23.1 5.06
23.2 5.06
23.3 4.93
23.4 4.92
23.5 4.75
23.6 4.75
23.7 4.57
23.8 4.57
23.9 4.57
24.0 4.43
24.1 4.43
24.2 4.23
24.3 4.23
24.4 4.23
24.5 2.31
24.6 2.14
24.7 2.14
24.8 2.05
24.9 2.05
25.0 2.05
25.1 1.96
25.2 1.96
25.3 1.96
25.4 1.8
25.5 2.4
25.6 2.39
25.7 2.78
25.8 2.93
25.9 2.93
26.0 2.93
26.1 2.93
26.2 2.93
26.3 2.72
26.4 2.72
26.5 2.8
26.6 2.96
26.7 2.96
26.8 2.96
26.9 2.96
27.0 2.96
27.1 -4.63
27.2 -4.63
27.3 -4.58
27.4 -4.56
27.5 -4.56
27.6 -4.54
27.7 -4.51
27.8 -4.48
27.9 -4.45
28.0 -4.41
28.1 -4.36
28.2 -4.32
28.3 -4.26
28.4 -4.21
28.5 -4.15
28.6 -4.09
28.7 -4.02
28.8 -3.96
28.9 -3.9
29.0 -3.83
29.1 -3.77
29.2 -3.71
29.3 -3.65
29.4 -3.59
29.5 -3.53
29.6 -3.47
29.7 -3.42
29.8 -3.37
29.9 -3.31
30.0 -3.26
30.1 -3.21
30.2 -3.15
30.3 -3.1
30.4 -3.05
30.5 -2.99
30.6 -2.94
30.7 -2.88
30.8 -2.83
30.9 -2.77
31.0 -2.72
31.1 -2.66
31.2 -2.6
31.3 -2.53
31.4 -2.46
31.5 -2.4
31.6 -2.33
31.7 -2.13
31.8 -2.08
31.9 -1.86
32.0 -1.81
32.1 -1.48
32.2 -1.32
32.3 1.27
32.4 1.33
32.5 1.46
32.6 1.59
32.7 1.68
32.8 1.68
32.9 2.01
33.0 2.0
33.1 2.0
33.2 2.13
33.3 4.1
33.4 4.09
33.5 4.09
33.6 4.09
33.7 3.98
33.8 3.98
33.9 3.85
34.0 3.78
34.1 3.68
34.2 3.64
34.3 3.64
34.4 3.49
34.5 3.34
34.6 3.34
34.7 3.34
34.8 3.34
34.9 -3.0
35.0 -3.0
35.1 -3.0
35.2 -2.49
35.3 -2.49
35.4 -1.13
35.5 -1.13
35.6 -1.13
35.7 -0.753
35.8 -0.752
35.9 -0.744
36.0 -0.741
36.1 -0.74
36.2 -0.723
36.3 -0.702
36.4 -0.691
36.5 -0.691
36.6 -0.691
36.7 -0.691
36.8 -1.93
36.9 -1.92
37.0 -1.84
37.1 -1.82
37.2 -13.1
37.3 -13.0
37.4 -13.0
37.5 -12.5
37.6 -12.3
37.7 -12.1
37.8 -11.9
37.9 -11.7
38.0 -11.6
38.1 -11.4
38.2 -4.97
38.3 -4.83
38.4 -4.68
38.5 -4.55
38.6 -3.97
38.7 -3.84
38.8 -2.39
38.9 -2.27
39.0 7.87
39.1 7.85
39.2 7.83
39.3 7.79
39.4 7.74
39.5 7.69
39.6 7.53
39.7 7.48
39.8 7.42
39.9 7.17
40.0 7.11
40.1 7.03
40.2 6.73
40.3 6.66
40.4 6.57
40.5 6.48
40.6 6.17
40.7 6.08
40.8 5.99
40.9 5.9
41.0 5.81
41.1 5.72
41.2 5.62
41.3 5.53
41.4 5.43
41.5 5.34
41.6 5.24
41.7 5.15
41.8 5.06
41.9 4.97
42.0 4.88
42.1 4.79
42.2 4.7
42.3 4.61
42.4 4.51
42.5 4.42
42.6 4.33
42.7 4.25
42.8 3.48
42.9 3.4
43.0 3.08
43.1 2.92
43.2 2.85
43.3 2.73
43.4 2.65
43.5 2.56
43.6 2.46
43.7 2.38
43.8 2.32
43.9 2.25
44.0 2.19
44.1 2.28
44.2 2.28
44.3 2.28
44.4 2.33
44.5 2.64
44.6 2.64
44.7 5.39
44.8 5.39
44.9 5.39
45.0 5.28
45.1 4.74
45.2 4.34
45.3 4.56
45.4 8.37
45.5 7.94
45.6 7.82
45.7 7.36
45.8 7.24
45.9 7.11
46.0 6.96
46.1 6.79
46.2 6.62
46.3 6.47
46.4 6.32
46.5 6.18
46.6 6.04
46.7 5.9
46.8 5.76
46.9 5.62
47.0 5.62
47.1 5.51
47.2 5.37
47.3 5.37
47.4 5.26
47.5 5.09
47.6 3.45
47.7 3.36
47.8 3.36
47.9 3.15
48.0 -7.04
48.1 -7.04
48.2 -7.02
48.3 -7.02
48.4 -6.99
48.5 -6.57
48.6 -6.57
48.7 -6.53
48.8 -6.53
48.9 -6.48
49.0 -6.48
49.1 -6.41
49.2 -6.41
49.3 -6.33
49.4 -6.33
49.5 -5.94
49.6 -4.23
49.7 -2.34
49.8 -0.912
49.9 0.464
