0.0 4.84 4.9 4.94
0.1 4.84 4.9 4.94
0.2 4.84 4.9 4.94
0.3 4.84 4.9 4.94
0.4 4.85 4.91 4.94
0.5 4.85 4.91 4.94
0.6 4.85 4.91 4.95
0.7 4.85 4.91 4.95
0.8 4.85 4.92 4.95
0.9 4.85 4.92 4.95
1.0 4.85 4.92 4.95
1.1 4.86 4.92 4.95
1.2 4.85 4.93 4.96
1.3 4.85 4.93 4.96
1.4 4.85 4.93 4.96
1.5 4.85 4.93 4.96
1.6 4.85 4.93 4.96
1.7 4.84 4.92 4.96
1.8 4.84 4.92 4.97
1.9 4.83 4.92 4.97
2.0 4.82 4.91 4.97
2.1 4.82 4.91 4.97
2.2 4.81 4.9 4.97
2.3 4.8 4.9 4.97
2.4 4.79 4.89 4.98
2.5 4.78 4.88 4.98
2.6 4.78 4.87 4.98
2.7 4.77 4.87 4.98
2.8 4.76 4.86 4.98
2.9 4.75 4.85 4.99
3.0 4.74 4.85 4.99
3.1 4.73 4.84 4.99
3.2 4.72 4.83 4.99
3.3 4.71 4.83 4.99
3.4 4.7 4.82 5.0
3.5 4.7 4.82 5.0
3.6 4.69 4.82 5.0
3.7 4.68 4.82 5.0
3.8 4.68 4.82 5.0
3.9 4.67 4.82 5.0
4.0 4.67 4.82 5.01
4.1 4.67 4.82 5.01
4.2 4.66 4.82 5.01
4.3 4.66 4.83 5.01
4.4 4.66 4.83 5.01
4.5 4.66 4.84 5.01
4.6 4.66 4.85 5.01
4.7 4.67 4.85 5.01
4.8 4.67 4.86 5.01
4.9 4.67 4.87 5.01
5.0 4.68 4.88 5.01
5.1 4.68 4.89 5.01
5.2 4.68 4.89 5.01
5.3 4.69 4.9 5.01
5.4 4.69 4.91 5.01
5.5 4.69 4.92 5.01
5.6 4.69 4.92 5.01
5.7 4.69 4.93 5.01
5.8 4.69 4.93 5.01
5.9 4.69 4.93 5.01
6.0 4.69 4.93 5.01
6.1 4.68 4.93 5.01
6.2 4.68 4.93 5.0
6.3 4.67 4.93 5.0
6.4 4.67 4.93 5.0
6.5 4.66 4.93 5.0
6.6 4.66 4.93 5.0
6.7 4.65 4.93 5.0
6.8 4.64 4.93 5.0
6.9 4.64 4.93 5.0
7.0 4.63 4.93 4.99
7.1 4.63 4.93 4.99
7.2 4.62 4.93 4.99
7.3 4.62 4.93 4.99
7.4 4.61 4.94 4.99
7.5 4.61 4.94 4.99
7.6 4.6 4.94 4.99
7.7 4.6 4.95 4.99
7.8 4.6 4.95 4.99
7.9 4.59 4.96 4.99
8.0 4.59 4.96 4.99
8.1 4.59 4.97 4.99
8.2 4.58 4.97 4.99
8.3 4.58 4.98 4.99
8.4 4.57 4.98 4.99
8.5 4.56 4.99 4.99
8.6 4.56 4.99 4.99
8.7 4.55 5.0 4.99
8.8 4.54 5.0 4.99
8.9 4.54 5.01 4.99
9.0 4.53 5.01 5.0
9.1 4.53 5.02 5.0
9.2 4.52 5.02 5.01
9.3 4.52 5.02 5.01
9.4 4.52 5.03 5.01
9.5 4.51 5.03 5.02
9.6 4.51 5.03 5.02
9.7 4.51 5.03 5.03
9.8 4.51 5.02 5.03
9.9 4.51 5.02 5.03
10.0 4.52 5.02 5.04
10.1 4.52 5.02 5.04
10.2 4.52 5.02 5.05
10.3 4.53 5.01 5.05
10.4 4.53 5.01 5.06
10.5 4.53 5.01 5.06
10.6 4.54 5.01 5.07
10.7 4.54 5.01 5.08
10.8 4.54 5.01 5.09
10.9 4.54 5.01 5.09
11.0 4.55 5.01 5.1
11.1 4.55 5.01 5.11
11.2 4.55 5.01 5.12
11.3 4.55 5.0 5.12
11.4 4.56 5.0 5.13
11.5 4.56 5.0 5.14
11.6 4.56 5.0 5.15
11.7 4.56 5.0 5.16
11.8 4.57 5.01 5.16
11.9 4.57 5.01 5.17
12.0 4.57 5.02 5.18
12.1 4.57 5.02 5.18
12.2 4.57 5.03 5.19
12.3 4.57 5.03 5.2
12.4 4.58 5.03 5.21
12.5 4.58 5.04 5.22
12.6 4.58 5.04 5.23
12.7 4.58 5.04 5.24
12.8 4.58 5.05 5.24
12.9 4.58 5.05 5.25
13.0 4.58 5.06 5.25
13.1 4.58 5.06 5.25
13.2 4.58 5.06 5.25
13.3 4.58 5.07 5.25
13.4 4.58 5.07 5.25
13.5 4.58 5.07 5.25
13.6 4.58 5.07 5.25
13.7 4.58 5.07 5.25
13.8 4.58 5.07 5.26
13.9 4.57 5.07 5.26
14.0 4.57 5.07 5.26
14.1 4.57 5.07 5.26
14.2 4.57 5.07 5.27
14.3 4.57 5.08 5.27
14.4 4.57 5.08 5.28
14.5 4.57 5.08 5.28
14.6 4.57 5.08 5.28
14.7 4.56 5.07 5.28
14.8 4.56 5.07 5.28
14.9 4.55 5.06 5.28
15.0 4.54 5.06 5.28
15.1 4.53 5.05 5.27
15.2 4.53 5.05 5.26
15.3 4.52 5.04 5.26
15.4 4.52 5.04 5.25
15.5 4.52 5.04 5.24
15.6 4.52 5.03 5.23
15.7 4.52 5.03 5.22
15.8 4.52 5.02 5.21
15.9 4.52 5.01 5.2
16.0 4.52 5.01 5.19
16.1 4.52 5.0 5.19
16.2 4.51 5.0 5.18
16.3 4.51 4.99 5.17
16.4 4.5 4.99 5.17
16.5 4.49 4.98 5.16
16.6 4.48 4.98 5.16
16.7 4.47 4.98 5.15
16.8 4.46 4.97 5.15
16.9 4.45 4.97 5.15
17.0 4.43 4.97 5.15
17.1 4.42 4.97 5.15
17.2 4.4 4.97 5.15
17.3 4.38 4.97 5.15
17.4 4.36 4.96 5.15
17.5 4.33 4.96 5.14
17.6 4.31 4.95 5.14
17.7 4.28 4.94 5.13
17.8 4.25 4.94 5.12
17.9 4.2 4.93 5.11
18.0 4.11 4.92 5.11
18.1 3.97 4.92 5.1
18.2 3.78 4.91 5.1
18.3 3.57 4.91 5.09
18.4 3.38 4.9 5.09
18.5 3.26 4.9 5.08
18.6 3.26 4.89 5.08
18.7 3.34 4.88 5.08
18.8 3.48 4.87 5.07
18.9 3.64 4.87 5.07
19.0 3.77 4.86 5.06
19.1 3.88 4.84 5.06
19.2 3.95 4.83 5.05
19.3 4.0 4.82 5.05
19.4 4.03 4.81 5.04
19.5 4.04 4.8 5.04
19.6 4.05 4.78 5.03
19.7 4.05 4.77 5.03
19.8 4.05 4.76 5.02
19.9 4.06 4.74 5.02
20.0 4.06 4.73 5.01
20.1 4.06 4.71 5.01
20.2 4.06 4.7 5.0
20.3 4.06 4.69 5.0
20.4 4.06 4.68 5.0
20.5 4.06 4.67 5.0
20.6 4.06 4.66 5.0
20.7 4.06 4.66 5.0
20.8 4.06 4.65 5.0
20.9 4.06 4.64 5.0
21.0 4.06 4.63 5.0
21.1 4.06 4.62 5.0
21.2 4.06 4.62 5.0
21.3 4.06 4.61 5.0
21.4 4.06 4.61 5.0
21.5 4.07 4.61 5.01
21.6 4.07 4.6 5.01
21.7 4.07 4.6 5.01
21.8 4.07 4.59 5.01
21.9 4.07 4.58 5.01
22.0 4.07 4.58 5.01
22.1 4.08 4.57 5.01
22.2 4.08 4.56 5.0
22.3 4.08 4.56 5.0
22.4 4.08 4.55 4.99
22.5 4.08 4.55 4.98
22.6 4.08 4.55 4.98
22.7 4.09 4.54 4.97
22.8 4.09 4.54 4.96
22.9 4.09 4.54 4.95
23.0 4.09 4.54 4.94
23.1 4.09 4.54 4.94
23.2 4.09 4.54 4.93
23.3 4.09 4.54 4.93
23.4 4.08 4.55 4.93
23.5 4.08 4.55 4.93
23.6 4.08 4.55 4.93
23.7 4.08 4.55 4.93
23.8 4.07 4.55 4.93
23.9 4.07 4.55 4.93
24.0 4.07 4.55 4.93
24.1 4.06 4.55 4.93
24.2 4.06 4.55 4.94
24.3 4.06 4.55 4.94
24.4 4.06 4.55 4.94
24.5 4.05 4.55 4.95
24.6 4.05 4.55 4.95
24.7 4.05 4.55 4.95
24.8 4.05 4.55 4.95
24.9 4.05 4.56 4.94
25.0 4.05 4.56 4.94
25.1 4.04 4.56 4.94
25.2 4.04 4.56 4.94
25.3 4.04 4.56 4.93
25.4 4.04 4.56 4.93
25.5 4.04 4.57 4.93
25.6 4.04 4.57 4.93
25.7 4.04 4.57 4.93
25.8 4.04 4.58 4.93
25.9 4.04 4.58 4.93
26.0 4.04 4.59 4.93
26.1 4.05 4.59 4.93
26.2 4.05 4.6 4.94
26.3 4.05 4.61 4.94
26.4 4.05 4.62 4.95
26.5 4.05 4.63 4.96
26.6 4.05 4.63 4.97
26.7 4.05 4.64 4.97
26.8 4.05 4.65 4.98
26.9 4.05 4.65 4.99
27.0 4.05 4.66 5.0
27.1 4.05 4.66 5.0
27.2 4.05 4.67 5.01
27.3 4.06 4.68 5.01
27.4 4.06 4.68 5.02
27.5 4.07 4.68 5.02
27.6 4.07 4.69 5.02
27.7 4.08 4.69 5.03
27.8 4.09 4.7 5.03
27.9 4.1 4.7 5.03
28.0 4.11 4.7 5.03
28.1 4.11 4.7 5.03
28.2 4.12 4.7 5.03
28.3 4.13 4.7 5.02
28.4 4.14 4.7 5.02
28.5 4.14 4.7 5.02
28.6 4.15 4.69 5.02
28.7 4.15 4.69 5.01
28.8 4.16 4.69 5.01
28.9 4.16 4.68 5.01
29.0 4.16 4.68 5.0
29.1 4.17 4.67 5.0
29.2 4.17 4.67 5.0
29.3 4.17 4.66 4.99
29.4 4.17 4.65 4.99
29.5 4.17 4.65 4.99
29.6 4.17 4.64 4.98
29.7 4.17 4.64 4.98
29.8 4.18 4.64 4.98
29.9 4.18 4.63 4.98
30.0 4.18 4.63 4.98
30.1 4.18 4.63 4.98
30.2 4.18 4.62 4.98
30.3 4.19 4.62 4.98
30.4 4.19 4.62 4.98
30.5 4.19 4.62 4.98
30.6 4.2 4.62 4.98
30.7 4.2 4.63 4.98
30.8 4.2 4.63 4.98
30.9 4.21 4.63 4.99
31.0 4.21 4.63 4.99
31.1 4.22 4.64 4.99
31.2 4.22 4.64 4.99
31.3 4.23 4.64 5.0
31.4 4.23 4.65 5.0
31.5 4.23 4.65 5.0
31.6 4.24 4.65 5.0
31.7 4.24 4.65 5.01
31.8 4.25 4.66 5.01
31.9 4.25 4.66 5.01
32.0 4.25 4.66 5.01
32.1 4.26 4.66 5.02
32.2 4.26 4.66 5.02
32.3 4.26 4.67 5.02
32.4 4.26 4.67 5.02
32.5 4.26 4.67 5.02
32.6 4.26 4.67 5.02
32.7 4.26 4.68 5.02
32.8 4.26 4.68 5.02
32.9 4.26 4.69 5.02
33.0 4.26 4.69 5.02
33.1 4.26 4.7 5.02
33.2 4.26 4.7 5.02
33.3 4.26 4.71 5.02
33.4 4.26 4.71 5.02
33.5 4.26 4.72 5.01
33.6 4.25 4.72 5.01
33.7 4.25 4.73 5.01
33.8 4.25 4.74 5.01
33.9 4.25 4.74 5.01
34.0 4.25 4.75 5.01
34.1 4.25 4.76 5.01
34.2 4.25 4.77 5.01
34.3 4.25 4.78 5.01
34.4 4.25 4.79 5.01
34.5 4.24 4.79 5.01
34.6 4.24 4.8 5.01
34.7 4.24 4.81 5.02
34.8 4.23 4.82 5.02
34.9 4.23 4.83 5.02
35.0 4.22 4.84 5.02
35.1 4.21 4.85 5.02
35.2 4.2 4.86 5.02
35.3 4.19 4.86 5.02
35.4 4.17 4.87 5.02
35.5 4.15 4.87 5.02
35.6 4.11 4.87 5.01
35.7 4.07 4.87 5.01
35.8 4.04 4.87 5.01
35.9 4.05 4.87 5.01
36.0 4.08 4.86 5.01
36.1 4.13 4.86 5.0
36.2 4.17 4.86 5.0
36.3 4.2 4.85 5.0
36.4 4.23 4.84 4.99
36.5 4.24 4.83 4.98
36.6 4.25 4.82 4.97
36.7 4.25 4.81 4.96
36.8 4.25 4.79 4.95
36.9 4.26 4.78 4.94
37.0 4.26 4.76 4.93
37.1 4.26 4.74 4.92
37.2 4.26 4.73 4.92
37.3 4.26 4.71 4.91
37.4 4.26 4.7 4.9
37.5 4.27 4.69 4.9
37.6 4.27 4.68 4.89
37.7 4.27 4.66 4.89
37.8 4.28 4.65 4.89
37.9 4.28 4.63 4.88
38.0 4.29 4.62 4.87
38.1 4.29 4.6 4.87
38.2 4.3 4.59 4.86
38.3 4.31 4.57 4.86
38.4 4.31 4.56 4.85
38.5 4.32 4.55 4.85
38.6 4.33 4.54 4.84
38.7 4.33 4.54 4.83
38.8 4.34 4.53 4.83
38.9 4.35 4.53 4.82
39.0 4.35 4.52 4.82
39.1 4.36 4.52 4.82
39.2 4.36 4.51 4.82
39.3 4.37 4.51 4.82
39.4 4.37 4.5 4.82
39.5 4.38 4.49 4.82
39.6 4.38 4.49 4.82
39.7 4.39 4.48 4.82
39.8 4.39 4.47 4.82
39.9 4.4 4.47 4.82
40.0 4.41 4.46 4.82
40.1 4.41 4.46 4.81
40.2 4.42 4.45 4.81
40.3 4.42 4.45 4.81
40.4 4.43 4.45 4.81
40.5 4.43 4.45 4.81
40.6 4.44 4.44 4.8
40.7 4.44 4.44 4.8
40.8 4.44 4.44 4.79
40.9 4.45 4.44 4.79
41.0 4.45 4.44 4.78
41.1 4.45 4.45 4.77
41.2 4.45 4.45 4.77
41.3 4.46 4.45 4.76
41.4 4.46 4.45 4.75
41.5 4.46 4.45 4.75
41.6 4.46 4.45 4.74
41.7 4.47 4.44 4.73
41.8 4.47 4.44 4.73
41.9 4.47 4.44 4.72
42.0 4.47 4.44 4.72
42.1 4.48 4.44 4.71
42.2 4.48 4.43 4.71
42.3 4.48 4.43 4.7
42.4 4.48 4.42 4.7
42.5 4.48 4.42 4.7
42.6 4.48 4.41 4.7
42.7 4.48 4.4 4.7
42.8 4.48 4.4 4.7
42.9 4.47 4.39 4.7
43.0 4.47 4.38 4.7
43.1 4.47 4.37 4.7
43.2 4.47 4.36 4.7
43.3 4.47 4.35 4.7
43.4 4.46 4.35 4.7
43.5 4.46 4.34 4.7
43.6 4.46 4.34 4.7
43.7 4.46 4.33 4.7
43.8 4.46 4.33 4.7
43.9 4.45 4.34 4.7
44.0 4.45 4.34 4.7
44.1 4.45 4.35 4.7
44.2 4.45 4.35 4.7
44.3 4.45 4.36 4.7
44.4 4.45 4.36 4.69
44.5 4.45 4.37 4.69
44.6 4.45 4.38 4.68
44.7 4.45 4.38 4.68
44.8 4.45 4.39 4.67
44.9 4.46 4.39 4.66
45.0 4.46 4.4 4.66
45.1 4.46 4.4 4.64
45.2 4.46 4.39 4.63
45.3 4.45 4.39 4.62
45.4 4.45 4.39 4.61
45.5 4.45 4.38 4.6
45.6 4.45 4.38 4.59
45.7 4.45 4.38 4.58
45.8 4.45 4.38 4.57
45.9 4.45 4.38 4.57
46.0 4.45 4.38 4.56
46.1 4.45 4.38 4.56
46.2 4.45 4.38 4.55
46.3 4.45 4.38 4.55
46.4 4.46 4.38 4.54
46.5 4.46 4.38 4.53
46.6 4.46 4.38 4.52
46.7 4.47 4.37 4.51
46.8 4.47 4.37 4.5
46.9 4.47 4.36 4.49
47.0 4.47 4.35 4.48
47.1 4.47 4.33 4.47
47.2 4.47 4.32 4.45
47.3 4.46 4.3 4.44
47.4 4.46 4.29 4.42
47.5 4.45 4.27 4.41
47.6 4.45 4.25 4.39
47.7 4.44 4.24 4.38
47.8 4.44 4.22 4.37
47.9 4.43 4.21 4.35
48.0 4.43 4.19 4.34
48.1 4.42 4.18 4.33
48.2 4.42 4.18 4.33
48.3 4.41 4.17 4.32
48.4 4.41 4.16 4.32
48.5 4.41 4.16 4.32
48.6 4.41 4.16 4.32
48.7 4.41 4.16 4.32
48.8 4.42 4.16 4.33
48.9 4.42 4.16 4.33
49.0 4.42 4.15 4.33
49.1 4.43 4.15 4.33
49.2 4.43 4.15 4.33
49.3 4.43 4.15 4.32
49.4 4.44 4.14 4.32
49.5 4.44 4.13 4.31
49.6 4.44 4.12 4.3
49.7 4.44 4.11 4.29
49.8 4.44 4.1 4.28
49.9 4.44 4.09 4.27
