0.0 0.0
0.1 0.0
0.2 1.22e-05
0.3 0.00289
0.4 -0.00328
0.5 -0.0152
0.6 -0.00774
0.7 0.1
0.8 0.101
0.9 0.102
1.0 0.104
1.1 0.106
1.2 0.108
1.3 0.108
1.4 0.109
1.5 0.109
1.6 0.109
1.7 0.109
1.8 0.109
1.9 0.109
2.0 0.109
2.1 0.109
2.2 0.109
2.3 0.109
2.4 0.109
2.5 0.109
2.6 0.109
2.7 0.109
2.8 0.109
2.9 0.109
3.0 0.109
3.1 0.109
3.2 0.106
3.3 0.106
3.4 0.106
3.5 0.106
3.6 0.105
3.7 0.105
3.8 0.104
3.9 0.103
4.0 0.102
4.1 0.101
4.2 0.101
4.3 0.0994
4.4 0.0984
4.5 0.0974
4.6 0.0964
4.7 0.0954
4.8 0.0944
4.9 0.0935
5.0 0.0926
5.1 0.0916
5.2 0.0907
5.3 0.0898
5.4 0.0889
5.5 0.0881
5.6 0.0805
5.7 0.0798
5.8 0.0791
5.9 0.0755
6.0 0.0748
6.1 0.074
6.2 0.0715
6.3 0.0708
6.4 0.064
6.5 0.0636
6.6 0.0632
6.7 0.0627
6.8 0.0621
6.9 0.0602
7.0 0.0598
7.1 0.0566
7.2 0.0562
7.3 0.0552
7.4 0.0548
7.5 0.0545
7.6 0.052
7.7 0.0517
7.8 0.0514
7.9 0.0511
8.0 0.0509
8.1 0.0506
8.2 0.0456
8.3 0.0455
8.4 0.045
8.5 0.0449
8.6 0.0448
8.7 0.0444
8.8 0.0443
8.9 0.0443
9.0 0.0438
9.1 0.0437
9.2 0.0433
9.3 0.037
9.4 0.0368
9.5 0.0364
9.6 0.0362
9.7 0.0359
9.8 0.0359
9.9 0.0362
10.0 0.0363
10.1 0.0367
10.2 0.0368
10.3 0.0373
10.4 0.0375
10.5 0.038
10.6 0.0381
10.7 0.071
10.8 0.0721
10.9 0.0722
11.0 0.0722
11.1 0.0724
11.2 0.0725
11.3 0.0726
11.4 0.0727
11.5 0.0729
11.6 0.0732
11.7 0.0733
11.8 0.0733
11.9 0.0734
12.0 0.165
12.1 0.162
12.2 -1.0
12.3 -1.0
12.4 -0.981
12.5 -0.984
12.6 -0.987
12.7 -0.986
12.8 -0.985
12.9 -0.983
13.0 -0.98
13.1 -0.976
13.2 -0.973
13.3 -0.973
13.4 1.0
13.5 1.0
13.6 1.0
13.7 1.0
13.8 1.0
13.9 1.0
14.0 -0.97
14.1 0.995
14.2 0.996
14.3 0.996
14.4 0.996
14.5 0.997
14.6 0.997
14.7 0.998
14.8 1.0
14.9 1.0
15.0 1.0
15.1 0.999
15.2 0.957
15.3 1.0
15.4 0.999
15.5 0.828
15.6 0.273
15.7 -0.305
15.8 -1.0
15.9 -1.0
16.0 -1.0
16.1 -1.0
16.2 -1.0
16.3 -1.0
16.4 -1.0
16.5 -1.0
16.6 -1.0
16.7 -1.0
16.8 -1.0
16.9 -1.0
17.0 1.0
17.1 1.0
17.2 0.921
17.3 0.933
17.4 0.792
17.5 0.635
17.6 -0.0861
17.7 -0.0864
17.8 -0.0872
17.9 -0.15
18.0 -0.155
18.1 -0.155
18.2 -0.155
18.3 -0.155
18.4 -0.155
18.5 -0.155
18.6 -0.155
18.7 -0.187
18.8 -0.179
18.9 -0.137
19.0 -0.0608
19.1 0.0321
19.2 0.111
19.3 0.231
19.4 0.327
19.5 0.276
19.6 0.265
19.7 -0.121
19.8 -0.119
19.9 -0.119
20.0 -0.117
20.1 -0.117
20.2 -0.115
20.3 -0.111
20.4 -0.111
20.5 -0.109
20.6 -0.106
20.7 -0.0764
20.8 0.0275
20.9 0.103
21.0 0.104
21.1 0.299
21.2 0.298
21.3 0.297
21.4 0.296
21.5 0.293
21.6 0.289
21.7 1.0
21.8 -0.0484
21.9 -0.198
22.0 -0.706
22.1 1.0
22.2 0.996
22.3 0.99
22.4 0.982
22.5 0.982
22.6 -1.0
22.7 -1.0
22.8 -1.0
22.9 -1.0
23.0 -1.0
23.1 -0.42
23.2 -0.42
23.3 -0.421
23.4 -0.421
23.5 -0.421
23.6 -0.421
23.7 -0.42
23.8 -0.42
23.9 -0.42
24.0 -0.418
24.1 -0.418
24.2 -0.413
24.3 -0.413
24.4 -0.413
24.5 -0.341
24.6 -0.334
24.7 -0.334
24.8 -0.329
24.9 -0.329
25.0 -0.329
25.1 -0.324
25.2 -0.324
25.3 -0.324
25.4 -0.314
25.5 1.0
25.6 1.0
25.7 0.992
25.8 1.0
25.9 1.0
26.0 1.0
26.1 1.0
26.2 1.0
26.3 0.865
26.4 0.865
26.5 0.868
26.6 -0.125
26.7 -0.125
26.8 -0.125
26.9 -0.125
27.0 -0.125
27.1 -1.0
27.2 -1.0
27.3 -1.0
27.4 -1.0
27.5 -1.0
27.6 -1.0
27.7 -1.0
27.8 -1.0
27.9 -1.0
28.0 -1.0
28.1 -1.0
28.2 -1.0
28.3 -1.0
28.4 -1.0
28.5 -1.0
28.6 -1.0
28.7 -1.0
28.8 -1.0
28.9 -1.0
29.0 -1.0
29.1 -1.0
29.2 -1.0
29.3 -1.0
29.4 -1.0
29.5 -1.0
29.6 -1.0
29.7 -1.0
29.8 -1.0
29.9 -1.0
30.0 -1.0
30.1 -1.0
30.2 -1.0
30.3 -0.999
30.4 -0.998
30.5 -0.996
30.6 -0.994
30.7 -0.992
30.8 -0.989
30.9 -0.986
31.0 -0.982
31.1 -0.979
31.2 -0.974
31.3 -0.97
31.4 -0.966
31.5 -0.961
31.6 -0.957
31.7 -0.945
31.8 -0.942
31.9 -0.598
32.0 -0.595
32.1 -0.396
32.2 -0.262
32.3 0.154
32.4 0.178
32.5 0.212
32.6 0.238
32.7 0.248
32.8 0.248
32.9 0.241
33.0 0.241
33.1 0.24
33.2 0.185
33.3 -0.232
33.4 -0.233
33.5 -0.233
33.6 -0.233
33.7 -0.238
33.8 -0.238
33.9 -0.243
34.0 -0.243
34.1 -0.246
34.2 -0.264
34.3 -0.264
34.4 -0.269
34.5 -0.275
34.6 -0.275
34.7 -0.275
34.8 -0.275
34.9 -0.612
35.0 -0.612
35.1 -0.612
35.2 -0.763
35.3 -0.763
35.4 -0.76
35.5 -0.76
35.6 -0.76
35.7 -0.978
35.8 -0.978
35.9 -0.978
36.0 -0.978
36.1 -0.978
36.2 -0.979
36.3 -0.98
36.4 -0.98
36.5 -0.98
36.6 -0.98
36.7 -0.98
36.8 -1.0
36.9 -1.0
37.0 -1.0
37.1 -1.0
37.2 -1.0
37.3 -1.0
37.4 -1.0
37.5 -1.0
37.6 -1.0
37.7 -1.0
37.8 -0.999
37.9 -0.997
38.0 -0.992
38.1 -0.985
38.2 -0.642
38.3 -0.635
38.4 -0.626
38.5 -0.617
38.6 -0.576
38.7 -0.567
38.8 -0.455
38.9 -0.445
39.0 0.351
39.1 0.351
39.2 0.35
39.3 0.347
39.4 0.343
39.5 0.339
39.6 0.326
39.7 0.322
39.8 0.317
39.9 0.299
40.0 0.294
40.1 0.288
40.2 0.267
40.3 0.261
40.4 0.255
40.5 0.249
40.6 0.228
40.7 0.222
40.8 0.216
40.9 0.21
41.0 0.204
41.1 0.198
41.2 0.192
41.3 0.186
41.4 0.181
41.5 0.176
41.6 0.171
41.7 0.166
41.8 0.162
41.9 0.157
42.0 0.154
42.1 0.15
42.2 0.147
42.3 0.144
42.4 0.141
42.5 0.138
42.6 0.136
42.7 0.134
42.8 -0.409
42.9 -0.412
43.0 -0.699
43.1 -0.827
43.2 -0.83
43.3 -0.882
43.4 -0.886
43.5 -0.891
43.6 -0.897
43.7 -0.901
43.8 -0.905
43.9 -0.91
44.0 -0.914
44.1 -0.888
44.2 -0.888
44.3 -0.888
44.4 -0.942
44.5 -1.0
44.6 -1.0
44.7 1.0
44.8 1.0
44.9 1.0
45.0 0.991
45.1 0.948
45.2 -1.0
45.3 -0.975
45.4 -0.982
45.5 -1.0
45.6 -1.0
45.7 -1.0
45.8 -1.0
45.9 -1.0
46.0 -1.0
46.1 -1.0
46.2 -1.0
46.3 -1.0
46.4 -0.998
46.5 -0.995
46.6 -0.989
46.7 -0.983
46.8 -0.975
46.9 -0.965
47.0 -0.965
47.1 -0.957
47.2 -0.948
47.3 -0.948
47.4 -0.94
47.5 -0.928
47.6 0.31
47.7 0.316
47.8 0.316
47.9 0.87
48.0 1.0
48.1 1.0
48.2 0.999
48.3 0.999
48.4 0.997
48.5 0.962
48.6 0.962
48.7 0.958
48.8 0.958
48.9 0.955
49.0 0.955
49.1 0.95
49.2 0.95
49.3 0.945
49.4 0.945
49.5 0.359
49.6 -0.999
49.7 -0.994
49.8 -0.999
49.9 -0.98
