0.0 0.0 0.0 -6.91e-09
0.1 0.0 0.0 -3.7e-08
0.2 0.0 0.0 -7.85e-08
0.3 0.0 0.0 -1.1e-07
0.4 0.0 0.0 -1.5e-07
0.5 0.0 0.0 -1.95e-07
0.6 0.0 0.0 -2.26e-07
0.7 0.0 0.0 -5.29e-07
0.8 0.0 0.0 -1.12e-06
0.9 0.0 0.0 -1.75e-06
1.0 0.0 0.0 -2.45e-06
1.1 0.0 0.0 -3.2e-06
1.2 0.0 0.0 -4.03e-06
1.3 0.0 0.0 -5.07e-06
1.4 0.0 0.0 -6.43e-06
1.5 0.0 0.0 -8.07e-06
1.6 0.0 0.0 -1.01e-05
1.7 0.0 0.0 -1.26e-05
1.8 0.0 0.0 -1.49e-05
1.9 0.0 0.0 -1.66e-05
2.0 0.0 0.0 -1.77e-05
2.1 0.0 0.0 -1.84e-05
2.2 0.0 0.0 -1.86e-05
2.3 0.0 0.0 -1.85e-05
2.4 0.0 0.0 -1.8e-05
2.5 0.0 0.0 -1.7e-05
2.6 0.0 0.0 -1.58e-05
2.7 0.0 0.0 -1.41e-05
2.8 0.0 0.0 -1.23e-05
2.9 0.0 0.0 -1.01e-05
3.0 0.0 0.0 -7.32e-06
3.1 0.0 0.0 0.00054
3.2 0.0 0.0 0.00262
3.3 0.0 0.0 0.00709
3.4 0.0 0.0 0.0147
3.5 0.0 0.0 0.026
3.6 0.0 0.0 0.0416
3.7 0.0 0.0 0.0619
3.8 0.0 0.0 0.0873
3.9 0.0 0.0 0.118
4.0 0.0 0.0 0.154
4.1 0.0 0.0 0.197
4.2 0.0 0.0 0.245
4.3 0.0 0.0 0.299
4.4 0.0 0.0 0.359
4.5 0.0 0.0 0.425
4.6 0.0 0.0 0.497
4.7 0.0 0.0 0.574
4.8 0.0 0.0 0.658
4.9 0.0 0.0 0.747
5.0 0.0 0.0 0.84
5.1 0.0 0.0 0.937
5.2 0.0 0.0 1.04
5.3 0.0 0.0 1.14
5.4 0.0 0.0 1.25
5.5 0.0 0.0 1.36
5.6 0.0 0.0 1.47
5.7 0.0 0.0 1.58
5.8 0.0 0.0 1.7
5.9 0.0 0.0 1.81
6.0 0.0 0.0 1.93
6.1 0.0 0.0 2.05
6.2 0.0 0.0 2.16
6.3 0.0 0.0 2.28
6.4 0.0 0.0 2.4
6.5 0.0 0.0 2.53
6.6 0.0 0.0 2.65
6.7 0.0 0.0 2.77
6.8 0.0 0.0 2.89
6.9 0.0 0.0 3.01
7.0 0.0 0.0 3.14
7.1 0.0 0.0 3.26
7.2 0.0 0.0 3.38
7.3 0.0 0.0 3.51
7.4 0.0 0.0 3.63
7.5 0.0 0.0 3.75
7.6 0.0 0.0 3.88
7.7 0.0 0.0 4.0
7.8 0.0 0.0 4.13
7.9 0.0 0.0 4.25
8.0 0.0 0.0 4.38
8.1 0.0 0.0 4.5
8.2 0.0 0.0 4.62
8.3 0.0 0.0 4.75
8.4 0.0 0.0 4.87
8.5 0.0 0.0 5.0
8.6 0.0 0.0 5.12
8.7 0.0 0.0 5.25
8.8 0.0 0.0 5.37
8.9 0.0 0.0 5.5
9.0 0.0 0.0 5.62
9.1 0.0 0.0 5.75
9.2 0.0 0.0 5.87
9.3 0.0 0.0 6.0
9.4 0.0 0.0 6.12
9.5 0.0 0.0 6.25
9.6 0.0 0.0 6.37
9.7 0.0 0.0 6.5
9.8 0.0 0.0 6.62
9.9 0.0 0.0 6.75
10.0 0.0 0.0 6.87
10.1 0.0 0.0 7.0
10.2 0.0 0.0 7.12
10.3 0.0 0.0 7.25
10.4 0.0 0.0 7.37
10.5 0.0 0.0 7.5
10.6 0.0 0.0 7.62
10.7 0.0 0.0 7.75
10.8 0.0 0.0 7.87
10.9 0.0 0.0 8.0
11.0 0.0 0.0 8.12
11.1 0.0 0.0 8.25
11.2 0.0 0.0 8.37
11.3 0.0 0.0 8.5
11.4 0.0 0.0 8.62
11.5 0.0 0.0 8.75
11.6 0.0 0.0 8.87
11.7 0.0 0.0 9.0
11.8 0.0 0.0 9.12
11.9 0.0 0.0 9.25
12.0 0.0 0.0 9.37
12.1 0.0 0.0 9.5
12.2 0.0 0.0 9.62
12.3 0.0 0.0 9.75
12.4 0.0 0.0 9.87
12.5 0.0 0.0 10.0
12.6 0.0 0.0 10.1
12.7 0.0 0.0 10.2
12.8 0.0 0.0 10.4
12.9 0.0 0.0 10.5
13.0 0.0 0.0 10.6
13.1 0.0 0.0 10.7
13.2 0.0 0.0 10.9
13.3 0.0 0.0 11.0
13.4 0.0 0.0 11.1
13.5 0.0 0.0 11.2
13.6 0.0 0.0 11.4
13.7 0.0 0.0 11.5
13.8 0.0 0.0 11.6
13.9 0.0 0.0 11.7
14.0 0.0 0.0 11.9
14.1 0.0 0.0 12.0
14.2 0.0 0.0 12.1
14.3 0.0 0.0 12.2
14.4 0.0 0.0 12.4
14.5 0.0 0.0 12.5
14.6 0.0 0.0 12.6
14.7 0.0 0.0 12.7
14.8 0.0 0.0 12.9
14.9 0.0 0.0 13.0
15.0 0.0 0.0 13.1
15.1 0.0 0.0 13.2
15.2 0.0 0.0 13.4
15.3 0.0 0.0 13.5
15.4 0.0 0.0 13.6
15.5 0.0 0.0 13.7
15.6 0.0 0.0 13.9
15.7 0.0 0.0 14.0
15.8 0.0 0.0 14.1
15.9 0.0 0.0 14.2
16.0 0.0 0.0 14.4
16.1 0.0 0.0 14.5
16.2 0.0 0.0 14.6
16.3 0.0 0.0 14.7
16.4 0.0 0.0 14.9
16.5 0.0 0.0 15.0
16.6 0.0 0.0 15.1
16.7 0.0 0.0 15.2
16.8 0.0 0.0 15.4
16.9 0.0 0.0 15.5
17.0 0.0 0.0 15.6
17.1 0.0 0.0 15.7
17.2 0.0 0.0 15.9
17.3 0.0 0.0 16.0
17.4 0.0 0.0 16.1
17.5 0.0 0.0 16.2
17.6 0.0 0.0 16.4
17.7 0.0 0.0 16.5
17.8 0.0 0.0 16.6
17.9 0.0 0.0 16.7
18.0 0.0 0.0 16.9
18.1 0.0 0.0 17.0
18.2 0.0 0.0 17.1
18.3 0.0 0.0 17.2
18.4 0.0 0.0 17.4
18.5 0.0 0.0 17.5
18.6 0.0 0.0 17.6
18.7 0.0 0.0 17.7
18.8 0.0 0.0 17.9
18.9 0.0 0.0 18.0
19.0 0.0 0.0 18.1
19.1 0.0 0.0 18.2
19.2 0.0 0.0 18.4
19.3 0.0 0.0 18.5
19.4 0.0 0.0 18.6
19.5 0.0 0.0 18.7
19.6 0.0 0.0 18.8
19.7 0.0 0.0 19.0
19.8 0.0 0.0 19.1
19.9 0.0 0.0 19.2
20.0 0.0 0.0 19.3
20.1 0.0 0.0 19.5
20.2 0.0 0.0 19.6
20.3 0.0 0.0 19.7
20.4 0.0 0.0 19.8
20.5 0.0 0.0 20.0
20.6 0.0 0.0 20.1
20.7 0.0 0.0 20.2
20.8 0.0 0.0 20.3
20.9 0.0 0.0 20.5
21.0 0.0 0.0 20.6
21.1 0.0 0.0 20.7
21.2 0.0 0.0 20.8
21.3 0.0 0.0 21.0
21.4 0.0 0.0 21.1
21.5 0.0 0.0 21.2
21.6 0.0 0.0 21.3
21.7 0.0 0.0 21.5
21.8 0.0 0.0 21.6
21.9 0.0 0.0 21.7
22.0 0.0 0.0 21.8
22.1 0.0 0.0 22.0
22.2 0.0 0.0 22.1
22.3 0.0 0.0 22.2
22.4 0.0 0.0 22.3
22.5 0.0 0.0 22.5
22.6 0.0 0.0 22.6
22.7 0.0 0.0 22.7
22.8 0.0 0.0 22.8
22.9 0.0 0.0 23.0
23.0 0.0 0.0 23.1
23.1 0.0 0.0 23.2
23.2 0.0 0.0 23.3
23.3 0.0 0.0 23.5
23.4 0.0 0.0 23.6
23.5 0.0 0.0 23.7
23.6 0.0 0.0 23.8
23.7 0.0 0.0 24.0
23.8 0.0 0.0 24.1
23.9 0.0 0.0 24.2
24.0 0.0 0.0 24.3
24.1 0.0 0.0 24.5
24.2 0.0 0.0 24.6
24.3 0.0 0.0 24.7
24.4 0.0 0.0 24.8
24.5 0.0 0.0 25.0
24.6 0.0 0.0 25.1
24.7 0.0 0.0 25.2
24.8 0.0 0.0 25.3
24.9 0.0 0.0 25.5
25.0 0.0 0.0 25.6
25.1 0.0 0.0 25.7
25.2 0.0 0.0 25.8
25.3 0.0 0.0 26.0
25.4 0.0 0.0 26.1
25.5 0.0 0.0 26.2
25.6 0.0 0.0 26.3
25.7 0.0 0.0 26.5
25.8 0.0 0.0 26.6
25.9 0.0 0.0 26.7
26.0 0.0 0.0 26.8
26.1 0.0 0.0 27.0
26.2 0.0 0.0 27.1
26.3 0.0 0.0 27.2
26.4 0.0 0.0 27.3
26.5 0.0 0.0 27.5
26.6 0.0 0.0 27.6
26.7 0.0 0.0 27.7
26.8 0.0 0.0 27.8
26.9 0.0 0.0 27.9
27.0 0.0 0.0 28.0
27.1 0.0 0.0 28.2
27.2 0.0 0.0 28.3
27.3 0.0 0.0 28.4
27.4 0.0 0.0 28.5
27.5 0.0 0.0 28.6
27.6 0.0 0.0 28.7
27.7 0.0 0.0 28.9
27.8 0.0 0.0 29.0
27.9 0.0 0.0 29.1
28.0 0.0 0.0 29.2
28.1 0.0 0.0 29.4
28.2 0.0 0.0 29.5
28.3 0.0 0.0 29.6
28.4 0.0 0.0 29.7
28.5 0.0 0.0 29.8
28.6 0.0 0.0 30.0
28.7 0.0 0.0 30.1
28.8 0.0 0.0 30.2
28.9 0.0 0.0 30.3
29.0 0.0 0.0 30.5
29.1 0.0 0.0 30.6
29.2 0.0 0.0 30.7
29.3 0.0 0.0 30.8
29.4 0.0 0.0 31.0
29.5 0.0 0.0 31.1
29.6 0.0 0.0 31.2
29.7 0.0 0.0 31.3
29.8 0.0 0.0 31.5
29.9 0.0 0.0 31.6
30.0 0.0 0.0 31.7
30.1 0.0 0.0 31.8
30.2 0.0 0.0 32.0
30.3 0.0 0.0 32.1
30.4 0.0 0.0 32.2
30.5 0.0 0.0 32.3
30.6 0.0 0.0 32.5
30.7 0.0 0.0 32.6
30.8 0.0 0.0 32.7
30.9 0.0 0.0 32.8
31.0 0.0 0.0 33.0
31.1 0.0 0.0 33.1
31.2 0.0 0.0 33.2
31.3 0.0 0.0 33.3
31.4 0.0 0.0 33.5
31.5 0.0 0.0 33.6
31.6 0.0 0.0 33.7
31.7 0.0 0.0 33.8
31.8 0.0 0.0 34.0
31.9 0.0 0.0 34.1
32.0 0.0 0.0 34.2
32.1 0.0 0.0 34.3
32.2 0.0 0.0 34.5
32.3 0.0 0.0 34.6
32.4 0.0 0.0 34.7
32.5 0.0 0.0 34.8
32.6 0.0 0.0 35.0
32.7 0.0 0.0 35.1
32.8 0.0 0.0 35.2
32.9 0.0 0.0 35.3
33.0 0.0 0.0 35.5
33.1 0.0 0.0 35.6
33.2 0.0 0.0 35.7
33.3 0.0 0.0 35.8
33.4 0.0 0.0 36.0
33.5 0.0 0.0 36.1
33.6 0.0 0.0 36.2
33.7 0.0 0.0 36.3
33.8 0.0 0.0 36.5
33.9 0.0 0.0 36.6
34.0 0.0 0.0 36.7
34.1 0.0 0.0 36.8
34.2 0.0 0.0 37.0
34.3 0.0 0.0 37.1
34.4 0.0 0.0 37.2
34.5 0.0 0.0 37.3
34.6 0.0 0.0 37.5
34.7 0.0 0.0 37.6
34.8 0.0 0.0 37.7
34.9 0.0 0.0 37.8
35.0 0.0 0.0 38.0
35.1 0.0 0.0 38.1
35.2 0.0 0.0 38.2
35.3 0.0 0.0 38.3
35.4 0.0 0.0 38.5
35.5 0.0 0.0 38.6
35.6 0.0 0.0 38.7
35.7 0.0 0.0 38.8
35.8 0.0 0.0 39.0
35.9 0.0 0.0 39.1
36.0 0.0 0.0 39.2
36.1 0.0 0.0 39.3
36.2 0.0 0.0 39.5
36.3 0.0 0.0 39.6
36.4 0.0 0.0 39.7
36.5 0.0 0.0 39.8
36.6 0.0 0.0 40.0
36.7 0.0 0.0 40.1
36.8 0.0 0.0 40.2
36.9 0.0 0.0 40.3
37.0 0.0 0.0 40.5
37.1 0.0 0.0 40.6
37.2 0.0 0.0 40.7
37.3 0.0 0.0 40.8
37.4 0.0 0.0 41.0
37.5 0.0 0.0 41.1
37.6 0.0 0.0 41.2
37.7 0.0 0.0 41.3
37.8 0.0 0.0 41.5
37.9 0.0 0.0 41.6
38.0 0.0 0.0 41.7
38.1 0.0 0.0 41.8
38.2 0.0 0.0 42.0
38.3 0.0 0.0 42.1
38.4 0.0 0.0 42.2
38.5 0.0 0.0 42.3
38.6 0.0 0.0 42.5
38.7 0.0 0.0 42.6
38.8 0.0 0.0 42.7
38.9 0.0 0.0 42.8
39.0 0.0 0.0 43.0
39.1 0.0 0.0 43.1
39.2 0.0 0.0 43.2
39.3 0.0 0.0 43.3
39.4 0.0 0.0 43.5
39.5 0.0 0.0 43.6
39.6 0.0 0.0 43.7
39.7 0.0 0.0 43.8
39.8 0.0 0.0 44.0
39.9 0.0 0.0 44.1
40.0 0.0 0.0 44.2
40.1 0.0 0.0 44.3
40.2 0.0 0.0 44.5
40.3 0.0 0.0 44.6
40.4 0.0 0.0 44.7
40.5 0.0 0.0 44.8
40.6 0.0 0.0 45.0
40.7 0.0 0.0 45.1
40.8 0.0 0.0 45.2
40.9 0.0 0.0 45.3
41.0 0.0 0.0 45.5
41.1 0.0 0.0 45.6
41.2 0.0 0.0 45.7
41.3 0.0 0.0 45.8
41.4 0.0 0.0 46.0
41.5 0.0 0.0 46.1
41.6 0.0 0.0 46.2
41.7 0.0 0.0 46.3
41.8 0.0 0.0 46.5
41.9 0.0 0.0 46.6
42.0 0.0 0.0 46.7
42.1 0.0 0.0 46.8
42.2 0.0 0.0 47.0
42.3 0.0 0.0 47.1
42.4 0.0 0.0 47.2
42.5 0.0 0.0 47.3
42.6 0.0 0.0 47.5
42.7 0.0 0.0 47.6
42.8 0.0 0.0 47.7
42.9 0.0 0.0 47.8
43.0 0.0 0.0 48.0
43.1 0.0 0.0 48.1
43.2 0.0 0.0 48.2
43.3 0.0 0.0 48.3
43.4 0.0 0.0 48.5
43.5 0.0 0.0 48.6
43.6 0.0 0.0 48.7
43.7 0.0 0.0 48.8
43.8 0.0 0.0 49.0
43.9 0.0 0.0 49.1
44.0 0.0 0.0 49.2
44.1 0.0 0.0 49.3
44.2 0.0 0.0 49.5
44.3 0.0 0.0 49.6
44.4 0.0 0.0 49.7
44.5 0.0 0.0 49.8
44.6 0.0 0.0 50.0
44.7 0.0 0.0 50.1
44.8 0.0 0.0 50.2
44.9 0.0 0.0 50.3
45.0 0.0 0.0 50.5
45.1 0.0 0.0 50.6
45.2 0.0 0.0 50.7
45.3 0.0 0.0 50.8
45.4 0.0 0.0 51.0
45.5 0.0 0.0 51.1
45.6 0.0 0.0 51.2
45.7 0.0 0.0 51.3
45.8 0.0 0.0 51.5
45.9 0.0 0.0 51.6
46.0 0.0 0.0 51.7
46.1 0.0 0.0 51.8
46.2 0.0 0.0 52.0
46.3 0.0 0.0 52.1
46.4 0.0 0.0 52.2
46.5 0.0 0.0 52.3
46.6 0.0 0.0 52.5
46.7 0.0 0.0 52.6
46.8 0.0 0.0 52.7
46.9 0.0 0.0 52.8
47.0 0.0 0.0 53.0
47.1 0.0 0.0 53.1
47.2 0.0 0.0 53.2
47.3 0.0 0.0 53.3
47.4 0.0 0.0 53.5
47.5 0.0 0.0 53.6
47.6 0.0 0.0 53.7
47.7 0.0 0.0 53.8
47.8 0.0 0.0 54.0
47.9 0.0 0.0 54.1
48.0 0.0 0.0 54.2
48.1 0.0 0.0 54.3
48.2 0.0 0.0 54.5
48.3 0.0 0.0 54.6
48.4 0.0 0.0 54.7
48.5 0.0 0.0 54.8
48.6 0.0 0.0 55.0
48.7 0.0 0.0 55.1
48.8 0.0 0.0 55.2
48.9 0.0 0.0 55.3
49.0 0.0 0.0 55.5
49.1 0.0 0.0 55.6
49.2 0.0 0.0 55.7
49.3 0.0 0.0 55.8
49.4 0.0 0.0 56.0
49.5 0.0 0.0 56.1
49.6 0.0 0.0 56.2
49.7 0.0 0.0 56.3
49.8 0.0 0.0 56.4
49.9 0.0 0.0 56.5
