0.0 0.0702 -2.08e-06 -0.0562 0.09
0.1 0.129 -5.41e-06 -0.107 0.167
0.2 0.17 -8.47e-06 -0.152 0.228
0.3 0.196 0.00285 -0.192 0.275
0.4 0.207 0.015 -0.228 0.309
0.5 0.217 0.0264 -0.261 0.34
0.6 0.219 0.0402 -0.29 0.365
0.7 0.219 0.0526 -0.315 0.387
0.8 0.219 0.0638 -0.337 0.407
0.9 0.218 0.0737 -0.355 0.423
1.0 0.215 0.0824 -0.371 0.437
1.1 0.211 0.09 -0.384 0.447
1.2 0.208 0.097 -0.395 0.457
1.3 0.204 0.103 -0.402 0.463
1.4 0.2 0.108 -0.407 0.466
1.5 0.195 0.113 -0.408 0.466
1.6 0.19 0.117 -0.404 0.461
1.7 0.186 0.121 -0.393 0.452
1.8 0.182 0.124 -0.375 0.435
1.9 0.178 0.127 -0.346 0.409
2.0 0.174 0.13 -0.305 0.374
2.1 0.171 0.132 -0.252 0.332
2.2 0.168 0.135 -0.187 0.285
2.3 0.165 0.137 -0.116 0.243
2.4 0.162 0.139 -0.0431 0.217
2.5 0.159 0.14 0.026 0.214
2.6 0.157 0.142 0.0858 0.228
2.7 0.154 0.144 0.132 0.249
2.8 0.152 0.145 0.164 0.267
2.9 0.15 0.146 0.181 0.277
3.0 0.148 0.147 0.184 0.279
3.1 0.146 0.147 0.177 0.272
3.2 0.143 0.147 0.161 0.261
3.3 0.14 0.147 0.14 0.247
3.4 0.138 0.147 0.115 0.232
3.5 0.136 0.146 0.0886 0.218
3.6 0.133 0.146 0.062 0.207
3.7 0.131 0.145 0.0363 0.199
3.8 0.129 0.145 0.0122 0.194
3.9 0.126 0.144 -0.00981 0.192
4.0 0.124 0.143 -0.0292 0.191
4.1 0.122 0.141 -0.0456 0.192
4.2 0.119 0.14 -0.059 0.193
4.3 0.117 0.139 -0.0689 0.194
4.4 0.115 0.137 -0.0755 0.194
4.5 0.112 0.135 -0.0787 0.192
4.6 0.11 0.133 -0.0785 0.19
4.7 0.107 0.131 -0.0752 0.185
4.8 0.105 0.129 -0.0689 0.18
4.9 0.102 0.127 -0.0601 0.174
5.0 0.1 0.125 -0.0495 0.168
5.1 0.0977 0.123 -0.0374 0.162
5.2 0.0955 0.121 -0.0247 0.156
5.3 0.0933 0.119 -0.012 0.152
5.4 0.0911 0.117 -7.42e-05 0.148
5.5 0.0878 0.114 0.0106 0.144
5.6 0.0846 0.11 0.0195 0.14
5.7 0.0815 0.107 0.0265 0.137
5.8 0.0781 0.104 0.0314 0.134
5.9 0.0749 0.101 0.0341 0.13
6.0 0.0718 0.0972 0.0349 0.126
6.1 0.0686 0.0937 0.0339 0.121
6.2 0.0655 0.0902 0.0314 0.116
6.3 0.0617 0.0858 0.0278 0.109
6.4 0.0582 0.0815 0.0233 0.103
6.5 0.0549 0.0776 0.0182 0.0968
6.6 0.0518 0.0738 0.0129 0.0911
6.7 0.0489 0.0702 0.00755 0.0859
6.8 0.0459 0.0665 0.00249 0.0809
6.9 0.0432 0.063 -0.00212 0.0764
7.0 0.0404 0.0592 -0.00611 0.072
7.1 0.0378 0.0557 -0.00941 0.0679
7.2 0.0353 0.0522 -0.0119 0.0641
7.3 0.033 0.0489 -0.0137 0.0605
7.4 0.0308 0.0458 -0.0146 0.0571
7.5 0.0286 0.0425 -0.0148 0.0533
7.6 0.0266 0.0394 -0.0143 0.0496
7.7 0.0247 0.0365 -0.0131 0.046
7.8 0.0229 0.0338 -0.0115 0.0425
7.9 0.0213 0.0313 -0.0095 0.039
8.0 0.0197 0.029 -0.00726 0.0358
8.1 0.00729 0.119 0.0114 0.12
8.2 -0.00417 0.202 0.0276 0.204
8.3 -0.0144 0.276 0.0408 0.28
8.4 -0.0239 0.344 0.0508 0.349
8.5 -0.0326 0.406 0.0576 0.412
8.6 -0.0403 0.461 0.0613 0.467
8.7 -0.0473 0.51 0.0622 0.516
8.8 -0.0537 0.555 0.0607 0.561
8.9 -0.0593 0.593 0.0571 0.599
9.0 -0.0643 0.627 0.052 0.632
9.1 -0.0775 0.652 0.049 0.659
9.2 -0.162 0.577 0.0814 0.605
9.3 -0.24 0.506 0.108 0.57
9.4 -0.309 0.44 0.129 0.553
9.5 -0.372 0.378 0.144 0.55
9.6 -0.427 0.32 0.154 0.555
9.7 -0.476 0.266 0.161 0.569
9.8 -0.518 0.216 0.163 0.585
9.9 -0.556 0.17 0.163 0.604
10.0 -0.587 0.127 0.161 0.622
10.1 -0.614 0.0869 0.158 0.64
10.2 -0.635 0.0505 0.153 0.655
10.3 -0.65 0.0119 0.15 0.668
10.4 -0.653 -0.0328 0.152 0.671
10.5 -0.654 -0.0739 0.152 0.675
10.6 -0.654 -0.112 0.153 0.681
10.7 -0.608 -0.167 0.172 0.653
10.8 -0.565 -0.217 0.188 0.634
10.9 -0.525 -0.263 0.202 0.621
11.0 -0.487 -0.305 0.214 0.613
11.1 -0.451 -0.343 0.224 0.61
11.2 -0.41 -0.376 0.235 0.604
11.3 -0.365 -0.405 0.247 0.598
11.4 -0.311 -0.426 0.26 0.588
11.5 -0.209 -0.415 0.288 0.546
11.6 -0.115 -0.404 0.311 0.523
11.7 -0.0301 -0.392 0.332 0.515
11.8 0.0472 -0.38 0.35 0.519
11.9 0.107 -0.359 0.364 0.522
12.0 0.16 -0.338 0.376 0.53
12.1 0.196 -0.312 0.384 0.532
12.2 0.228 -0.287 0.391 0.536
12.3 0.247 -0.261 0.396 0.534
12.4 0.263 -0.236 0.399 0.533
12.5 0.276 -0.213 0.402 0.532
12.6 0.227 -0.115 0.402 0.476
12.7 0.181 -0.0241 0.402 0.442
12.8 0.139 0.0597 0.403 0.43
12.9 0.0998 0.137 0.402 0.437
13.0 0.0636 0.208 0.402 0.457
13.1 0.03 0.274 0.402 0.487
13.2 -0.00112 0.335 0.401 0.523
13.3 -0.0629 0.369 0.409 0.554
13.4 -0.12 0.4 0.416 0.589
13.5 -0.173 0.429 0.422 0.626
13.6 -0.222 0.456 0.427 0.663
13.7 -0.268 0.482 0.432 0.7
13.8 -0.31 0.505 0.436 0.735
13.9 -0.308 0.451 0.426 0.693
14.0 -0.258 0.368 0.39 0.595
14.1 -0.212 0.291 0.358 0.508
14.2 -0.169 0.219 0.329 0.43
14.3 -0.129 0.152 0.303 0.363
14.4 -0.0924 0.0906 0.28 0.308
14.5 -0.0583 0.0333 0.259 0.267
14.6 -0.0268 -0.0197 0.24 0.242
14.7 0.00248 -0.0689 0.223 0.233
14.8 0.051 -0.109 0.198 0.232
14.9 0.096 -0.146 0.176 0.249
15.0 0.1 -0.218 0.152 0.284
15.1 0.112 -0.278 0.127 0.326
15.2 0.13 -0.326 0.102 0.366
15.3 0.151 -0.367 0.0783 0.404
15.4 0.174 -0.396 0.0542 0.436
15.5 0.198 -0.416 0.0307 0.462
15.6 0.222 -0.429 0.0083 0.483
15.7 0.243 -0.434 -0.0134 0.498
15.8 0.262 -0.435 -0.0334 0.509
15.9 0.275 -0.421 -0.0547 0.506
16.0 0.286 -0.406 -0.0736 0.502
16.1 0.295 -0.391 -0.0903 0.498
16.2 0.303 -0.377 -0.105 0.495
16.3 0.31 -0.363 -0.119 0.492
16.4 0.316 -0.35 -0.131 0.49
16.5 0.322 -0.338 -0.141 0.488
16.6 0.327 -0.327 -0.151 0.487
16.7 0.332 -0.317 -0.16 0.486
16.8 0.336 -0.307 -0.168 0.485
16.9 0.284 -0.261 -0.141 0.411
17.0 0.235 -0.218 -0.117 0.341
17.1 0.206 -0.141 -0.106 0.272
17.2 0.178 -0.0668 -0.0988 0.214
17.3 0.142 0.0185 -0.101 0.175
17.4 0.118 0.129 -0.109 0.206
17.5 0.0832 0.218 -0.119 0.262
17.6 0.0513 0.301 -0.129 0.331
17.7 0.0224 0.373 -0.137 0.398
17.8 -0.00844 0.43 -0.146 0.454
17.9 -0.0137 0.379 -0.146 0.407
18.0 -0.022 0.338 -0.147 0.369
18.1 -0.0338 0.306 -0.148 0.341
18.2 -0.0488 0.279 -0.15 0.32
18.3 -0.0677 0.258 -0.152 0.307
18.4 -0.0902 0.241 -0.154 0.3
18.5 -0.117 0.228 -0.157 0.301
18.6 -0.148 0.211 -0.162 0.304
18.7 -0.179 0.194 -0.167 0.312
18.8 -0.211 0.175 -0.172 0.324
18.9 -0.242 0.154 -0.179 0.338
19.0 -0.272 0.131 -0.186 0.354
19.1 -0.3 0.107 -0.193 0.372
19.2 -0.326 0.0817 -0.2 0.391
19.3 -0.349 0.0547 -0.207 0.41
19.4 -0.372 0.0298 -0.214 0.43
19.5 -0.393 0.00517 -0.221 0.451
19.6 -0.413 -0.0407 -0.23 0.475
19.7 -0.431 -0.0828 -0.239 0.499
19.8 -0.447 -0.122 -0.246 0.524
19.9 -0.46 -0.158 -0.253 0.548
20.0 -0.473 -0.191 -0.259 0.572
20.1 -0.483 -0.221 -0.264 0.593
20.2 -0.49 -0.247 -0.268 0.611
20.3 -0.496 -0.272 -0.272 0.627
20.4 -0.501 -0.293 -0.275 0.642
20.5 -0.5 -0.321 -0.277 0.655
20.6 -0.448 -0.382 -0.272 0.649
20.7 -0.4 -0.437 -0.268 0.65
20.8 -0.356 -0.486 -0.264 0.658
20.9 -0.314 -0.53 -0.261 0.669
21.0 -0.27 -0.562 -0.257 0.674
21.1 -0.225 -0.591 -0.253 0.681
21.2 -0.178 -0.617 -0.249 0.689
21.3 -0.13 -0.639 -0.244 0.697
21.4 -0.0827 -0.658 -0.239 0.705
21.5 -0.0253 -0.669 -0.232 0.709
21.6 0.0582 -0.573 -0.207 0.612
21.7 0.137 -0.479 -0.183 0.531
21.8 0.208 -0.388 -0.162 0.469
21.9 0.27 -0.297 -0.141 0.426
22.0 0.297 -0.189 -0.117 0.371
22.1 0.321 -0.0892 -0.096 0.347
22.2 0.343 0.00299 -0.0767 0.351
22.3 0.362 0.0879 -0.0595 0.377
22.4 0.38 0.167 -0.044 0.417
22.5 0.389 0.234 -0.0304 0.455
22.6 0.397 0.295 -0.0182 0.495
22.7 0.404 0.352 -0.00723 0.536
22.8 0.41 0.403 0.00246 0.575
22.9 0.413 0.447 0.0109 0.609
23.0 0.378 0.424 0.0158 0.568
23.1 0.345 0.403 0.0202 0.531
23.2 0.315 0.383 0.024 0.496
23.3 0.286 0.364 0.0275 0.464
23.4 0.26 0.345 0.0306 0.433
23.5 0.235 0.328 0.0333 0.405
23.6 0.212 0.311 0.0357 0.379
23.7 0.191 0.296 0.0379 0.354
23.8 0.171 0.282 0.0398 0.332
23.9 0.153 0.268 0.0415 0.311
24.0 0.136 0.255 0.043 0.292
24.1 0.12 0.243 0.0443 0.274
24.2 0.106 0.231 0.0455 0.258
24.3 0.0923 0.22 0.0465 0.243
24.4 0.0288 0.153 0.053 0.164
24.5 -0.0293 0.0903 0.0588 0.112
24.6 -0.0831 0.0323 0.0639 0.11
24.7 -0.132 -0.0211 0.0685 0.151
24.8 -0.178 -0.0708 0.0725 0.205
24.9 -0.22 -0.117 0.0762 0.261
25.0 -0.258 -0.159 0.0794 0.314
25.1 -0.293 -0.198 0.0822 0.364
25.2 -0.326 -0.235 0.0848 0.411
25.3 -0.354 -0.267 0.0869 0.452
25.4 -0.378 -0.292 0.0883 0.486
25.5 -0.4 -0.316 0.0895 0.517
25.6 -0.42 -0.335 0.0904 0.545
25.7 -0.438 -0.352 0.091 0.569
25.8 -0.455 -0.368 0.0916 0.592
25.9 -0.47 -0.383 0.0921 0.613
26.0 -0.485 -0.396 0.0925 0.633
26.1 -0.498 -0.409 0.0929 0.651
26.2 -0.504 -0.415 0.0931 0.659
26.3 -0.5 -0.418 0.0936 0.658
26.4 -0.487 -0.419 0.0943 0.649
26.5 -0.444 -0.401 0.0722 0.602
26.6 -0.403 -0.385 0.0523 0.56
26.7 -0.366 -0.369 0.0345 0.521
26.8 -0.331 -0.355 0.0186 0.486
26.9 -0.299 -0.341 0.00431 0.454
27.0 -0.284 -0.302 0.0189 0.414
27.1 -0.269 -0.265 0.032 0.379
27.2 -0.255 -0.23 0.0435 0.346
27.3 -0.241 -0.198 0.0538 0.316
27.4 -0.228 -0.168 0.063 0.29
27.5 -0.217 -0.14 0.0713 0.268
27.6 -0.206 -0.114 0.0786 0.248
27.7 -0.195 -0.0901 0.0851 0.231
27.8 -0.186 -0.0679 0.0909 0.218
27.9 -0.177 -0.0474 0.096 0.207
28.0 -0.168 -0.0286 0.101 0.198
28.1 -0.16 -0.0112 0.105 0.192
28.2 -0.153 0.00468 0.108 0.187
28.3 -0.146 0.0192 0.111 0.184
28.4 -0.139 0.0324 0.114 0.183
28.5 -0.133 0.0444 0.116 0.182
28.6 -0.127 0.0553 0.118 0.182
28.7 -0.121 0.0651 0.12 0.182
28.8 -0.116 0.0739 0.122 0.183
28.9 -0.111 0.0818 0.123 0.184
29.0 -0.106 0.0888 0.124 0.185
29.1 -0.101 0.095 0.125 0.186
29.2 -0.102 0.095 0.126 0.188
29.3 -0.103 0.0948 0.127 0.189
29.4 -0.105 0.0918 0.128 0.189
29.5 -0.109 0.0853 0.129 0.189
29.6 -0.112 0.0791 0.129 0.188
29.7 -0.114 0.0723 0.13 0.188
29.8 -0.116 0.0644 0.131 0.187
29.9 -0.118 0.0571 0.131 0.186
30.0 -0.119 0.0502 0.132 0.185
30.1 -0.12 0.0437 0.132 0.184
30.2 -0.121 0.0378 0.132 0.183
30.3 -0.121 0.0323 0.132 0.182
30.4 -0.121 0.0272 0.132 0.181
30.5 -0.12 0.0226 0.132 0.18
30.6 -0.12 0.0184 0.132 0.179
30.7 -0.119 0.0146 0.132 0.178
30.8 -0.118 0.0112 0.132 0.177
30.9 -0.116 0.00821 0.132 0.176
31.0 -0.115 0.00558 0.132 0.175
31.1 -0.114 0.0033 0.131 0.174
31.2 -0.112 0.00136 0.131 0.172
31.3 -0.11 -0.000259 0.131 0.171
31.4 -0.109 -0.00157 0.13 0.17
31.5 -0.107 -0.00261 0.13 0.168
31.6 -0.105 -0.00333 0.129 0.166
31.7 -0.103 -0.00385 0.128 0.165
31.8 -0.102 -0.0033 0.127 0.163
31.9 -0.102 -0.00265 0.126 0.162
32.0 -0.102 -0.00153 0.125 0.161
32.1 -0.103 -0.000226 0.124 0.161
32.2 -0.0924 0.00633 0.119 0.151
32.3 -0.0833 0.0125 0.114 0.142
32.4 -0.076 0.018 0.109 0.134
32.5 -0.07 0.0227 0.105 0.128
32.6 -0.0652 0.0269 0.101 0.123
32.7 -0.061 0.0307 0.0973 0.119
32.8 -0.0593 0.0327 0.0933 0.115
32.9 -0.0576 0.0344 0.0896 0.112
33.0 -0.0562 0.0359 0.0862 0.109
33.1 -0.0554 0.0363 0.0829 0.106
33.2 -0.0434 0.0446 0.0751 0.0975
33.3 -0.0322 0.0522 0.068 0.0916
33.4 -0.022 0.059 0.0617 0.0882
33.5 -0.0125 0.0653 0.056 0.0869
33.6 -0.00398 0.0705 0.0508 0.087
33.7 0.00396 0.0753 0.0461 0.0884
33.8 0.0111 0.0791 0.0419 0.0902
33.9 0.0177 0.0823 0.0381 0.0924
34.0 0.0236 0.0848 0.0346 0.0946
34.1 0.0291 0.087 0.0314 0.0969
34.2 0.0343 0.0889 0.0285 0.0995
34.3 0.0374 0.0885 0.0256 0.0994
34.4 0.04 0.0876 0.0229 0.099
34.5 0.0426 0.0867 0.0205 0.0987
34.6 0.0451 0.0858 0.0183 0.0986
34.7 0.0476 0.0849 0.0164 0.0987
34.8 0.0373 0.0551 0.00787 0.067
34.9 0.0278 0.0274 0.00023 0.0391
35.0 0.0192 0.00169 -0.00662 0.0204
35.1 0.014 -0.0237 -0.0152 0.0315
35.2 0.00933 -0.0473 -0.0229 0.0533
35.3 0.0104 -0.0433 -0.0267 0.0519
35.4 0.0114 -0.0395 -0.0301 0.051
35.5 0.0125 -0.0358 -0.0332 0.0504
35.6 0.0218 -0.0341 -0.036 0.0542
35.7 0.0495 -0.0353 -0.0426 0.0742
35.8 0.106 -0.0349 -0.0551 0.125
35.9 0.159 -0.0344 -0.0663 0.175
36.0 0.207 -0.0338 -0.0763 0.223
36.1 0.264 -0.0279 -0.0881 0.28
36.2 0.314 -0.0222 -0.0984 0.33
36.3 0.378 -0.00169 -0.112 0.394
36.4 0.437 0.0175 -0.124 0.455
36.5 0.492 0.0353 -0.135 0.511
36.6 0.543 0.0536 -0.145 0.565
36.7 0.551 0.103 -0.16 0.583
36.8 0.558 0.149 -0.173 0.603
36.9 0.56 0.19 -0.185 0.619
37.0 0.561 0.227 -0.195 0.635
37.1 0.427 0.225 -0.212 0.527
37.2 0.303 0.222 -0.227 0.439
37.3 0.189 0.22 -0.24 0.377
37.4 0.0842 0.217 -0.252 0.343
37.5 -0.0118 0.214 -0.262 0.339
37.6 -0.1 0.211 -0.271 0.358
37.7 -0.181 0.208 -0.279 0.392
37.8 -0.255 0.204 -0.285 0.433
37.9 -0.322 0.2 -0.291 0.478
38.0 -0.384 0.197 -0.296 0.523
38.1 -0.404 0.184 -0.295 0.533
38.2 -0.423 0.171 -0.294 0.543
38.3 -0.438 0.159 -0.293 0.551
38.4 -0.452 0.148 -0.292 0.558
38.5 -0.461 0.137 -0.291 0.562
38.6 -0.468 0.126 -0.289 0.564
38.7 -0.464 0.114 -0.285 0.557
38.8 -0.46 0.103 -0.282 0.549
38.9 -0.378 0.0819 -0.264 0.469
39.0 -0.303 0.0623 -0.248 0.396
39.1 -0.233 0.0441 -0.233 0.333
39.2 -0.168 0.0273 -0.22 0.279
39.3 -0.109 0.0116 -0.208 0.235
39.4 -0.0542 -0.00281 -0.197 0.205
39.5 -0.00425 -0.016 -0.187 0.188
39.6 0.0418 -0.0282 -0.178 0.185
39.7 0.0841 -0.0394 -0.17 0.194
39.8 0.122 -0.0494 -0.162 0.209
39.9 0.157 -0.0585 -0.156 0.228
40.0 0.189 -0.0669 -0.149 0.25
40.1 0.216 -0.0741 -0.143 0.27
40.2 0.242 -0.0806 -0.138 0.29
40.3 0.265 -0.0864 -0.133 0.309
40.4 0.286 -0.0916 -0.129 0.327
40.5 0.303 -0.0958 -0.125 0.342
40.6 0.319 -0.0995 -0.121 0.355
40.7 0.333 -0.103 -0.118 0.368
40.8 0.345 -0.105 -0.114 0.379
40.9 0.356 -0.108 -0.112 0.389
41.0 0.366 -0.11 -0.109 0.397
41.1 0.374 -0.111 -0.106 0.404
41.2 0.381 -0.112 -0.104 0.411
41.3 0.387 -0.113 -0.102 0.416
41.4 0.392 -0.114 -0.0999 0.42
41.5 0.395 -0.114 -0.098 0.423
41.6 0.398 -0.115 -0.0963 0.425
41.7 0.4 -0.115 -0.0946 0.427
41.8 0.401 -0.114 -0.093 0.428
41.9 0.402 -0.114 -0.0914 0.428
42.0 0.402 -0.114 -0.0899 0.427
42.1 0.401 -0.113 -0.0885 0.426
42.2 0.4 -0.112 -0.0871 0.424
42.3 0.382 -0.105 -0.0814 0.404
42.4 0.365 -0.0983 -0.0761 0.386
42.5 0.342 -0.0906 -0.0695 0.361
42.6 0.318 -0.0833 -0.0629 0.335
42.7 0.29 -0.0793 -0.0559 0.305
42.8 0.262 -0.0755 -0.0496 0.278
42.9 0.237 -0.0732 -0.0439 0.252
43.0 0.211 -0.0719 -0.0385 0.226
43.1 0.188 -0.0707 -0.0335 0.203
43.2 0.165 -0.0698 -0.029 0.182
43.3 0.145 -0.069 -0.0249 0.162
43.4 0.125 -0.0696 -0.0207 0.144
43.5 0.105 -0.072 -0.0161 0.128
43.6 0.0852 -0.0762 -0.0113 0.115
43.7 0.0649 -0.0883 -0.00416 0.11
43.8 0.0464 -0.0995 0.00223 0.11
43.9 0.0294 -0.11 0.00794 0.114
44.0 0.0141 -0.121 0.0136 0.123
44.1 0.00157 -0.135 0.0198 0.137
44.2 -0.00753 -0.152 0.0269 0.155
44.3 -0.0138 -0.172 0.0347 0.176
44.4 -0.0157 -0.193 0.0426 0.198
44.5 -0.0135 -0.215 0.0511 0.221
44.6 0.046 -0.299 0.104 0.32
44.7 0.101 -0.377 0.152 0.419
44.8 0.152 -0.449 0.194 0.512
44.9 0.199 -0.515 0.232 0.599
45.0 0.239 -0.568 0.265 0.671
45.1 0.275 -0.609 0.292 0.73
45.2 0.309 -0.637 0.315 0.775
45.3 0.318 -0.488 0.307 0.658
45.4 0.324 -0.35 0.299 0.563
45.5 0.33 -0.222 0.292 0.493
45.6 0.332 -0.106 0.285 0.45
45.7 0.334 0.00227 0.279 0.435
45.8 0.336 0.102 0.273 0.444
45.9 0.336 0.193 0.267 0.471
46.0 0.336 0.277 0.262 0.508
46.1 0.335 0.354 0.257 0.551
46.2 0.333 0.424 0.253 0.596
46.3 0.33 0.488 0.249 0.64
46.4 0.328 0.546 0.245 0.682
46.5 0.324 0.599 0.241 0.722
46.6 0.32 0.646 0.238 0.759
46.7 0.316 0.689 0.235 0.793
46.8 0.312 0.727 0.232 0.824
46.9 0.308 0.762 0.229 0.853
47.0 0.304 0.793 0.227 0.879
47.1 0.299 0.821 0.224 0.902
47.2 0.295 0.847 0.222 0.924
47.3 0.29 0.869 0.22 0.942
47.4 0.285 0.888 0.218 0.958
47.5 0.172 0.849 0.211 0.891
47.6 0.0667 0.812 0.205 0.84
47.7 -0.0304 0.777 0.199 0.803
47.8 -0.119 0.743 0.193 0.777
47.9 -0.11 0.589 0.161 0.62
48.0 -0.102 0.445 0.132 0.475
48.1 -0.0949 0.312 0.106 0.342
48.2 -0.0879 0.188 0.0824 0.223
48.3 -0.0812 0.0729 0.0615 0.125
48.4 -0.0738 -0.0267 0.0427 0.0893
48.5 -0.0668 -0.119 0.0259 0.139
48.6 -0.0603 -0.205 0.0108 0.214
48.7 -0.0542 -0.284 -0.00269 0.289
48.8 -0.0484 -0.357 -0.0148 0.36
48.9 -0.0429 -0.424 -0.0256 0.427
49.0 -0.0378 -0.486 -0.0353 0.489
49.1 -0.033 -0.543 -0.044 0.546
49.2 -0.0284 -0.595 -0.0518 0.598
49.3 -0.0242 -0.644 -0.0588 0.647
49.4 -0.0189 -0.686 -0.0654 0.69
49.5 -0.0075 -0.715 -0.0732 0.719
49.6 0.0112 -0.723 -0.0832 0.728
49.7 0.0332 -0.715 -0.0945 0.722
49.8 0.0565 -0.689 -0.107 0.699
49.9 0.078 -0.657 -0.12 0.673
