0.0 2.43 2.43 1.94
0.1 2.42 2.43 1.96
0.2 2.41 2.41 1.99
0.3 2.39 2.4 2.03
0.4 2.36 2.38 2.06
0.5 2.33 2.36 2.1
0.6 2.3 2.34 2.12
0.7 2.26 2.31 2.14
0.8 2.23 2.29 2.16
0.9 2.2 2.26 2.17
1.0 2.16 2.22 2.17
1.1 2.13 2.19 2.17
1.2 2.1 2.15 2.16
1.3 2.06 2.11 2.14
1.4 2.03 2.07 2.13
1.5 1.99 2.02 2.11
1.6 1.95 1.97 2.09
1.7 1.92 1.92 2.06
1.8 1.88 1.87 2.03
1.9 1.84 1.82 2.01
2.0 1.81 1.78 1.98
2.1 1.77 1.73 1.95
2.2 1.74 1.69 1.92
2.3 1.72 1.66 1.9
2.4 1.69 1.63 1.88
2.5 1.68 1.61 1.86
2.6 1.67 1.59 1.84
2.7 1.66 1.58 1.83
2.8 1.66 1.57 1.82
2.9 1.66 1.57 1.81
3.0 1.67 1.56 1.81
3.1 1.67 1.55 1.81
3.2 1.69 1.54 1.8
3.3 1.71 1.54 1.81
3.4 1.73 1.52 1.81
3.5 1.75 1.51 1.81
3.6 1.78 1.5 1.82
3.7 1.81 1.48 1.82
3.8 1.84 1.47 1.83
3.9 1.87 1.45 1.83
4.0 1.9 1.43 1.83
4.1 1.93 1.42 1.83
4.2 1.96 1.4 1.83
4.3 1.99 1.39 1.83
4.4 2.02 1.38 1.83
4.5 2.05 1.38 1.83
4.6 2.08 1.37 1.82
4.7 2.11 1.37 1.82
4.8 2.14 1.37 1.81
4.9 2.16 1.37 1.8
5.0 2.19 1.38 1.8
5.1 2.21 1.39 1.79
5.2 2.23 1.4 1.78
5.3 2.25 1.42 1.78
5.4 2.26 1.43 1.77
5.5 2.27 1.45 1.77
5.6 2.29 1.47 1.77
5.7 2.3 1.49 1.77
5.8 2.32 1.5 1.76
5.9 2.33 1.52 1.76
6.0 2.35 1.53 1.77
6.1 2.37 1.54 1.77
6.2 2.4 1.55 1.77
6.3 2.43 1.56 1.77
6.4 2.47 1.57 1.78
6.5 2.51 1.58 1.78
6.6 2.56 1.59 1.78
6.7 2.6 1.6 1.79
6.8 2.66 1.61 1.79
6.9 2.71 1.62 1.79
7.0 2.77 1.62 1.8
7.1 2.83 1.63 1.8
7.2 2.89 1.64 1.8
7.3 2.95 1.65 1.8
7.4 3.01 1.66 1.8
7.5 3.07 1.67 1.8
7.6 3.13 1.68 1.8
7.7 3.19 1.69 1.8
7.8 3.25 1.7 1.8
7.9 3.31 1.71 1.8
8.0 3.37 1.72 1.8
8.1 3.42 1.74 1.8
8.2 3.47 1.77 1.8
8.3 3.52 1.8 1.81
8.4 3.57 1.85 1.81
8.5 3.61 1.9 1.81
8.6 3.65 1.95 1.82
8.7 3.7 2.01 1.82
8.8 3.73 2.07 1.82
8.9 3.77 2.13 1.82
9.0 3.81 2.19 1.81
9.1 3.84 2.25 1.8
9.2 3.87 2.3 1.8
9.3 3.9 2.36 1.79
9.4 3.93 2.41 1.79
9.5 3.95 2.46 1.78
9.6 3.97 2.51 1.78
9.7 3.99 2.56 1.78
9.8 4.0 2.61 1.78
9.9 4.02 2.65 1.77
10.0 4.04 2.69 1.77
10.1 4.05 2.73 1.76
10.2 4.06 2.76 1.75
10.3 4.07 2.79 1.74
10.4 4.08 2.82 1.73
10.5 4.08 2.84 1.71
10.6 4.08 2.87 1.7
10.7 4.07 2.89 1.69
10.8 4.06 2.91 1.67
10.9 4.05 2.93 1.66
11.0 4.04 2.95 1.65
11.1 4.02 2.96 1.64
11.2 4.01 2.98 1.63
11.3 3.99 2.99 1.61
11.4 3.96 3.0 1.6
11.5 3.94 3.01 1.59
11.6 3.91 3.02 1.59
11.7 3.88 3.03 1.58
11.8 3.85 3.04 1.58
11.9 3.82 3.05 1.58
12.0 3.79 3.06 1.58
12.1 3.76 3.07 1.57
12.2 3.73 3.07 1.57
12.3 3.7 3.08 1.57
12.4 3.67 3.08 1.58
12.5 3.64 3.08 1.58
12.6 3.6 3.07 1.59
12.7 3.57 3.07 1.6
12.8 3.53 3.07 1.63
12.9 3.49 3.08 1.65
13.0 3.45 3.08 1.69
13.1 3.41 3.08 1.72
13.2 3.36 3.09 1.76
13.3 3.32 3.1 1.79
13.4 3.29 3.11 1.83
13.5 3.25 3.12 1.86
13.6 3.21 3.13 1.9
13.7 3.18 3.13 1.93
13.8 3.14 3.14 1.97
13.9 3.11 3.15 2.0
14.0 3.07 3.15 2.03
14.1 3.02 3.15 2.05
14.2 2.96 3.15 2.08
14.3 2.91 3.14 2.1
14.4 2.85 3.13 2.11
14.5 2.8 3.12 2.13
14.6 2.76 3.11 2.14
14.7 2.72 3.09 2.16
14.8 2.68 3.06 2.17
14.9 2.66 3.03 2.18
15.0 2.63 3.0 2.2
15.1 2.59 2.97 2.21
15.2 2.55 2.94 2.22
15.3 2.5 2.93 2.22
15.4 2.45 2.91 2.23
15.5 2.4 2.9 2.23
15.6 2.35 2.89 2.24
15.7 2.29 2.89 2.23
15.8 2.23 2.89 2.23
15.9 2.18 2.88 2.22
16.0 2.12 2.88 2.21
16.1 2.08 2.87 2.2
16.2 2.03 2.86 2.19
16.3 1.99 2.85 2.17
16.4 1.95 2.84 2.16
16.5 1.92 2.82 2.14
16.6 1.89 2.8 2.13
16.7 1.86 2.78 2.11
16.8 1.84 2.75 2.09
16.9 1.81 2.72 2.08
17.0 1.79 2.69 2.06
17.1 1.77 2.65 2.05
17.2 1.76 2.61 2.04
17.3 1.76 2.56 2.03
17.4 1.76 2.51 2.02
17.5 1.77 2.45 2.02
17.6 1.78 2.4 2.02
17.7 1.8 2.34 2.01
17.8 1.82 2.29 2.01
17.9 1.85 2.23 2.0
18.0 1.87 2.19 1.99
18.1 1.88 2.15 1.98
18.2 1.9 2.12 1.97
18.3 1.91 2.09 1.95
18.4 1.93 2.07 1.94
18.5 1.95 2.05 1.92
18.6 1.97 2.03 1.91
18.7 2.0 2.01 1.89
18.8 2.03 2.0 1.87
18.9 2.07 1.98 1.86
19.0 2.11 1.97 1.84
19.1 2.15 1.95 1.82
19.2 2.19 1.94 1.8
19.3 2.24 1.92 1.78
19.4 2.29 1.9 1.76
19.5 2.34 1.89 1.74
19.6 2.39 1.87 1.72
19.7 2.44 1.86 1.7
19.8 2.49 1.85 1.68
19.9 2.54 1.84 1.66
20.0 2.59 1.84 1.64
20.1 2.64 1.84 1.62
20.2 2.69 1.84 1.6
20.3 2.73 1.84 1.58
20.4 2.78 1.85 1.55
20.5 2.82 1.85 1.53
20.6 2.87 1.85 1.51
20.7 2.91 1.86 1.49
20.8 2.95 1.88 1.47
20.9 3.0 1.89 1.45
21.0 3.04 1.91 1.43
21.1 3.08 1.92 1.41
21.2 3.12 1.94 1.39
21.3 3.16 1.96 1.37
21.4 3.19 1.97 1.36
21.5 3.23 1.99 1.34
21.6 3.26 2.01 1.32
21.7 3.3 2.04 1.31
21.8 3.33 2.06 1.31
21.9 3.37 2.08 1.3
22.0 3.4 2.11 1.3
22.1 3.44 2.13 1.31
22.2 3.47 2.16 1.32
22.3 3.5 2.19 1.33
22.4 3.52 2.23 1.34
22.5 3.55 2.26 1.34
22.6 3.58 2.3 1.35
22.7 3.6 2.34 1.35
22.8 3.63 2.37 1.35
22.9 3.65 2.41 1.34
23.0 3.67 2.45 1.34
23.1 3.68 2.47 1.33
23.2 3.69 2.49 1.33
23.3 3.7 2.5 1.33
23.4 3.71 2.51 1.34
23.5 3.71 2.51 1.34
23.6 3.71 2.51 1.35
23.7 3.71 2.5 1.36
23.8 3.71 2.49 1.38
23.9 3.71 2.47 1.39
24.0 3.71 2.45 1.41
24.1 3.71 2.42 1.43
24.2 3.71 2.39 1.45
24.3 3.71 2.36 1.47
24.4 3.71 2.33 1.49
24.5 3.7 2.3 1.51
24.6 3.7 2.28 1.53
24.7 3.7 2.26 1.55
24.8 3.7 2.25 1.56
24.9 3.7 2.25 1.57
25.0 3.7 2.24 1.58
25.1 3.69 2.24 1.58
25.2 3.69 2.25 1.58
25.3 3.69 2.25 1.57
25.4 3.68 2.26 1.56
25.5 3.68 2.26 1.54
25.6 3.67 2.27 1.52
25.7 3.66 2.27 1.51
25.8 3.66 2.27 1.48
25.9 3.65 2.27 1.46
26.0 3.64 2.26 1.44
26.1 3.63 2.25 1.42
26.2 3.62 2.23 1.41
26.3 3.61 2.22 1.4
26.4 3.6 2.2 1.39
26.5 3.59 2.17 1.39
26.6 3.57 2.15 1.39
26.7 3.56 2.13 1.4
26.8 3.54 2.11 1.41
26.9 3.53 2.1 1.42
27.0 3.51 2.08 1.43
27.1 3.5 2.07 1.45
27.2 3.48 2.06 1.47
27.3 3.46 2.06 1.48
27.4 3.45 2.06 1.5
27.5 3.43 2.07 1.52
27.6 3.41 2.08 1.54
27.7 3.4 2.1 1.55
27.8 3.38 2.12 1.57
27.9 3.37 2.14 1.58
28.0 3.36 2.16 1.59
28.1 3.35 2.18 1.6
28.2 3.35 2.2 1.61
28.3 3.34 2.23 1.62
28.4 3.34 2.25 1.62
28.5 3.34 2.27 1.62
28.6 3.34 2.29 1.62
28.7 3.35 2.3 1.62
28.8 3.35 2.32 1.62
28.9 3.35 2.32 1.62
29.0 3.36 2.33 1.61
29.1 3.36 2.34 1.61
29.2 3.37 2.34 1.61
29.3 3.37 2.33 1.6
29.4 3.37 2.33 1.6
29.5 3.38 2.33 1.6
29.6 3.37 2.32 1.61
29.7 3.37 2.32 1.61
29.8 3.37 2.31 1.62
29.9 3.36 2.31 1.62
30.0 3.35 2.3 1.63
30.1 3.34 2.3 1.64
30.2 3.33 2.3 1.66
30.3 3.31 2.3 1.67
30.4 3.3 2.31 1.68
30.5 3.28 2.31 1.7
30.6 3.26 2.32 1.71
30.7 3.24 2.33 1.72
30.8 3.22 2.34 1.74
30.9 3.2 2.35 1.75
31.0 3.18 2.36 1.77
31.1 3.15 2.38 1.78
31.2 3.13 2.39 1.79
31.3 3.11 2.4 1.81
31.4 3.09 2.42 1.82
31.5 3.06 2.43 1.83
31.6 3.04 2.44 1.84
31.7 3.02 2.46 1.85
31.8 3.0 2.47 1.86
31.9 2.98 2.48 1.86
32.0 2.97 2.49 1.87
32.1 2.95 2.5 1.88
32.2 2.93 2.51 1.89
32.3 2.91 2.51 1.89
32.4 2.89 2.51 1.9
32.5 2.87 2.51 1.91
32.6 2.84 2.51 1.91
32.7 2.82 2.5 1.92
32.8 2.79 2.5 1.93
32.9 2.76 2.49 1.93
33.0 2.73 2.48 1.94
33.1 2.7 2.47 1.95
33.2 2.67 2.46 1.95
33.3 2.64 2.45 1.96
33.4 2.61 2.44 1.96
33.5 2.57 2.43 1.97
33.6 2.54 2.42 1.97
33.7 2.51 2.41 1.97
33.8 2.49 2.4 1.98
33.9 2.46 2.38 1.98
34.0 2.43 2.37 1.98
34.1 2.41 2.35 1.99
34.2 2.38 2.33 1.99
34.3 2.36 2.32 2.0
34.4 2.34 2.3 2.0
34.5 2.32 2.28 2.0
34.6 2.31 2.26 2.01
34.7 2.29 2.24 2.02
34.8 2.28 2.22 2.02
34.9 2.26 2.19 2.03
35.0 2.25 2.17 2.04
35.1 2.24 2.15 2.04
35.2 2.23 2.13 2.04
35.3 2.22 2.12 2.05
35.4 2.2 2.11 2.05
35.5 2.18 2.12 2.05
35.6 2.17 2.14 2.05
35.7 2.17 2.15 2.05
35.8 2.18 2.15 2.05
35.9 2.21 2.16 2.05
36.0 2.24 2.15 2.06
36.1 2.29 2.14 2.06
36.2 2.34 2.13 2.06
36.3 2.39 2.12 2.06
36.4 2.45 2.11 2.06
36.5 2.51 2.09 2.06
36.6 2.57 2.08 2.06
36.7 2.63 2.07 2.05
36.8 2.69 2.06 2.04
36.9 2.76 2.06 2.02
37.0 2.82 2.06 2.01
37.1 2.89 2.06 1.99
37.2 2.96 2.05 1.97
37.3 3.02 2.04 1.96
37.4 3.08 2.03 1.95
37.5 3.14 2.02 1.95
37.6 3.2 2.02 1.95
37.7 3.26 2.02 1.96
37.8 3.32 2.02 1.97
37.9 3.38 2.03 1.99
38.0 3.43 2.04 2.01
38.1 3.49 2.06 2.02
38.2 3.54 2.09 2.04
38.3 3.59 2.13 2.05
38.4 3.64 2.17 2.06
38.5 3.69 2.21 2.06
38.6 3.74 2.24 2.06
38.7 3.78 2.28 2.06
38.8 3.82 2.3 2.05
38.9 3.86 2.31 2.04
39.0 3.89 2.31 2.03
39.1 3.92 2.31 2.02
39.2 3.95 2.3 2.0
39.3 3.97 2.28 1.99
39.4 3.98 2.27 1.98
39.5 4.0 2.26 1.97
39.6 4.0 2.24 1.96
39.7 4.01 2.24 1.95
39.8 4.01 2.23 1.95
39.9 4.0 2.23 1.94
40.0 3.99 2.24 1.94
40.1 3.98 2.25 1.93
40.2 3.97 2.27 1.93
40.3 3.95 2.29 1.93
40.4 3.94 2.31 1.92
40.5 3.92 2.34 1.92
40.6 3.89 2.37 1.91
40.7 3.87 2.41 1.9
40.8 3.85 2.44 1.89
40.9 3.83 2.47 1.88
41.0 3.81 2.51 1.87
41.1 3.79 2.54 1.86
41.2 3.77 2.57 1.84
41.3 3.75 2.6 1.82
41.4 3.74 2.62 1.8
41.5 3.72 2.64 1.78
41.6 3.71 2.66 1.75
41.7 3.7 2.67 1.73
41.8 3.69 2.68 1.7
41.9 3.68 2.69 1.67
42.0 3.67 2.69 1.63
42.1 3.66 2.68 1.6
42.2 3.65 2.67 1.56
42.3 3.64 2.66 1.52
42.4 3.62 2.65 1.49
42.5 3.61 2.63 1.45
42.6 3.58 2.61 1.41
42.7 3.56 2.6 1.37
42.8 3.53 2.58 1.34
42.9 3.5 2.57 1.3
43.0 3.47 2.56 1.27
43.1 3.43 2.55 1.24
43.2 3.39 2.55 1.21
43.3 3.35 2.55 1.19
43.4 3.31 2.55 1.17
43.5 3.26 2.56 1.15
43.6 3.22 2.56 1.13
43.7 3.18 2.58 1.12
43.8 3.13 2.59 1.11
43.9 3.09 2.6 1.11
44.0 3.05 2.61 1.11
44.1 3.02 2.63 1.11
44.2 2.98 2.64 1.11
44.3 2.95 2.65 1.12
44.4 2.93 2.66 1.13
44.5 2.9 2.67 1.14
44.6 2.88 2.68 1.16
44.7 2.87 2.69 1.18
44.8 2.85 2.7 1.22
44.9 2.85 2.71 1.25
45.0 2.84 2.72 1.29
45.1 2.83 2.73 1.32
45.2 2.82 2.74 1.35
45.3 2.8 2.74 1.38
45.4 2.79 2.75 1.41
45.5 2.76 2.75 1.44
45.6 2.74 2.75 1.47
45.7 2.72 2.75 1.51
45.8 2.69 2.75 1.54
45.9 2.67 2.76 1.59
46.0 2.65 2.77 1.63
46.1 2.63 2.78 1.68
46.2 2.61 2.79 1.73
46.3 2.59 2.8 1.78
46.4 2.58 2.82 1.83
46.5 2.56 2.83 1.88
46.6 2.55 2.84 1.92
46.7 2.54 2.85 1.97
46.8 2.52 2.86 2.01
46.9 2.51 2.87 2.04
47.0 2.5 2.87 2.07
47.1 2.48 2.88 2.09
47.2 2.46 2.88 2.11
47.3 2.44 2.87 2.12
47.4 2.42 2.86 2.12
47.5 2.39 2.85 2.11
47.6 2.36 2.84 2.1
47.7 2.34 2.83 2.09
47.8 2.31 2.82 2.08
47.9 2.28 2.8 2.06
48.0 2.25 2.79 2.05
48.1 2.22 2.77 2.04
48.2 2.19 2.75 2.03
48.3 2.16 2.73 2.02
48.4 2.12 2.71 2.02
48.5 2.1 2.7 2.03
48.6 2.07 2.68 2.03
48.7 2.05 2.67 2.04
48.8 2.03 2.66 2.05
48.9 2.01 2.65 2.05
49.0 2.0 2.65 2.06
49.1 1.98 2.64 2.06
49.2 1.97 2.63 2.06
49.3 1.96 2.62 2.05
49.4 1.94 2.62 2.04
49.5 1.93 2.61 2.02
49.6 1.91 2.59 2.0
49.7 1.89 2.58 1.97
49.8 1.87 2.56 1.94
49.9 1.84 2.54 1.9
