0.0 -1.27e-08 3.38e-05 0.303 0.303
0.1 9.38e-07 6.43e-05 0.559 0.559
0.2 2.71e-05 9.17e-05 0.752 0.752
0.3 0.000146 0.000116 0.857 0.857
0.4 -0.00169 0.000136 0.867 0.867
0.5 -0.00354 0.000153 0.805 0.805
0.6 -0.00858 0.000167 0.708 0.708
0.7 -0.0128 0.000178 0.6 0.6
0.8 -0.0164 0.000186 0.494 0.494
0.9 -0.0196 0.000193 0.394 0.394
1.0 -0.0222 0.000197 0.301 0.302
1.1 -0.0244 0.000199 0.217 0.219
1.2 -0.0265 0.0002 0.141 0.143
1.3 -0.0283 0.000199 0.0723 0.0776
1.4 -0.0299 0.000197 0.0105 0.0317
1.5 -0.0313 0.000194 -0.0449 0.0547
1.6 -0.0326 0.00019 -0.0945 0.0999
1.7 -0.0337 0.000185 -0.139 0.143
1.8 -0.0348 0.000179 -0.178 0.181
1.9 -0.0357 0.000172 -0.212 0.215
2.0 -0.0366 0.000165 -0.242 0.245
2.1 -0.0375 0.000158 -0.268 0.271
2.2 -0.0382 0.000149 -0.289 0.292
2.3 -0.0389 0.000141 -0.305 0.308
2.4 -0.0395 0.000131 -0.316 0.319
2.5 -0.04 0.000122 -0.321 0.324
2.6 -0.0405 0.000112 -0.319 0.321
2.7 -0.041 0.000101 -0.307 0.31
2.8 -0.0414 8.97e-05 -0.286 0.289
2.9 -0.0418 7.79e-05 -0.254 0.258
3.0 -0.0422 6.56e-05 -0.212 0.216
3.1 -0.0423 5.27e-05 -0.16 0.165
3.2 -0.0424 3.92e-05 -0.102 0.111
3.3 -0.0424 2.5e-05 -0.0429 0.0603
3.4 -0.0424 1.03e-05 0.0138 0.0446
3.5 -0.0424 -5.09e-06 0.0635 0.0763
3.6 -0.0424 -2.1e-05 0.103 0.111
3.7 -0.0423 -3.75e-05 0.131 0.138
3.8 -0.0421 -5.47e-05 0.147 0.153
3.9 -0.0419 -7.27e-05 0.151 0.157
4.0 -0.0416 -9.12e-05 0.147 0.152
4.1 -0.0413 -0.00011 0.134 0.141
4.2 -0.0409 -0.00013 0.117 0.124
4.3 -0.0405 -0.000151 0.0962 0.104
4.4 -0.04 -0.000172 0.0736 0.0838
4.5 -0.0395 -0.000193 0.0506 0.0642
4.6 -0.0391 -0.000215 0.028 0.0481
4.7 -0.0386 -0.000238 0.00689 0.0392
4.8 -0.0381 -0.000261 -0.0123 0.04
4.9 -0.0376 -0.000284 -0.0291 0.0475
5.0 -0.0371 -0.000307 -0.0431 0.0569
5.1 -0.0365 -0.000331 -0.0541 0.0653
5.2 -0.036 -0.000355 -0.0619 0.0716
5.3 -0.0354 -0.000378 -0.0665 0.0753
5.4 -0.0349 -0.000401 -0.0678 0.0762
5.5 -0.0339 -0.000423 -0.066 0.0742
5.6 -0.0329 -0.000445 -0.0613 0.0696
5.7 -0.032 -0.000467 -0.0542 0.0629
5.8 -0.0309 -0.000487 -0.0451 0.0547
5.9 -0.0299 -0.000506 -0.0346 0.0457
6.0 -0.0289 -0.000524 -0.0233 0.0371
6.1 -0.0279 -0.000541 -0.0119 0.0303
6.2 -0.0269 -0.000557 -0.00107 0.0269
6.3 -0.0257 -0.000571 0.00873 0.0272
6.4 -0.0246 -0.000584 0.017 0.0299
6.5 -0.0235 -0.000596 0.0235 0.0333
6.6 -0.0225 -0.000606 0.0281 0.036
6.7 -0.0215 -0.000615 0.0307 0.0375
6.8 -0.0205 -0.000623 0.0314 0.0375
6.9 -0.0196 -0.000629 0.0305 0.0362
7.0 -0.0185 -0.000635 0.0281 0.0337
7.1 -0.0176 -0.000639 0.0246 0.0302
7.2 -0.0166 -0.000643 0.0203 0.0262
7.3 -0.0157 -0.000645 0.0155 0.0221
7.4 -0.0149 -0.000647 0.0104 0.0182
7.5 -0.014 -0.000649 0.00543 0.015
7.6 -0.0132 -0.000649 0.000699 0.0132
7.7 -0.0124 -0.00065 -0.00358 0.0129
7.8 -0.0117 -0.00065 -0.00724 0.0138
7.9 -0.011 -0.00065 -0.0102 0.015
8.0 -0.0104 -0.00065 -0.0124 0.0162
8.1 -0.00967 -0.000649 -0.0138 0.0168
8.2 -0.009 -0.000648 -0.0143 0.0169
8.3 -0.0084 -0.000646 -0.0142 0.0165
8.4 -0.00785 -0.000642 -0.0134 0.0155
8.5 -0.00734 -0.000636 -0.012 0.0141
8.6 -0.00691 -0.00063 -0.0101 0.0123
8.7 -0.00652 -0.000622 -0.008 0.0103
8.8 -0.00617 -0.000615 -0.00568 0.00841
8.9 -0.00588 -0.000608 -0.00332 0.00678
9.0 -0.00563 -0.000602 -0.00104 0.00575
9.1 -0.00544 -0.000598 0.00106 0.00558
9.2 -0.00608 -0.000597 0.0029 0.00676
9.3 -0.00667 -0.000598 0.00439 0.00801
9.4 -0.00723 -0.000601 0.00552 0.00912
9.5 -0.00775 -0.000606 0.00625 0.00998
9.6 -0.00821 -0.000612 0.00661 0.0106
9.7 -0.00861 -0.00062 0.0066 0.0109
9.8 -0.00889 -0.000629 0.00627 0.0109
9.9 -0.00912 -0.000639 0.00567 0.0108
10.0 -0.00922 -0.000651 0.00486 0.0104
10.1 -0.00928 -0.000665 0.0039 0.0101
10.2 -0.00919 -0.000682 0.00286 0.00965
10.3 -0.00907 -0.000702 0.00178 0.00927
10.4 -0.00882 -0.000726 0.000738 0.00888
10.5 -0.00854 -0.000754 -0.000232 0.00857
10.6 -0.00844 -0.000788 -0.00109 0.00854
10.7 -0.00809 -0.000826 -0.0018 0.00833
10.8 -0.00774 -0.000871 -0.00235 0.00813
10.9 -0.00736 -0.000921 -0.00272 0.0079
11.0 -0.00698 -0.000978 -0.00293 0.00763
11.1 -0.00659 -0.00104 -0.00296 0.0073
11.2 -0.00612 -0.00111 -0.00284 0.00684
11.3 -0.00565 -0.00119 -0.0026 0.00633
11.4 -0.00513 -0.00128 -0.00224 0.00574
11.5 -0.00429 -0.00137 -0.00181 0.00486
11.6 -0.00348 -0.00148 -0.00133 0.00401
11.7 -0.00267 -0.00159 -0.000832 0.00321
11.8 -0.00185 -0.0017 -0.000334 0.00253
11.9 0.0111 -0.00182 0.000135 0.0113
12.0 0.0229 -0.00196 0.000557 0.023
12.1 0.0438 -0.0021 0.000917 0.0439
12.2 0.0627 -0.00223 0.0012 0.0628
12.3 0.0895 -0.00237 0.00141 0.0895
12.4 0.113 -0.0025 0.00154 0.113
12.5 0.135 -0.00261 0.00158 0.135
12.6 0.176 -0.0027 0.00156 0.176
12.7 0.213 -0.00277 0.00148 0.213
12.8 0.247 -0.00279 0.00134 0.247
12.9 0.278 -0.00276 0.00115 0.278
13.0 0.307 -0.00269 0.00094 0.307
13.1 0.333 -0.00256 0.000711 0.333
13.2 0.357 -0.00238 0.000477 0.357
13.3 0.4 -0.00216 0.00025 0.4
13.4 0.44 -0.00191 3.96e-05 0.44
13.5 0.476 -0.00165 -0.000145 0.476
13.6 0.511 -0.00138 -0.000297 0.511
13.7 0.542 -0.00113 -0.000414 0.542
13.8 0.571 -0.000889 -0.00049 0.571
13.9 0.696 -0.000662 -0.000527 0.696
14.0 0.581 -0.000448 -0.000528 0.581
14.1 0.475 -0.00025 -0.000497 0.475
14.2 0.377 -7.42e-05 -0.000437 0.377
14.3 0.286 7.5e-05 -0.000355 0.286
14.4 0.202 0.000193 -0.000258 0.202
14.5 0.124 0.000276 -0.000152 0.124
14.6 0.0523 0.000323 -4.41e-05 0.0523
14.7 -0.014 0.000331 6.12e-05 0.014
14.8 -0.0418 0.000301 0.000158 0.0418
14.9 -0.0676 0.000232 0.000242 0.0676
15.0 -0.0756 0.000128 0.000309 0.0756
15.1 -0.0744 -7.94e-06 0.000357 0.0744
15.2 -0.0656 -0.000171 0.000385 0.0656
15.3 -0.0536 -0.000358 0.000392 0.0536
15.4 -0.0367 -0.000564 0.000381 0.0367
15.5 -0.017 -0.000784 0.000352 0.017
15.6 0.00435 -0.00101 0.00031 0.00447
15.7 0.0287 -0.00125 0.000257 0.0288
15.8 0.0531 -0.00148 0.0002 0.0532
15.9 0.0878 -0.0017 0.000139 0.0878
16.0 0.119 -0.00191 7.83e-05 0.119
16.1 0.146 -0.0021 2.14e-05 0.147
16.2 0.172 -0.00228 -2.91e-05 0.172
16.3 0.195 -0.00243 -7.18e-05 0.195
16.4 0.217 -0.00256 -0.000106 0.217
16.5 0.237 -0.00266 -0.00013 0.237
16.6 0.256 -0.00273 -0.000145 0.256
16.7 0.273 -0.00276 -0.000152 0.273
16.8 0.289 -0.00275 -0.00015 0.289
16.9 0.225 -0.0027 -0.000144 0.225
17.0 0.166 -0.00262 -0.000131 0.166
17.1 0.128 -0.00253 -0.000114 0.128
17.2 0.0982 -0.00244 -9.14e-05 0.0982
17.3 0.0934 -0.00236 -6.68e-05 0.0934
17.4 0.0944 -0.00229 -4.53e-05 0.0944
17.5 0.112 -0.00223 -2.81e-05 0.112
17.6 0.128 -0.00218 -2.04e-05 0.128
17.7 0.141 -0.00213 -1.64e-05 0.141
17.8 0.164 -0.00207 -1.89e-05 0.164
17.9 0.142 -0.00202 -2.55e-05 0.142
18.0 0.121 -0.00196 -3.47e-05 0.121
18.1 0.101 -0.0019 -4.39e-05 0.101
18.2 0.0835 -0.00184 -5.27e-05 0.0835
18.3 0.0669 -0.00178 -6.04e-05 0.067
18.4 0.0516 -0.00171 -6.61e-05 0.0516
18.5 0.0374 -0.00164 -6.99e-05 0.0374
18.6 0.0329 -0.00157 -7.05e-05 0.033
18.7 0.0318 -0.00149 -7e-05 0.0319
18.8 0.0368 -0.0014 -6.46e-05 0.0369
18.9 0.0469 -0.00131 -6.07e-05 0.047
19.0 0.061 -0.00121 -5.32e-05 0.061
19.1 0.0787 -0.0011 -4.79e-05 0.0787
19.2 0.0993 -0.000992 -4.36e-05 0.0993
19.3 0.125 -0.000881 -3.86e-05 0.125
19.4 0.15 -0.000774 -3.57e-05 0.15
19.5 0.175 -0.000671 -3.22e-05 0.175
19.6 0.223 -0.000575 -3.1e-05 0.223
19.7 0.267 -0.000483 -2.85e-05 0.267
19.8 0.307 -0.000395 -3.17e-05 0.307
19.9 0.343 -0.000307 -3.78e-05 0.343
20.0 0.376 -0.000219 -4.68e-05 0.376
20.1 0.406 -0.00013 -5.74e-05 0.406
20.2 0.431 -3.95e-05 -6.96e-05 0.431
20.3 0.455 5.19e-05 -8.26e-05 0.455
20.4 0.475 0.000144 -9.56e-05 0.475
20.5 0.493 0.000236 -0.000108 0.493
20.6 0.493 0.000326 -0.000121 0.493
20.7 0.492 0.000416 -0.000133 0.492
20.8 0.492 0.000505 -0.000141 0.492
20.9 0.491 0.000591 -0.000148 0.491
21.0 0.501 0.000671 -0.000152 0.501
21.1 0.509 0.000742 -0.000153 0.509
21.2 0.515 0.0008 -0.000151 0.515
21.3 0.519 0.00084 -0.000148 0.519
21.4 0.522 0.00086 -0.000142 0.522
21.5 0.523 0.000857 -0.000135 0.523
21.6 0.495 0.000827 -0.000126 0.495
21.7 0.473 0.000765 -0.000118 0.473
21.8 0.456 0.000677 -0.00011 0.456
21.9 0.448 0.000574 -0.000102 0.448
22.0 0.463 0.000466 -9.64e-05 0.463
22.1 0.475 0.000349 -9.15e-05 0.475
22.2 0.486 0.000214 -8.76e-05 0.486
22.3 0.495 5.86e-05 -8.39e-05 0.495
22.4 0.503 -0.000123 -7.96e-05 0.503
22.5 0.509 -0.000327 -7.45e-05 0.509
22.6 0.514 -0.000539 -6.82e-05 0.514
22.7 0.518 -0.000749 -5.97e-05 0.518
22.8 0.522 -0.000942 -4.95e-05 0.522
22.9 0.528 -0.00111 -3.77e-05 0.528
23.0 0.517 -0.00126 -2.38e-05 0.517
23.1 0.507 -0.00137 -9.6e-06 0.507
23.2 0.497 -0.00146 4.35e-06 0.497
23.3 0.488 -0.00152 1.85e-05 0.488
23.4 0.478 -0.00154 2.96e-05 0.478
23.5 0.469 -0.00154 3.87e-05 0.469
23.6 0.46 -0.00152 4.44e-05 0.46
23.7 0.451 -0.00147 4.68e-05 0.451
23.8 0.443 -0.00139 4.6e-05 0.443
23.9 0.435 -0.0013 4.25e-05 0.435
24.0 0.428 -0.00118 3.6e-05 0.428
24.1 0.419 -0.00105 2.72e-05 0.419
24.2 0.412 -0.000907 1.7e-05 0.412
24.3 0.405 -0.000751 6.1e-06 0.405
24.4 0.388 -0.000586 -5.31e-06 0.388
24.5 0.371 -0.000413 -1.58e-05 0.371
24.6 0.356 -0.000233 -2.51e-05 0.356
24.7 0.341 -4.63e-05 -3.22e-05 0.341
24.8 0.328 0.000147 -3.68e-05 0.328
24.9 0.315 0.000346 -3.87e-05 0.315
25.0 0.303 0.000555 -3.72e-05 0.303
25.1 0.291 0.000773 -3.25e-05 0.291
25.2 0.281 0.000999 -2.5e-05 0.281
25.3 0.27 0.00124 -1.44e-05 0.27
25.4 0.263 0.00149 -1.21e-06 0.263
25.5 0.257 0.00175 1.39e-05 0.257
25.6 0.254 0.00202 3.11e-05 0.254
25.7 0.251 0.00228 4.96e-05 0.251
25.8 0.249 0.00255 7.05e-05 0.249
25.9 0.247 0.0028 9.14e-05 0.247
26.0 0.245 0.00303 0.000113 0.245
26.1 0.243 0.00323 0.000133 0.243
26.2 0.241 0.0034 0.000156 0.241
26.3 0.239 0.00349 0.000173 0.239
26.4 0.237 0.00352 0.000188 0.237
26.5 0.236 0.00348 0.000199 0.236
26.6 0.236 0.00335 0.000202 0.236
26.7 0.235 0.00317 0.000197 0.235
26.8 0.235 0.00293 0.00018 0.235
26.9 0.234 0.00266 0.000153 0.234
27.0 0.193 0.00237 0.000118 0.193
27.1 0.155 0.00208 7.48e-05 0.155
27.2 0.119 0.0018 3.14e-05 0.119
27.3 0.0867 0.00155 -1.28e-05 0.0867
27.4 0.0565 0.00134 -5.3e-05 0.0565
27.5 0.0286 0.00117 -8.87e-05 0.0286
27.6 0.00285 0.00105 -0.000118 0.00304
27.7 -0.0208 0.000978 -0.00014 0.0209
27.8 -0.0426 0.000951 -0.000153 0.0426
27.9 -0.0625 0.000973 -0.000157 0.0626
28.0 -0.0808 0.00104 -0.000151 0.0808
28.1 -0.0975 0.00116 -0.000138 0.0975
28.2 -0.113 0.00131 -0.000119 0.113
28.3 -0.127 0.00152 -9.3e-05 0.127
28.4 -0.139 0.00176 -6.27e-05 0.139
28.5 -0.15 0.00203 -2.95e-05 0.15
28.6 -0.16 0.00235 5.86e-06 0.16
28.7 -0.17 0.0027 4.26e-05 0.17
28.8 -0.178 0.00306 7.61e-05 0.178
28.9 -0.185 0.00347 0.00011 0.185
29.0 -0.191 0.00388 0.00014 0.191
29.1 -0.197 0.0043 0.000165 0.197
29.2 -0.202 0.00473 0.000186 0.202
29.3 -0.207 0.00515 0.000203 0.207
29.4 -0.211 0.00556 0.000216 0.211
29.5 -0.214 0.00593 0.000222 0.214
29.6 -0.217 0.00627 0.000224 0.217
29.7 -0.219 0.00656 0.000221 0.22
29.8 -0.222 0.00678 0.000211 0.222
29.9 -0.223 0.00693 0.000197 0.223
30.0 -0.225 0.00701 0.000181 0.225
30.1 -0.226 0.00701 0.000161 0.226
30.2 -0.227 0.00692 0.000137 0.227
30.3 -0.227 0.00673 0.00011 0.227
30.4 -0.227 0.00646 7.87e-05 0.228
30.5 -0.227 0.00612 5.32e-05 0.227
30.6 -0.227 0.0057 2.79e-05 0.227
30.7 -0.226 0.00521 4.47e-06 0.226
30.8 -0.225 0.00467 -2.1e-05 0.225
30.9 -0.224 0.00408 -3.96e-05 0.224
31.0 -0.222 0.00345 -5.31e-05 0.222
31.1 -0.221 0.00279 -6.19e-05 0.221
31.2 -0.219 0.00211 -6.59e-05 0.219
31.3 -0.216 0.00143 -6.48e-05 0.216
31.4 -0.214 0.000737 -5.75e-05 0.214
31.5 -0.211 5.9e-05 -4.72e-05 0.211
31.6 -0.207 -0.000601 -3.35e-05 0.207
31.7 -0.203 -0.00124 -1.57e-05 0.203
31.8 -0.198 -0.00184 2.7e-06 0.198
31.9 -0.193 -0.00241 2.44e-05 0.193
32.0 -0.187 -0.00294 4.73e-05 0.187
32.1 -0.18 -0.00343 6.97e-05 0.18
32.2 -0.16 -0.00385 8.8e-05 0.16
32.3 -0.14 -0.00423 0.000105 0.14
32.4 -0.122 -0.00456 0.00012 0.122
32.5 -0.104 -0.00486 0.000133 0.104
32.6 -0.0866 -0.00512 0.000142 0.0868
32.7 -0.0707 -0.00536 0.000147 0.0709
32.8 -0.0542 -0.00555 0.000146 0.0544
32.9 -0.0389 -0.00573 0.000142 0.0393
33.0 -0.0247 -0.00589 0.000136 0.0254
33.1 -0.0109 -0.00603 0.000123 0.0125
33.2 0.0125 -0.00616 0.000109 0.0139
33.3 0.0341 -0.00628 9.51e-05 0.0347
33.4 0.0542 -0.00638 8.13e-05 0.0546
33.5 0.0728 -0.00647 6.34e-05 0.073
33.6 0.0894 -0.00654 4.63e-05 0.0896
33.7 0.105 -0.00661 3.16e-05 0.105
33.8 0.118 -0.00666 1.9e-05 0.119
33.9 0.131 -0.0067 9.4e-06 0.131
34.0 0.141 -0.00673 2.23e-06 0.141
34.1 0.151 -0.00676 -2.35e-06 0.151
34.2 0.16 -0.00676 -9.53e-06 0.16
34.3 0.168 -0.00675 -1.51e-05 0.168
34.4 0.174 -0.00672 -2.27e-05 0.174
34.5 0.18 -0.00667 -2.91e-05 0.18
34.6 0.185 -0.00661 -3.79e-05 0.185
34.7 0.19 -0.00653 -4.79e-05 0.19
34.8 0.16 -0.00643 -6.41e-05 0.161
34.9 0.133 -0.00631 -7.74e-05 0.133
35.0 0.108 -0.00617 -9.02e-05 0.108
35.1 0.0868 -0.00601 -0.000101 0.087
35.2 0.0676 -0.00583 -0.00011 0.0678
35.3 0.0571 -0.00563 -0.000117 0.0574
35.4 0.0474 -0.0054 -0.00012 0.0477
35.5 0.0384 -0.00515 -0.00012 0.0387
35.6 0.0321 -0.00487 -0.000117 0.0324
35.7 0.0262 -0.00457 -0.00011 0.0266
35.8 0.0208 -0.00424 -0.000102 0.0213
35.9 0.0159 -0.00389 -9.43e-05 0.0163
36.0 0.0112 -0.00351 -8.74e-05 0.0118
36.1 0.00702 -0.00311 -8.19e-05 0.00768
36.2 0.00319 -0.0027 -7.97e-05 0.00418
36.3 -0.000342 -0.00227 -7.77e-05 0.00229
36.4 -0.00365 -0.00182 -7.72e-05 0.00408
36.5 -0.00677 -0.00138 -7.76e-05 0.0069
36.6 -0.0097 -0.000925 -7.87e-05 0.00974
36.7 -0.0192 -0.000475 -7.95e-05 0.0192
36.8 -0.0279 -2.8e-05 -7.92e-05 0.0279
36.9 -0.0357 0.000406 -7.89e-05 0.0357
37.0 -0.0428 0.000829 -7.69e-05 0.0428
37.1 -0.11 0.00123 -7.36e-05 0.11
37.2 -0.172 0.00161 -7.07e-05 0.172
37.3 -0.23 0.00195 -6.9e-05 0.23
37.4 -0.28 0.00223 -6.98e-05 0.28
37.5 -0.326 0.00246 -7.42e-05 0.326
37.6 -0.368 0.00264 -8.25e-05 0.368
37.7 -0.405 0.00274 -9.52e-05 0.405
37.8 -0.439 0.00279 -0.000111 0.439
37.9 -0.469 0.00277 -0.000129 0.469
38.0 -0.496 0.00271 -0.000147 0.496
38.1 -0.486 0.0026 -0.000165 0.486
38.2 -0.477 0.00246 -0.000179 0.477
38.3 -0.467 0.0023 -0.00019 0.467
38.4 -0.457 0.00212 -0.000197 0.457
38.5 -0.445 0.00192 -0.0002 0.445
38.6 -0.433 0.00172 -0.000197 0.433
38.7 -0.414 0.00151 -0.000191 0.414
38.8 -0.396 0.0013 -0.00018 0.396
38.9 -0.324 0.00108 -0.000167 0.324
39.0 -0.258 0.000876 -0.000151 0.258
39.1 -0.197 0.000674 -0.000133 0.197
39.2 -0.141 0.000479 -0.000115 0.141
39.3 -0.0887 0.000293 -9.57e-05 0.0887
39.4 -0.0408 0.000117 -7.74e-05 0.0408
39.5 0.00275 -4.75e-05 -6.03e-05 0.00275
39.6 0.0428 -0.0002 -4.5e-05 0.0428
39.7 0.0795 -0.000343 -3.19e-05 0.0795
39.8 0.112 -0.000473 -2.14e-05 0.112
39.9 0.142 -0.000592 -1.35e-05 0.142
40.0 0.169 -0.000699 -8.3e-06 0.169
40.1 0.193 -0.000795 -5.66e-06 0.193
40.2 0.215 -0.000882 -5.32e-06 0.215
40.3 0.234 -0.000958 -6.99e-06 0.234
40.4 0.252 -0.00103 -1.03e-05 0.252
40.5 0.266 -0.00109 -1.48e-05 0.266
40.6 0.279 -0.00114 -2.01e-05 0.279
40.7 0.291 -0.00119 -2.57e-05 0.291
40.8 0.301 -0.00124 -3.13e-05 0.301
40.9 0.31 -0.00128 -3.66e-05 0.31
41.0 0.318 -0.00132 -4.12e-05 0.318
41.1 0.325 -0.00137 -4.48e-05 0.325
41.2 0.33 -0.00141 -4.74e-05 0.33
41.3 0.335 -0.00145 -4.89e-05 0.335
41.4 0.339 -0.0015 -4.92e-05 0.339
41.5 0.342 -0.00155 -4.84e-05 0.342
41.6 0.344 -0.0016 -4.64e-05 0.344
41.7 0.346 -0.00165 -4.36e-05 0.346
41.8 0.347 -0.00171 -3.99e-05 0.347
41.9 0.348 -0.00177 -3.55e-05 0.348
42.0 0.348 -0.00184 -3.07e-05 0.348
42.1 0.347 -0.00191 -2.56e-05 0.347
42.2 0.346 -0.00198 -2.02e-05 0.346
42.3 0.344 -0.00206 -1.48e-05 0.344
42.4 0.342 -0.00214 -9.38e-06 0.342
42.5 0.34 -0.00222 -3.94e-06 0.34
42.6 0.337 -0.0023 1.47e-06 0.337
42.7 0.331 -0.00238 7.17e-06 0.331
42.8 0.324 -0.00247 1.3e-05 0.324
42.9 0.316 -0.00256 1.83e-05 0.316
43.0 0.308 -0.00266 2.37e-05 0.308
43.1 0.3 -0.00277 2.87e-05 0.3
43.2 0.292 -0.00291 3.34e-05 0.292
43.3 0.284 -0.00309 3.86e-05 0.284
43.4 0.276 -0.0033 4.27e-05 0.276
43.5 0.268 -0.00355 4.67e-05 0.268
43.6 0.261 -0.00383 4.87e-05 0.261
43.7 0.253 -0.00416 4.96e-05 0.253
43.8 0.246 -0.00452 4.92e-05 0.246
43.9 0.239 -0.00491 4.68e-05 0.239
44.0 0.233 -0.00534 4.42e-05 0.233
44.1 0.227 -0.00578 4e-05 0.227
44.2 0.222 -0.00623 3.48e-05 0.223
44.3 0.218 -0.00666 2.77e-05 0.218
44.4 0.216 -0.00709 2.02e-05 0.216
44.5 0.214 -0.00748 1.23e-05 0.214
44.6 0.227 -0.00783 4.38e-06 0.227
44.7 0.24 -0.00814 -1.85e-06 0.24
44.8 0.251 -0.00838 -6.73e-06 0.251
44.9 0.261 -0.00856 -9.71e-06 0.261
45.0 0.267 -0.00866 -1.04e-05 0.267
45.1 0.271 -0.00874 -6.21e-06 0.271
45.2 0.276 -0.00878 2.26e-06 0.276
45.3 0.3 -0.0088 1.45e-05 0.301
45.4 0.321 -0.00879 2.96e-05 0.321
45.5 0.34 -0.00876 4.7e-05 0.34
45.6 0.355 -0.00871 6.46e-05 0.355
45.7 0.368 -0.00862 8.06e-05 0.368
45.8 0.379 -0.0085 9.42e-05 0.379
45.9 0.389 -0.00835 0.000104 0.389
46.0 0.397 -0.00815 0.000111 0.397
46.1 0.404 -0.00791 0.000112 0.404
46.2 0.409 -0.00764 0.00011 0.409
46.3 0.413 -0.00733 0.000104 0.413
46.4 0.416 -0.007 9.57e-05 0.416
46.5 0.418 -0.00664 8.51e-05 0.418
46.6 0.42 -0.00626 7.35e-05 0.42
46.7 0.42 -0.00587 6.18e-05 0.42
46.8 0.419 -0.00547 5.09e-05 0.419
46.9 0.419 -0.00506 4.12e-05 0.419
47.0 0.418 -0.00466 3.35e-05 0.418
47.1 0.416 -0.00425 2.79e-05 0.416
47.2 0.415 -0.00384 2.5e-05 0.415
47.3 0.412 -0.00344 2.46e-05 0.412
47.4 0.409 -0.00305 2.68e-05 0.409
47.5 0.398 -0.00265 3.16e-05 0.398
47.6 0.387 -0.00226 3.87e-05 0.387
47.7 0.376 -0.00189 4.73e-05 0.376
47.8 0.365 -0.00152 5.75e-05 0.365
47.9 0.3 -0.00116 6.86e-05 0.3
48.0 0.24 -0.000804 7.97e-05 0.24
48.1 0.185 -0.000458 9.01e-05 0.185
48.2 0.133 -0.000125 9.81e-05 0.133
48.3 0.0855 0.000194 0.000103 0.0855
48.4 0.0437 0.000499 0.000104 0.0437
48.5 0.00502 0.000785 0.000101 0.00508
48.6 -0.0306 0.00105 9.32e-05 0.0306
48.7 -0.0635 0.00129 8.15e-05 0.0635
48.8 -0.0937 0.00151 6.63e-05 0.0937
48.9 -0.122 0.0017 4.84e-05 0.122
49.0 -0.147 0.00187 2.88e-05 0.147
49.1 -0.171 0.00202 8.83e-06 0.171
49.2 -0.192 0.00215 -1.05e-05 0.192
49.3 -0.212 0.00226 -2.79e-05 0.212
49.4 -0.228 0.00237 -4.26e-05 0.228
49.5 -0.234 0.00246 -5.38e-05 0.234
49.6 -0.229 0.00255 -6.09e-05 0.229
49.7 -0.217 0.00265 -6.3e-05 0.217
49.8 -0.198 0.00277 -6.12e-05 0.198
49.9 -0.178 0.0029 -5.52e-05 0.178
