0.0 0.506 0.498 0.496
0.1 0.523 0.493 0.486
0.2 0.551 0.483 0.471
0.3 0.588 0.469 0.453
0.4 0.632 0.45 0.433
0.5 0.683 0.427 0.412
0.6 0.74 0.399 0.39
0.7 0.802 0.368 0.368
0.8 0.867 0.334 0.347
0.9 0.935 0.3 0.326
1.0 1.01 0.268 0.305
1.1 1.08 0.244 0.286
1.2 1.15 0.231 0.268
1.3 1.22 0.237 0.251
1.4 1.3 0.261 0.237
1.5 1.37 0.302 0.225
1.6 1.44 0.356 0.216
1.7 1.51 0.419 0.21
1.8 1.58 0.489 0.207
1.9 1.65 0.563 0.207
2.0 1.72 0.642 0.211
2.1 1.78 0.723 0.218
2.2 1.84 0.807 0.227
2.3 1.89 0.892 0.239
2.4 1.94 0.978 0.253
2.5 1.98 1.06 0.269
2.6 2.02 1.15 0.285
2.7 2.06 1.24 0.303
2.8 2.09 1.32 0.322
2.9 2.11 1.4 0.342
3.0 2.13 1.48 0.362
3.1 2.14 1.56 0.382
3.2 2.14 1.63 0.403
3.3 2.14 1.7 0.424
3.4 2.12 1.77 0.445
3.5 2.1 1.83 0.466
3.6 2.08 1.88 0.486
3.7 2.05 1.93 0.507
3.8 2.01 1.97 0.527
3.9 1.97 2.01 0.547
4.0 1.93 2.04 0.567
4.1 1.88 2.06 0.586
4.2 1.83 2.08 0.604
4.3 1.78 2.09 0.622
4.4 1.73 2.1 0.639
4.5 1.68 2.1 0.655
4.6 1.63 2.09 0.67
4.7 1.59 2.08 0.684
4.8 1.55 2.06 0.697
4.9 1.52 2.04 0.709
5.0 1.5 2.01 0.72
5.1 1.49 1.98 0.729
5.2 1.48 1.95 0.737
5.3 1.49 1.91 0.743
5.4 1.51 1.86 0.748
5.5 1.54 1.82 0.751
5.6 1.57 1.78 0.753
5.7 1.61 1.75 0.754
5.8 1.65 1.72 0.753
5.9 1.68 1.7 0.751
6.0 1.71 1.68 0.748
6.1 1.74 1.67 0.744
6.2 1.76 1.66 0.739
6.3 1.77 1.67 0.733
6.4 1.77 1.67 0.726
6.5 1.77 1.68 0.719
6.6 1.77 1.7 0.712
6.7 1.76 1.71 0.705
6.8 1.75 1.73 0.697
6.9 1.73 1.75 0.69
7.0 1.71 1.78 0.683
7.1 1.69 1.8 0.677
7.2 1.67 1.83 0.671
7.3 1.65 1.86 0.665
7.4 1.63 1.89 0.66
7.5 1.61 1.92 0.656
7.6 1.59 1.95 0.652
7.7 1.58 1.98 0.649
7.8 1.58 2.02 0.646
7.9 1.57 2.05 0.645
8.0 1.58 2.09 0.644
8.1 1.59 2.11 0.639
8.2 1.62 2.12 0.629
8.3 1.65 2.12 0.616
8.4 1.69 2.11 0.602
8.5 1.74 2.08 0.592
8.6 1.79 2.05 0.587
8.7 1.83 2.0 0.592
8.8 1.88 1.96 0.608
8.9 1.93 1.91 0.636
9.0 1.98 1.86 0.676
9.1 2.03 1.81 0.726
9.2 2.07 1.77 0.779
9.3 2.12 1.73 0.827
9.4 2.16 1.68 0.873
9.5 2.19 1.65 0.917
9.6 2.23 1.61 0.962
9.7 2.25 1.57 1.01
9.8 2.28 1.54 1.05
9.9 2.3 1.52 1.11
10.0 2.32 1.5 1.16
10.1 2.34 1.48 1.22
10.2 2.35 1.47 1.28
10.3 2.37 1.47 1.34
10.4 2.39 1.47 1.41
10.5 2.4 1.47 1.47
10.6 2.42 1.48 1.54
10.7 2.45 1.49 1.6
10.8 2.46 1.51 1.67
10.9 2.48 1.53 1.73
11.0 2.5 1.55 1.78
11.1 2.52 1.58 1.84
11.2 2.54 1.6 1.9
11.3 2.56 1.63 1.95
11.4 2.58 1.66 2.0
11.5 2.59 1.7 2.05
11.6 2.61 1.72 2.1
11.7 2.63 1.75 2.14
11.8 2.64 1.78 2.18
11.9 2.65 1.8 2.21
12.0 2.67 1.82 2.25
12.1 2.68 1.85 2.28
12.2 2.68 1.88 2.32
12.3 2.69 1.91 2.35
12.4 2.69 1.95 2.37
12.5 2.7 1.99 2.4
12.6 2.7 2.03 2.41
12.7 2.7 2.06 2.42
12.8 2.71 2.09 2.41
12.9 2.72 2.11 2.39
13.0 2.72 2.13 2.37
13.1 2.73 2.14 2.35
13.2 2.73 2.15 2.32
13.3 2.74 2.16 2.29
13.4 2.74 2.16 2.26
13.5 2.73 2.17 2.23
13.6 2.73 2.17 2.2
13.7 2.72 2.17 2.17
13.8 2.71 2.18 2.15
13.9 2.7 2.18 2.13
14.0 2.7 2.19 2.1
14.1 2.7 2.2 2.09
14.2 2.71 2.21 2.08
14.3 2.72 2.22 2.07
14.4 2.73 2.23 2.06
14.5 2.74 2.25 2.05
14.6 2.74 2.27 2.05
14.7 2.74 2.3 2.04
14.8 2.73 2.34 2.04
14.9 2.71 2.38 2.03
15.0 2.69 2.41 2.02
15.1 2.67 2.44 2.01
15.2 2.67 2.45 2.0
15.3 2.66 2.45 1.99
15.4 2.66 2.45 1.99
15.5 2.66 2.43 1.98
15.6 2.67 2.41 1.98
15.7 2.67 2.38 1.99
15.8 2.68 2.34 2.0
15.9 2.69 2.3 2.01
16.0 2.69 2.26 2.02
16.1 2.7 2.22 2.04
16.2 2.7 2.18 2.06
16.3 2.7 2.14 2.07
16.4 2.7 2.1 2.09
16.5 2.7 2.06 2.11
16.6 2.7 2.03 2.13
16.7 2.7 2.0 2.15
16.8 2.69 1.98 2.17
16.9 2.69 1.97 2.18
17.0 2.69 1.97 2.2
17.1 2.69 1.98 2.21
17.2 2.69 2.01 2.23
17.3 2.69 2.05 2.23
17.4 2.68 2.1 2.23
17.5 2.67 2.16 2.23
17.6 2.66 2.21 2.22
17.7 2.64 2.27 2.22
17.8 2.62 2.32 2.22
17.9 2.6 2.37 2.22
18.0 2.59 2.41 2.22
18.1 2.59 2.44 2.23
18.2 2.59 2.46 2.24
18.3 2.59 2.48 2.25
18.4 2.6 2.5 2.26
18.5 2.6 2.51 2.27
18.6 2.6 2.52 2.29
18.7 2.59 2.53 2.31
18.8 2.59 2.54 2.32
18.9 2.57 2.56 2.34
19.0 2.56 2.57 2.35
19.1 2.54 2.58 2.37
19.2 2.53 2.6 2.39
19.3 2.51 2.62 2.4
19.4 2.49 2.63 2.42
19.5 2.47 2.65 2.43
19.6 2.44 2.67 2.45
19.7 2.42 2.68 2.46
19.8 2.39 2.69 2.47
19.9 2.36 2.7 2.49
20.0 2.34 2.7 2.5
20.1 2.31 2.7 2.51
20.2 2.29 2.7 2.52
20.3 2.27 2.7 2.53
20.4 2.26 2.7 2.54
20.5 2.24 2.7 2.55
20.6 2.23 2.7 2.56
20.7 2.23 2.69 2.57
20.8 2.22 2.69 2.58
20.9 2.22 2.68 2.59
21.0 2.22 2.67 2.61
21.1 2.22 2.66 2.62
21.2 2.22 2.65 2.63
21.3 2.22 2.64 2.64
21.4 2.23 2.63 2.64
21.5 2.24 2.62 2.65
21.6 2.25 2.61 2.66
21.7 2.27 2.59 2.66
21.8 2.28 2.58 2.66
21.9 2.28 2.57 2.65
22.0 2.29 2.55 2.65
22.1 2.29 2.54 2.63
22.2 2.3 2.52 2.62
22.3 2.3 2.5 2.6
22.4 2.31 2.47 2.59
22.5 2.31 2.44 2.58
22.6 2.31 2.4 2.57
22.7 2.31 2.37 2.57
22.8 2.32 2.33 2.57
22.9 2.32 2.29 2.58
23.0 2.32 2.25 2.59
23.1 2.32 2.22 2.59
23.2 2.32 2.19 2.6
23.3 2.32 2.17 2.59
23.4 2.32 2.16 2.59
23.5 2.32 2.15 2.58
23.6 2.32 2.15 2.57
23.7 2.31 2.16 2.56
23.8 2.3 2.17 2.55
23.9 2.29 2.19 2.53
24.0 2.28 2.22 2.51
24.1 2.26 2.25 2.48
24.2 2.24 2.28 2.46
24.3 2.22 2.32 2.43
24.4 2.2 2.35 2.4
24.5 2.18 2.38 2.37
24.6 2.16 2.4 2.35
24.7 2.15 2.41 2.32
24.8 2.13 2.42 2.31
24.9 2.11 2.42 2.3
25.0 2.1 2.41 2.29
25.1 2.08 2.4 2.3
25.2 2.06 2.39 2.31
25.3 2.05 2.38 2.33
25.4 2.03 2.36 2.35
25.5 2.02 2.35 2.38
25.6 2.01 2.33 2.42
25.7 2.0 2.33 2.45
25.8 1.99 2.32 2.49
25.9 1.98 2.32 2.52
26.0 1.98 2.33 2.55
26.1 1.97 2.35 2.58
26.2 1.97 2.37 2.61
26.3 1.97 2.4 2.63
26.4 1.97 2.43 2.64
26.5 1.98 2.46 2.65
26.6 1.98 2.49 2.65
26.7 2.0 2.52 2.64
26.8 2.01 2.55 2.63
26.9 2.02 2.57 2.62
27.0 2.04 2.59 2.6
27.1 2.06 2.61 2.58
27.2 2.08 2.62 2.57
27.3 2.1 2.63 2.54
27.4 2.12 2.64 2.52
27.5 2.13 2.64 2.5
27.6 2.14 2.63 2.49
27.7 2.15 2.62 2.47
27.8 2.16 2.61 2.45
27.9 2.16 2.6 2.44
28.0 2.16 2.58 2.43
28.1 2.16 2.56 2.42
28.2 2.15 2.55 2.42
28.3 2.14 2.53 2.41
28.4 2.12 2.51 2.42
28.5 2.1 2.5 2.42
28.6 2.08 2.49 2.43
28.7 2.05 2.49 2.44
28.8 2.02 2.49 2.45
28.9 1.98 2.49 2.46
29.0 1.95 2.5 2.47
29.1 1.91 2.51 2.49
29.2 1.86 2.53 2.5
29.3 1.82 2.55 2.51
29.4 1.78 2.57 2.52
29.5 1.73 2.59 2.53
29.6 1.69 2.61 2.53
29.7 1.65 2.63 2.53
29.8 1.62 2.65 2.53
29.9 1.59 2.67 2.53
30.0 1.56 2.69 2.53
30.1 1.53 2.71 2.52
30.2 1.51 2.72 2.51
30.3 1.5 2.73 2.5
30.4 1.49 2.74 2.49
30.5 1.48 2.75 2.48
30.6 1.47 2.75 2.47
30.7 1.47 2.75 2.46
30.8 1.47 2.76 2.45
30.9 1.48 2.76 2.44
31.0 1.48 2.76 2.42
31.1 1.49 2.76 2.41
31.2 1.49 2.76 2.4
31.3 1.5 2.76 2.39
31.4 1.51 2.75 2.38
31.5 1.51 2.75 2.38
31.6 1.52 2.75 2.37
31.7 1.52 2.75 2.37
31.8 1.53 2.75 2.36
31.9 1.53 2.75 2.36
32.0 1.53 2.75 2.36
32.1 1.53 2.75 2.36
32.2 1.53 2.75 2.35
32.3 1.53 2.76 2.35
32.4 1.53 2.76 2.35
32.5 1.53 2.76 2.35
32.6 1.54 2.76 2.35
32.7 1.54 2.76 2.34
32.8 1.55 2.77 2.34
32.9 1.56 2.77 2.34
33.0 1.57 2.76 2.33
33.1 1.58 2.76 2.33
33.2 1.6 2.76 2.33
33.3 1.62 2.75 2.33
33.4 1.64 2.75 2.32
33.5 1.65 2.74 2.32
33.6 1.67 2.74 2.32
33.7 1.7 2.73 2.32
33.8 1.72 2.72 2.32
33.9 1.74 2.71 2.32
34.0 1.76 2.7 2.32
34.1 1.78 2.7 2.31
34.2 1.8 2.69 2.31
34.3 1.82 2.68 2.3
34.4 1.84 2.67 2.3
34.5 1.85 2.67 2.29
34.6 1.87 2.66 2.28
34.7 1.89 2.65 2.26
34.8 1.9 2.65 2.25
34.9 1.91 2.64 2.24
35.0 1.92 2.63 2.23
35.1 1.94 2.62 2.22
35.2 1.96 2.61 2.21
35.3 1.99 2.6 2.2
35.4 2.02 2.56 2.19
35.5 2.06 2.51 2.19
35.6 2.09 2.45 2.18
35.7 2.09 2.39 2.18
35.8 2.08 2.33 2.17
35.9 2.04 2.28 2.16
36.0 1.99 2.25 2.15
36.1 1.93 2.22 2.13
36.2 1.87 2.2 2.12
36.3 1.8 2.18 2.11
36.4 1.72 2.18 2.1
36.5 1.65 2.18 2.09
36.6 1.58 2.18 2.09
36.7 1.52 2.19 2.09
36.8 1.46 2.19 2.09
36.9 1.41 2.2 2.1
37.0 1.36 2.21 2.12
37.1 1.31 2.23 2.14
37.2 1.28 2.26 2.15
37.3 1.26 2.29 2.16
37.4 1.24 2.32 2.15
37.5 1.23 2.35 2.13
37.6 1.23 2.38 2.1
37.7 1.23 2.41 2.06
37.8 1.24 2.43 2.01
37.9 1.25 2.44 1.94
38.0 1.26 2.44 1.87
38.1 1.27 2.43 1.8
38.2 1.29 2.41 1.73
38.3 1.29 2.37 1.66
38.4 1.3 2.32 1.6
38.5 1.29 2.27 1.55
38.6 1.28 2.21 1.51
38.7 1.26 2.15 1.47
38.8 1.23 2.1 1.45
38.9 1.2 2.07 1.44
39.0 1.17 2.06 1.44
39.1 1.16 2.07 1.45
39.2 1.15 2.1 1.45
39.3 1.16 2.13 1.46
39.4 1.17 2.16 1.46
39.5 1.2 2.19 1.47
39.6 1.23 2.21 1.46
39.7 1.27 2.24 1.46
39.8 1.32 2.25 1.45
39.9 1.38 2.26 1.44
40.0 1.43 2.25 1.43
40.1 1.49 2.24 1.42
40.2 1.55 2.22 1.41
40.3 1.61 2.19 1.41
40.4 1.67 2.15 1.4
40.5 1.73 2.1 1.4
40.6 1.78 2.05 1.4
40.7 1.83 1.99 1.41
40.8 1.87 1.93 1.42
40.9 1.92 1.87 1.43
41.0 1.95 1.8 1.45
41.1 1.98 1.74 1.48
41.2 2.01 1.68 1.52
41.3 2.03 1.62 1.56
41.4 2.05 1.57 1.6
41.5 2.06 1.53 1.65
41.6 2.07 1.5 1.71
41.7 2.08 1.49 1.77
41.8 2.09 1.48 1.83
41.9 2.09 1.49 1.89
42.0 2.09 1.51 1.96
42.1 2.09 1.55 2.03
42.2 2.1 1.59 2.1
42.3 2.1 1.65 2.16
42.4 2.11 1.7 2.23
42.5 2.12 1.76 2.29
42.6 2.13 1.82 2.35
42.7 2.16 1.87 2.41
42.8 2.18 1.93 2.46
42.9 2.21 1.97 2.51
43.0 2.25 2.01 2.55
43.1 2.29 2.04 2.59
43.2 2.33 2.07 2.62
43.3 2.37 2.09 2.65
43.4 2.41 2.1 2.67
43.5 2.45 2.11 2.69
43.6 2.49 2.11 2.71
43.7 2.53 2.1 2.72
43.8 2.56 2.1 2.73
43.9 2.58 2.08 2.73
44.0 2.61 2.07 2.73
44.1 2.62 2.06 2.73
44.2 2.63 2.04 2.73
44.3 2.64 2.03 2.72
44.4 2.64 2.02 2.72
44.5 2.64 2.01 2.71
44.6 2.63 2.0 2.69
44.7 2.62 1.99 2.67
44.8 2.59 1.98 2.64
44.9 2.56 1.98 2.61
45.0 2.53 1.98 2.58
45.1 2.5 1.98 2.55
45.2 2.47 1.99 2.53
45.3 2.45 2.0 2.51
45.4 2.43 2.02 2.49
45.5 2.41 2.03 2.47
45.6 2.41 2.05 2.44
45.7 2.4 2.06 2.41
45.8 2.39 2.06 2.37
45.9 2.39 2.06 2.32
46.0 2.38 2.05 2.26
46.1 2.38 2.04 2.19
46.2 2.37 2.02 2.12
46.3 2.36 2.0 2.04
46.4 2.35 1.98 1.96
46.5 2.33 1.95 1.87
46.6 2.32 1.93 1.79
46.7 2.31 1.91 1.71
46.8 2.3 1.88 1.63
46.9 2.29 1.87 1.56
47.0 2.29 1.85 1.51
47.1 2.28 1.84 1.48
47.2 2.29 1.84 1.46
47.3 2.29 1.85 1.47
47.4 2.31 1.87 1.5
47.5 2.32 1.89 1.54
47.6 2.34 1.91 1.59
47.7 2.36 1.93 1.65
47.8 2.38 1.94 1.71
47.9 2.4 1.97 1.77
48.0 2.42 1.99 1.83
48.1 2.45 2.01 1.87
48.2 2.47 2.04 1.9
48.3 2.49 2.05 1.91
48.4 2.51 2.06 1.92
48.5 2.53 2.06 1.91
48.6 2.54 2.06 1.9
48.7 2.55 2.05 1.89
48.8 2.56 2.03 1.87
48.9 2.56 2.01 1.86
49.0 2.56 1.99 1.84
49.1 2.56 1.96 1.84
49.2 2.55 1.93 1.84
49.3 2.55 1.9 1.85
49.4 2.55 1.88 1.87
49.5 2.55 1.85 1.9
49.6 2.55 1.83 1.95
49.7 2.56 1.81 2.0
49.8 2.57 1.79 2.05
49.9 2.58 1.78 2.11
