0.0 0.0 0.0 0.0
0.1 -0.0953 -0.000473 0.0335
0.2 -0.0984 -0.000455 0.0344
0.3 -0.115 -0.00685 0.0359
0.4 -1.96 -0.809 0.0366
0.5 -3.49 -2.55 0.0378
0.6 -3.49 -2.55 0.0386
0.7 -3.5 -2.55 0.0407
0.8 -4.17 -2.48 0.241
0.9 -4.67 -2.43 0.375
1.0 -5.44 -2.35 0.579
1.1 -6.25 -2.26 0.784
1.2 -7.08 -2.17 0.983
1.3 -7.08 -2.17 0.984
1.4 -7.88 -2.07 1.14
1.5 -7.88 -2.07 1.14
1.6 -8.75 -1.96 1.26
1.7 -8.75 -1.96 1.26
1.8 -8.75 -1.96 1.26
1.9 -8.94 -1.93 1.27
2.0 -8.94 -1.93 1.27
2.1 -8.94 -1.93 1.27
2.2 -8.95 -1.93 1.27
2.3 -8.95 -1.93 1.27
2.4 -9.12 -1.91 1.26
2.5 -9.15 -1.9 1.26
2.6 -9.15 -1.9 1.26
2.7 -9.15 -1.9 1.26
2.8 -9.15 -1.9 1.26
2.9 -9.15 -1.9 1.26
3.0 -9.15 -1.9 1.26
3.1 -9.15 -1.9 1.26
3.2 -10.1 -1.76 1.23
3.3 -10.1 -1.76 1.23
3.4 -10.3 -1.73 1.23
3.5 -10.3 -1.73 1.23
3.6 -10.5 -1.7 1.24
3.7 -10.5 -1.7 1.24
3.8 -10.7 -1.67 1.25
3.9 -10.9 -1.65 1.26
4.0 -11.1 -1.62 1.27
4.1 -11.3 -1.59 1.28
4.2 -11.5 -1.55 1.29
4.3 -11.7 -1.52 1.3
4.4 -11.9 -1.48 1.31
4.5 -12.1 -1.44 1.32
4.6 -12.3 -1.4 1.33
4.7 -12.5 -1.37 1.33
4.8 -12.7 -1.33 1.34
4.9 -12.9 -1.3 1.34
5.0 -13.0 -1.27 1.34
5.1 -13.2 -1.23 1.34
5.2 -13.3 -1.2 1.34
5.3 -13.5 -1.17 1.34
5.4 -13.7 -1.14 1.34
5.5 -13.8 -1.11 1.34
5.6 -22.5 6.04 5.53
5.7 -22.5 6.0 5.52
5.8 -23.9 6.62 6.24
5.9 -29.4 8.29 9.07
6.0 -30.5 8.43 9.65
6.1 -33.0 8.52 11.1
6.2 -36.5 7.91 13.4
6.3 -36.5 7.09 15.5
6.4 -36.5 -0.0239 26.9
6.5 -36.3 -0.0467 26.9
6.6 -36.4 -0.202 27.0
6.7 -36.5 -1.27 28.0
6.8 -36.5 -2.86 29.4
6.9 -36.3 -5.74 31.7
7.0 -36.4 -6.96 32.6
7.1 -35.0 -9.84 34.8
7.2 -34.7 -11.1 35.8
7.3 -33.4 -13.0 37.3
7.4 -32.6 -14.2 38.4
7.5 -31.2 -15.7 39.7
7.6 -25.5 -18.0 42.8
7.7 -25.4 -17.8 42.7
7.8 -23.9 -18.3 43.6
7.9 -22.1 -18.7 44.7
8.0 -20.0 -18.7 45.7
8.1 -17.8 -18.5 46.8
8.2 -13.3 1.07 46.8
8.3 -13.3 1.17 46.7
8.4 -13.2 1.51 46.2
8.5 -13.2 1.58 46.1
8.6 -13.2 1.65 46.0
8.7 -13.3 1.87 45.5
8.8 -13.3 1.92 45.4
8.9 -13.4 1.96 45.3
9.0 -13.5 2.1 44.8
9.1 -13.5 2.13 44.7
9.2 -14.6 1.08 43.1
9.3 -19.0 9.47 29.5
9.4 -19.0 9.42 29.4
9.5 -19.1 9.21 29.1
9.6 -19.1 9.15 29.1
9.7 -19.1 8.87 28.8
9.8 -19.1 8.8 28.7
9.9 -19.1 8.48 28.5
10.0 -19.1 8.4 28.4
10.1 -19.2 8.04 28.1
10.2 -19.2 7.95 28.1
10.3 -19.2 7.56 27.8
10.4 -18.2 7.06 26.9
10.5 -16.0 6.04 24.8
10.6 -17.3 6.19 25.0
10.7 -18.1 6.18 24.8
10.8 -28.2 5.5 20.0
10.9 -28.1 5.41 20.0
11.0 -28.1 5.33 20.0
11.1 -28.0 5.24 20.0
11.2 -28.0 5.07 19.9
11.3 -29.7 3.0 19.2
11.4 -30.4 1.84 18.6
11.5 -31.7 -1.22 17.5
11.6 -30.3 -5.71 12.0
11.7 -30.2 -5.83 12.0
11.8 -30.1 -7.95 12.0
11.9 -29.7 -9.81 12.1
12.0 -29.4 -11.0 12.1
12.1 -28.3 -13.4 12.1
12.2 -27.6 -14.6 12.1
12.3 -25.7 -16.6 12.0
12.4 -24.6 -17.7 12.0
12.5 -22.0 -19.2 11.9
12.6 -19.5 -20.0 11.8
12.7 -8.28 -8.29 7.26
12.8 -8.3 -8.17 7.28
12.9 -8.34 -8.05 7.31
13.0 -8.39 -7.92 7.34
13.1 -7.65 -7.8 7.32
13.2 -7.31 -7.75 7.29
13.3 -6.95 -7.66 7.26
13.4 -0.175 -3.19 3.47
13.5 -0.175 -3.19 3.47
13.6 -0.175 -3.19 3.47
13.7 -0.175 -3.19 3.47
13.8 -0.175 -3.19 3.47
13.9 -0.175 -3.19 3.47
14.0 0.661 5.47 1.42
14.1 -31.0 17.7 7.52
14.2 -30.9 17.8 7.55
14.3 -30.8 18.2 7.53
14.4 -30.8 18.1 7.56
14.5 -30.7 18.0 7.6
14.6 -30.7 18.0 7.48
14.7 -30.7 17.8 7.16
14.8 -30.6 17.8 7.06
14.9 -28.8 13.5 0.0
15.0 -28.8 13.5 3.4e-18
15.1 -18.1 -6.6 7.87e-16
15.2 -19.2 -5.74 3.84e-17
15.3 -19.2 -5.75 0.0
15.4 -19.7 -5.53 2.08e-18
15.5 -19.7 -5.53 0.0
15.6 -20.3 -5.41 5.02e-19
15.7 -20.3 -5.41 0.0
15.8 -20.8 -5.35 0.0
15.9 -20.7 -5.3 2.25e-17
16.0 -20.7 -5.22 0.0
16.1 -20.6 -5.1 2.18e-18
16.2 -20.5 -5.0 0.0
16.3 -20.5 -4.97 5.33e-19
16.4 -20.5 -4.94 4.43e-19
16.5 -20.5 -4.94 4.43e-19
16.6 -20.5 -4.94 4.43e-19
16.7 -20.5 -4.94 4.43e-19
16.8 -20.5 -4.94 4.43e-19
16.9 -20.5 -4.94 4.43e-19
17.0 -24.7 -5.09 0.000143
17.1 -24.7 -5.09 0.000282
17.2 -19.7 -29.3 7.18
17.3 -18.5 -31.6 7.92
17.4 -17.8 -30.1 10.0
17.5 -17.6 -25.8 12.7
17.6 -16.6 -24.8 13.4
17.7 -14.6 -25.9 13.9
17.8 -14.8 -24.2 14.1
17.9 -14.8 -23.9 14.1
18.0 -7.03 14.9 22.1
18.1 -7.12 15.1 22.7
18.2 -7.4 15.3 23.3
18.3 -7.85 15.4 23.6
18.4 -8.38 15.4 24.0
18.5 -9.04 15.3 24.3
18.6 -9.62 15.1 24.6
18.7 -10.5 14.5 25.2
18.8 -11.1 14.2 25.4
18.9 -11.9 13.6 25.7
19.0 -12.5 13.0 25.9
19.1 -13.1 12.4 26.0
19.2 -13.6 11.7 26.1
19.3 -13.9 11.1 26.2
19.4 -14.2 10.5 26.5
19.5 -14.2 10.4 26.7
19.6 -14.2 10.2 26.8
19.7 -15.0 6.35 28.6
19.8 -15.3 6.86 28.8
19.9 -15.6 7.41 29.1
20.0 -16.8 8.62 29.7
20.1 -17.2 9.14 30.0
20.2 -19.0 10.1 30.8
20.3 -20.5 10.5 31.3
20.4 -21.2 10.8 31.6
20.5 -22.7 11.0 32.1
20.6 -23.9 10.2 33.0
20.7 -30.2 2.64 37.5
20.8 -30.1 2.53 37.4
20.9 -30.0 2.4 37.4
21.0 -29.9 2.26 37.2
21.1 -28.0 2.5 36.8
21.2 -27.0 2.66 36.5
21.3 -26.1 2.91 36.2
21.4 -25.3 3.32 35.9
21.5 -25.2 2.74 36.0
21.6 -24.7 1.49 36.2
21.7 -19.5 -17.0 35.5
21.8 -18.9 -15.6 35.1
21.9 -18.7 -14.8 34.7
22.0 -18.4 -13.1 34.1
22.1 -18.0 -3.47 24.1
22.2 -18.0 -3.44 24.1
22.3 -18.0 -3.4 24.0
22.4 -18.0 -3.36 24.0
22.5 -18.0 -3.36 24.0
22.6 -18.0 -3.11 23.7
22.7 -18.0 -3.06 23.7
22.8 -18.0 -3.06 23.7
22.9 -18.0 -3.02 23.6
23.0 -18.0 -2.97 22.5
23.1 -18.5 -0.744 2.65e-15
23.2 -18.0 -0.739 0.169
23.3 -16.9 -0.578 0.63
23.4 -16.2 -0.403 0.891
23.5 -14.7 0.217 1.63
23.6 -14.2 0.483 1.86
23.7 -13.2 1.25 2.48
23.8 -12.9 1.6 2.71
23.9 -12.5 1.99 2.94
24.0 -12.0 3.12 3.65
24.1 -11.8 3.63 3.91
24.2 -11.6 5.07 4.79
24.3 -11.5 5.65 5.1
24.4 -11.6 6.26 5.43
24.5 -17.8 4.28 11.7
24.6 -18.2 4.96 12.2
24.7 -18.3 5.15 12.3
24.8 -18.6 5.51 12.6
24.9 -18.8 5.66 12.7
25.0 -19.1 5.91 12.9
25.1 -19.6 6.1 13.3
25.2 -19.9 6.24 13.5
25.3 -20.2 6.31 13.6
25.4 -21.1 6.21 14.2
25.5 -21.1 6.16 14.2
25.6 -21.6 6.08 14.5
25.7 -21.9 6.01 14.6
25.8 -22.3 5.81 14.9
25.9 -22.6 5.61 15.1
26.0 -22.8 5.44 15.2
26.1 -23.0 5.25 15.4
26.2 -23.2 5.04 15.5
26.3 -22.7 4.02 16.0
26.4 -21.8 4.1 16.4
26.5 -20.9 4.21 16.7
26.6 -16.0 -0.618 23.0
26.7 -16.0 -0.618 23.0
26.8 -16.0 -0.619 23.0
26.9 -16.0 -0.619 23.0
27.0 -16.0 -0.619 23.0
27.1 -14.4 3.57 22.6
27.2 -14.4 3.57 22.6
27.3 -14.5 3.35 22.5
27.4 -14.6 3.3 22.5
27.5 -14.6 3.3 22.5
27.6 -14.6 3.24 22.5
27.7 -14.7 3.19 22.5
27.8 -14.8 3.13 22.5
27.9 -14.8 3.08 22.4
28.0 -14.9 3.02 22.4
28.1 -15.0 2.97 22.4
28.2 -15.0 2.91 22.4
28.3 -15.1 2.85 22.4
28.4 -15.2 2.79 22.4
28.5 -15.3 2.72 22.3
28.6 -15.3 2.66 22.3
28.7 -15.4 2.6 22.3
28.8 -15.5 2.54 22.3
28.9 -15.6 2.48 22.3
29.0 -15.7 2.42 22.2
29.1 -15.7 2.37 22.2
29.2 -15.8 2.32 22.2
29.3 -16.9 1.19 22.1
29.4 -17.0 1.15 22.0
29.5 -17.3 0.603 22.0
29.6 -17.7 -0.115 21.9
29.7 -17.7 -0.137 21.9
29.8 -17.8 -0.341 21.8
29.9 -17.9 -0.638 21.8
30.0 -17.9 -0.653 21.8
30.1 -17.9 -0.667 21.8
30.2 -18.0 -0.679 21.8
30.3 -18.0 -0.689 21.7
30.4 -18.1 -0.698 21.7
30.5 -18.1 -0.704 21.7
30.6 -18.1 -0.71 21.7
30.7 -18.2 -0.714 21.7
30.8 -18.2 -0.717 21.7
30.9 -18.2 -0.718 21.6
31.0 -18.3 -0.719 21.6
31.1 -18.3 -0.719 21.6
31.2 -18.3 -0.717 21.6
31.3 -18.4 -0.715 21.6
31.4 -18.4 -0.711 21.5
31.5 -18.4 -0.706 21.5
31.6 -18.5 -0.7 21.5
31.7 -18.6 -0.681 21.4
31.8 -18.6 -0.675 21.4
31.9 -18.6 -0.669 21.4
32.0 -18.6 -0.661 21.4
32.1 -18.7 -0.63 20.9
32.2 -18.7 -0.62 20.5
32.3 -21.4 -0.78 0.0
32.4 -21.4 -0.777 0.0
32.5 -21.4 -0.755 9.03e-17
32.6 -21.4 -0.726 0.0
32.7 -21.4 -0.726 2.66e-19
32.8 -21.4 -0.726 2.66e-19
32.9 -21.4 -0.687 0.0
33.0 -21.3 -0.65 1.97e-18
33.1 -21.3 -0.646 3.69e-17
33.2 -21.3 -0.643 3.24e-18
33.3 -21.7 -1.73 2.88e-16
33.4 -21.7 -1.72 1.55e-17
33.5 -21.7 -1.72 1.91e-17
33.6 -21.7 -1.72 1.7e-16
33.7 -21.6 -1.65 5.77e-17
33.8 -21.6 -1.65 0.0
33.9 -21.5 -1.58 4.32e-19
34.0 -21.5 -1.54 0.0
34.1 -21.4 -1.49 2.7e-19
34.2 -21.4 -1.49 0.0
34.3 -21.4 -1.49 0.0
34.4 -21.6 -1.76 0.0
34.5 -21.5 -1.69 0.0
34.6 -21.5 -1.69 0.0
34.7 -21.5 -1.69 0.0
34.8 -21.5 -1.69 0.0
34.9 -17.7 -0.26 0.359
35.0 -17.7 -0.26 0.359
35.1 -17.7 -0.26 0.359
35.2 -5.89 1.04 0.0
35.3 -5.89 1.04 0.0
35.4 -29.6 -36.4 0.0
35.5 -29.6 -36.4 0.0
35.6 -29.6 -36.4 0.0
35.7 -36.5 -19.5 3.05
35.8 -36.2 -24.1 6.85
35.9 -33.8 -10.5 13.2
36.0 -33.7 -10.3 13.2
36.1 -33.7 -10.6 13.4
36.2 -29.5 -16.1 19.6
36.3 -28.9 -15.1 19.6
36.4 -24.4 -12.9 22.1
36.5 -23.8 -13.9 23.1
36.6 -22.0 -15.7 25.3
36.7 -20.0 -16.7 27.5
36.8 -3.06 -11.2 43.2
36.9 -3.14 -10.9 43.1
37.0 -3.58 -9.91 42.8
37.1 -3.69 -9.71 42.7
37.2 -10.7 2.07 38.4
37.3 -10.8 2.19 38.3
37.4 -10.1 2.45 39.0
37.5 -9.59 3.37 39.8
37.6 -9.26 3.83 40.3
37.7 -8.95 4.43 40.9
37.8 -8.73 5.11 41.5
37.9 -8.59 5.85 42.1
38.0 -9.01 9.35 41.9
38.1 -9.83 12.2 41.5
38.2 -27.3 29.1 30.6
38.3 -27.3 28.9 30.5
38.4 -29.3 29.0 28.8
38.5 -31.7 28.9 26.6
38.6 -36.5 27.3 21.6
38.7 -36.5 26.4 17.3
38.8 -36.5 18.0 5.37e-15
38.9 -36.3 18.1 1.35
39.0 -9.69 -4.78 24.6
39.1 -10.6 -4.42 25.5
39.2 -11.5 -4.2 26.3
39.3 -12.3 -4.12 26.9
39.4 -13.2 -4.12 27.5
39.5 -13.3 -4.16 27.4
39.6 -13.5 -4.26 27.3
39.7 -13.5 -4.28 27.2
39.8 -13.6 -4.29 27.2
39.9 -13.8 -4.32 27.1
40.0 -13.9 -4.32 27.0
40.1 -13.9 -4.32 27.0
40.2 -14.2 -4.28 26.8
40.3 -14.3 -4.27 26.8
40.4 -14.3 -4.25 26.8
40.5 -14.4 -4.22 26.7
40.6 -14.7 -4.13 26.6
40.7 -14.7 -4.1 26.6
40.8 -14.8 -4.07 26.5
40.9 -14.9 -4.03 26.5
41.0 -14.9 -3.99 26.5
41.1 -15.0 -3.95 26.4
41.2 -15.1 -3.91 26.4
41.3 -15.1 -3.87 26.3
41.4 -15.2 -3.82 26.3
41.5 -15.3 -3.77 26.3
41.6 -15.4 -3.72 26.2
41.7 -15.4 -3.67 26.2
41.8 -15.5 -3.62 26.2
41.9 -15.6 -3.57 26.1
42.0 -15.6 -3.52 26.1
42.1 -15.7 -3.46 26.1
42.2 -15.8 -3.41 26.0
42.3 -15.8 -3.36 26.0
42.4 -18.8 -2.04 24.5
42.5 -18.9 -2.0 24.5
42.6 -20.1 -1.72 23.9
42.7 -20.6 -1.63 23.7
42.8 -21.3 -1.6 23.3
42.9 -21.3 -1.56 23.3
43.0 -21.4 -1.51 23.2
43.1 -21.5 -1.54 23.1
43.2 -21.5 -1.5 23.1
43.3 -21.6 -1.0 23.0
43.4 -21.9 0.605 22.8
43.5 -22.8 2.5 22.3
43.6 -23.9 3.96 21.8
43.7 -24.9 4.81 21.3
43.8 -26.3 4.37 20.1
43.9 -26.9 4.98 20.0
44.0 -27.4 5.32 19.8
44.1 -27.7 5.28 19.5
44.2 -28.0 4.76 19.0
44.3 -28.1 4.1 18.4
44.4 -28.1 3.6 18.0
44.5 -28.0 3.1 17.3
44.6 -27.8 2.51 16.8
44.7 -34.2 7.72 10.3
44.8 -34.2 7.72 10.3
44.9 -34.2 7.72 10.3
45.0 -35.1 6.65 9.87
45.1 -34.3 5.53 9.75
45.2 -34.0 4.22 9.49
45.3 -33.8 1.92 8.94
45.4 -17.2 -12.1 8.08
45.5 -16.9 -11.8 8.2
45.6 -16.8 -11.8 8.24
45.7 -16.6 -11.4 8.37
45.8 -16.5 -11.3 8.4
45.9 -16.5 -11.2 8.44
46.0 -16.4 -11.1 8.48
46.1 -16.4 -10.9 8.53
46.2 -16.4 -10.7 8.58
46.3 -16.3 -10.6 8.62
46.4 -16.3 -10.4 8.67
46.5 -16.3 -10.3 8.71
46.6 -16.3 -10.1 8.76
46.7 -16.3 -9.92 8.8
46.8 -16.3 -9.74 8.85
46.9 -16.4 -9.56 8.89
47.0 -16.4 -9.56 8.89
47.1 -16.4 -9.42 8.93
47.2 -16.4 -9.23 8.97
47.3 -16.4 -9.23 8.97
47.4 -16.4 -9.09 9.01
47.5 -15.4 -7.48 8.74
47.6 -11.1 1.61 6.28
47.7 -11.2 1.67 6.33
47.8 -11.2 1.67 6.33
47.9 -11.3 1.73 6.37
48.0 -12.5 2.27 6.93
48.1 -12.5 2.27 6.93
48.2 -12.6 2.3 6.98
48.3 -12.7 2.48 6.95
48.4 -13.5 3.56 6.85
48.5 -21.1 11.2 6.32
48.6 -21.1 11.2 6.32
48.7 -21.1 11.1 6.36
48.8 -21.1 11.1 6.36
48.9 -21.1 11.0 6.41
49.0 -21.1 11.0 6.41
49.1 -21.1 10.9 6.46
49.2 -21.1 10.9 6.46
49.3 -21.1 10.8 6.51
49.4 -21.1 10.8 6.51
49.5 -21.1 10.8 6.51
49.6 -21.1 10.8 6.52
49.7 -21.6 10.4 6.5
49.8 -22.5 9.24 6.47
49.9 -23.3 7.92 6.45
