0.0 2.41 2.46 3.0
0.1 2.42 2.47 2.98
0.2 2.44 2.49 2.95
0.3 2.46 2.5 2.92
0.4 2.49 2.52 2.88
0.5 2.52 2.55 2.85
0.6 2.55 2.57 2.82
0.7 2.59 2.6 2.8
0.8 2.62 2.63 2.79
0.9 2.66 2.67 2.78
1.0 2.69 2.7 2.78
1.1 2.72 2.74 2.79
1.2 2.76 2.77 2.8
1.3 2.79 2.82 2.81
1.4 2.82 2.86 2.83
1.5 2.86 2.91 2.85
1.6 2.89 2.95 2.88
1.7 2.92 3.0 2.9
1.8 2.96 3.05 2.93
1.9 2.99 3.09 2.96
2.0 3.02 3.14 2.99
2.1 3.05 3.17 3.02
2.2 3.07 3.21 3.05
2.3 3.09 3.24 3.07
2.4 3.1 3.26 3.1
2.5 3.11 3.27 3.12
2.6 3.11 3.28 3.13
2.7 3.11 3.28 3.15
2.8 3.1 3.29 3.16
2.9 3.09 3.29 3.17
3.0 3.07 3.29 3.18
3.1 3.06 3.29 3.18
3.2 3.03 3.29 3.19
3.3 3.01 3.29 3.19
3.4 2.98 3.3 3.19
3.5 2.95 3.31 3.19
3.6 2.91 3.32 3.18
3.7 2.88 3.33 3.18
3.8 2.84 3.35 3.18
3.9 2.81 3.37 3.17
4.0 2.77 3.38 3.17
4.1 2.74 3.4 3.17
4.2 2.7 3.42 3.17
4.3 2.67 3.44 3.18
4.4 2.64 3.45 3.18
4.5 2.61 3.46 3.18
4.6 2.58 3.48 3.19
4.7 2.55 3.49 3.2
4.8 2.53 3.49 3.2
4.9 2.51 3.5 3.21
5.0 2.49 3.5 3.22
5.1 2.47 3.5 3.22
5.2 2.45 3.49 3.23
5.3 2.44 3.48 3.23
5.4 2.43 3.47 3.24
5.5 2.42 3.46 3.24
5.6 2.41 3.45 3.24
5.7 2.39 3.44 3.25
5.8 2.38 3.43 3.25
5.9 2.36 3.41 3.24
6.0 2.34 3.4 3.24
6.1 2.31 3.39 3.24
6.2 2.28 3.38 3.24
6.3 2.24 3.37 3.23
6.4 2.2 3.36 3.23
6.5 2.15 3.35 3.22
6.6 2.1 3.34 3.22
6.7 2.04 3.33 3.21
6.8 1.99 3.32 3.21
6.9 1.93 3.31 3.2
7.0 1.86 3.31 3.2
7.1 1.8 3.3 3.2
7.2 1.74 3.29 3.19
7.3 1.67 3.28 3.19
7.4 1.61 3.28 3.19
7.5 1.54 3.27 3.19
7.6 1.48 3.26 3.19
7.7 1.41 3.26 3.19
7.8 1.35 3.25 3.19
7.9 1.29 3.24 3.19
8.0 1.22 3.24 3.19
8.1 1.17 3.23 3.19
8.2 1.11 3.2 3.19
8.3 1.06 3.17 3.18
8.4 1.0 3.13 3.18
8.5 0.952 3.09 3.17
8.6 0.902 3.04 3.17
8.7 0.855 2.99 3.17
8.8 0.809 2.93 3.17
8.9 0.765 2.88 3.18
9.0 0.724 2.82 3.19
9.1 0.686 2.77 3.2
9.2 0.652 2.72 3.21
9.3 0.62 2.67 3.22
9.4 0.591 2.61 3.23
9.5 0.565 2.56 3.23
9.6 0.543 2.51 3.24
9.7 0.524 2.46 3.25
9.8 0.507 2.42 3.25
9.9 0.493 2.37 3.26
10.0 0.481 2.33 3.27
10.1 0.471 2.29 3.28
10.2 0.462 2.25 3.3
10.3 0.456 2.22 3.31
10.4 0.453 2.19 3.33
10.5 0.454 2.17 3.35
10.6 0.459 2.14 3.37
10.7 0.467 2.12 3.39
10.8 0.478 2.1 3.41
10.9 0.491 2.08 3.43
11.0 0.506 2.06 3.45
11.1 0.524 2.05 3.47
11.2 0.545 2.03 3.49
11.3 0.567 2.02 3.51
11.4 0.592 2.0 3.53
11.5 0.619 1.99 3.55
11.6 0.648 1.98 3.56
11.7 0.679 1.97 3.57
11.8 0.711 1.97 3.58
11.9 0.745 1.96 3.59
12.0 0.778 1.96 3.6
12.1 0.812 1.96 3.61
12.2 0.845 1.95 3.62
12.3 0.878 1.95 3.63
12.4 0.911 1.96 3.63
12.5 0.943 1.96 3.64
12.6 0.977 1.96 3.64
12.7 1.01 1.97 3.63
12.8 1.05 1.97 3.62
12.9 1.09 1.98 3.59
13.0 1.14 1.98 3.56
13.1 1.18 1.98 3.53
13.2 1.22 1.97 3.5
13.3 1.26 1.97 3.46
13.4 1.3 1.96 3.42
13.5 1.33 1.95 3.39
13.6 1.37 1.94 3.35
13.7 1.4 1.94 3.32
13.8 1.43 1.93 3.29
13.9 1.47 1.92 3.26
14.0 1.51 1.92 3.23
14.1 1.55 1.92 3.21
14.2 1.61 1.93 3.19
14.3 1.66 1.93 3.18
14.4 1.72 1.94 3.16
14.5 1.77 1.95 3.15
14.6 1.81 1.97 3.13
14.7 1.85 1.99 3.12
14.8 1.87 2.01 3.11
14.9 1.89 2.03 3.1
15.0 1.91 2.06 3.08
15.1 1.94 2.09 3.06
15.2 1.98 2.1 3.05
15.3 2.02 2.12 3.03
15.4 2.07 2.13 3.02
15.5 2.12 2.13 3.01
15.6 2.17 2.14 2.99
15.7 2.23 2.14 2.99
15.8 2.29 2.14 2.98
15.9 2.34 2.13 2.98
16.0 2.39 2.13 2.98
16.1 2.44 2.14 2.99
16.2 2.48 2.14 2.99
16.3 2.52 2.15 3.0
16.4 2.55 2.15 3.01
16.5 2.57 2.17 3.02
16.6 2.59 2.18 3.03
16.7 2.61 2.2 3.04
16.8 2.62 2.22 3.06
16.9 2.63 2.25 3.07
17.0 2.64 2.28 3.09
17.1 2.65 2.32 3.1
17.2 2.64 2.36 3.11
17.3 2.62 2.41 3.12
17.4 2.6 2.45 3.12
17.5 2.57 2.5 3.13
17.6 2.53 2.55 3.12
17.7 2.48 2.6 3.12
17.8 2.43 2.65 3.12
17.9 2.35 2.7 3.12
18.0 2.24 2.73 3.12
18.1 2.09 2.77 3.12
18.2 1.89 2.8 3.13
18.3 1.66 2.82 3.14
18.4 1.45 2.84 3.15
18.5 1.32 2.85 3.16
18.6 1.29 2.86 3.17
18.7 1.35 2.87 3.19
18.8 1.45 2.88 3.2
18.9 1.57 2.88 3.21
19.0 1.66 2.89 3.23
19.1 1.73 2.89 3.24
19.2 1.76 2.9 3.25
19.3 1.76 2.9 3.27
19.4 1.74 2.91 3.28
19.5 1.71 2.91 3.3
19.6 1.66 2.91 3.31
19.7 1.62 2.91 3.33
19.8 1.57 2.91 3.34
19.9 1.52 2.9 3.36
20.0 1.47 2.89 3.37
20.1 1.42 2.88 3.39
20.2 1.37 2.86 3.41
20.3 1.32 2.85 3.43
20.4 1.28 2.84 3.45
20.5 1.23 2.82 3.46
20.6 1.19 2.81 3.48
20.7 1.15 2.79 3.5
20.8 1.1 2.77 3.52
20.9 1.06 2.75 3.54
21.0 1.02 2.73 3.57
21.1 0.981 2.7 3.59
21.2 0.942 2.68 3.61
21.3 0.905 2.66 3.63
21.4 0.869 2.64 3.65
21.5 0.836 2.61 3.67
21.6 0.803 2.59 3.69
21.7 0.771 2.56 3.7
21.8 0.739 2.53 3.7
21.9 0.705 2.5 3.71
22.0 0.672 2.47 3.7
22.1 0.641 2.44 3.7
22.2 0.612 2.4 3.68
22.3 0.584 2.37 3.67
22.4 0.557 2.33 3.65
22.5 0.531 2.29 3.64
22.6 0.506 2.25 3.63
22.7 0.483 2.21 3.62
22.8 0.46 2.17 3.61
22.9 0.438 2.13 3.61
23.0 0.419 2.09 3.61
23.1 0.405 2.07 3.61
23.2 0.393 2.05 3.6
23.3 0.385 2.04 3.6
23.4 0.378 2.03 3.59
23.5 0.373 2.04 3.58
23.6 0.37 2.04 3.57
23.7 0.366 2.05 3.56
23.8 0.364 2.07 3.55
23.9 0.361 2.09 3.54
24.0 0.359 2.11 3.52
24.1 0.357 2.13 3.5
24.2 0.354 2.16 3.49
24.3 0.353 2.19 3.47
24.4 0.351 2.23 3.45
24.5 0.35 2.25 3.43
24.6 0.349 2.27 3.42
24.7 0.349 2.29 3.4
24.8 0.349 2.3 3.38
24.9 0.35 2.31 3.37
25.0 0.351 2.31 3.36
25.1 0.352 2.31 3.36
25.2 0.355 2.31 3.36
25.3 0.358 2.31 3.37
25.4 0.361 2.31 3.37
25.5 0.366 2.3 3.39
25.6 0.372 2.3 3.4
25.7 0.378 2.3 3.42
25.8 0.386 2.31 3.44
25.9 0.394 2.32 3.47
26.0 0.404 2.33 3.49
26.1 0.414 2.35 3.51
26.2 0.425 2.37 3.53
26.3 0.436 2.39 3.55
26.4 0.449 2.42 3.56
26.5 0.463 2.45 3.57
26.6 0.477 2.48 3.57
26.7 0.492 2.51 3.58
26.8 0.507 2.53 3.57
26.9 0.523 2.56 3.57
27.0 0.539 2.58 3.56
27.1 0.555 2.6 3.55
27.2 0.572 2.61 3.54
27.3 0.592 2.62 3.53
27.4 0.614 2.62 3.52
27.5 0.637 2.62 3.5
27.6 0.661 2.61 3.49
27.7 0.684 2.6 3.47
27.8 0.707 2.58 3.46
27.9 0.727 2.56 3.45
28.0 0.746 2.54 3.44
28.1 0.763 2.52 3.43
28.2 0.776 2.5 3.42
28.3 0.788 2.47 3.41
28.4 0.796 2.45 3.4
28.5 0.802 2.43 3.4
28.6 0.806 2.41 3.39
28.7 0.808 2.39 3.39
28.8 0.808 2.37 3.39
28.9 0.807 2.36 3.39
29.0 0.805 2.34 3.39
29.1 0.802 2.34 3.39
29.2 0.8 2.33 3.39
29.3 0.798 2.33 3.39
29.4 0.797 2.32 3.39
29.5 0.797 2.32 3.38
29.6 0.799 2.32 3.38
29.7 0.803 2.32 3.37
29.8 0.809 2.32 3.36
29.9 0.817 2.32 3.36
30.0 0.828 2.32 3.35
30.1 0.84 2.32 3.33
30.2 0.855 2.32 3.32
30.3 0.872 2.32 3.31
30.4 0.891 2.31 3.3
30.5 0.912 2.31 3.28
30.6 0.934 2.3 3.27
30.7 0.957 2.3 3.26
30.8 0.982 2.29 3.24
30.9 1.01 2.28 3.23
31.0 1.03 2.27 3.22
31.1 1.06 2.26 3.21
31.2 1.09 2.25 3.2
31.3 1.12 2.24 3.19
31.4 1.14 2.23 3.18
31.5 1.17 2.22 3.17
31.6 1.2 2.21 3.17
31.7 1.22 2.2 3.16
31.8 1.24 2.19 3.15
31.9 1.26 2.18 3.15
32.0 1.29 2.17 3.14
32.1 1.31 2.16 3.14
32.2 1.32 2.15 3.13
32.3 1.35 2.15 3.13
32.4 1.37 2.15 3.12
32.5 1.39 2.16 3.11
32.6 1.42 2.17 3.11
32.7 1.45 2.17 3.1
32.8 1.47 2.18 3.09
32.9 1.5 2.2 3.09
33.0 1.53 2.21 3.08
33.1 1.56 2.22 3.07
33.2 1.59 2.24 3.06
33.3 1.62 2.25 3.06
33.4 1.65 2.27 3.05
33.5 1.68 2.29 3.05
33.6 1.71 2.3 3.04
33.7 1.74 2.32 3.04
33.8 1.77 2.34 3.03
33.9 1.79 2.36 3.03
34.0 1.82 2.38 3.03
34.1 1.84 2.41 3.02
34.2 1.86 2.43 3.02
34.3 1.88 2.46 3.02
34.4 1.9 2.49 3.01
34.5 1.92 2.52 3.01
34.6 1.93 2.55 3.0
34.7 1.95 2.58 3.0
34.8 1.96 2.61 2.99
34.9 1.96 2.64 2.99
35.0 1.97 2.67 2.98
35.1 1.97 2.7 2.98
35.2 1.97 2.73 2.97
35.3 1.97 2.75 2.97
35.4 1.97 2.75 2.97
35.5 1.97 2.74 2.97
35.6 1.94 2.73 2.96
35.7 1.9 2.72 2.96
35.8 1.86 2.71 2.96
35.9 1.84 2.71 2.96
36.0 1.84 2.71 2.95
36.1 1.84 2.72 2.95
36.2 1.83 2.72 2.94
36.3 1.81 2.73 2.93
36.4 1.78 2.74 2.92
36.5 1.73 2.74 2.92
36.6 1.68 2.74 2.92
36.7 1.62 2.74 2.91
36.8 1.56 2.73 2.92
36.9 1.5 2.72 2.92
37.0 1.44 2.7 2.93
37.1 1.37 2.69 2.94
37.2 1.31 2.68 2.94
37.3 1.24 2.68 2.95
37.4 1.18 2.67 2.95
37.5 1.12 2.67 2.95
37.6 1.07 2.66 2.94
37.7 1.01 2.65 2.93
37.8 0.957 2.63 2.91
37.9 0.905 2.61 2.89
38.0 0.853 2.58 2.87
38.1 0.804 2.54 2.85
38.2 0.757 2.49 2.83
38.3 0.713 2.45 2.81
38.4 0.669 2.39 2.8
38.5 0.627 2.34 2.78
38.6 0.587 2.3 2.78
38.7 0.55 2.26 2.78
38.8 0.517 2.23 2.78
38.9 0.487 2.22 2.78
39.0 0.461 2.21 2.79
39.1 0.437 2.21 2.8
39.2 0.418 2.22 2.81
39.3 0.402 2.22 2.83
39.4 0.39 2.23 2.84
39.5 0.383 2.24 2.85
39.6 0.381 2.24 2.86
39.7 0.382 2.25 2.86
39.8 0.388 2.24 2.87
39.9 0.398 2.24 2.87
40.0 0.411 2.22 2.88
40.1 0.428 2.21 2.88
40.2 0.447 2.19 2.88
40.3 0.468 2.16 2.89
40.4 0.491 2.13 2.89
40.5 0.516 2.1 2.89
40.6 0.541 2.07 2.89
40.7 0.567 2.04 2.9
40.8 0.592 2.0 2.9
40.9 0.617 1.97 2.9
41.0 0.641 1.94 2.91
41.1 0.663 1.91 2.92
41.2 0.684 1.88 2.93
41.3 0.703 1.85 2.94
41.4 0.721 1.82 2.95
41.5 0.737 1.8 2.97
41.6 0.752 1.78 2.99
41.7 0.766 1.77 3.01
41.8 0.779 1.76 3.03
41.9 0.792 1.75 3.05
42.0 0.804 1.75 3.08
42.1 0.816 1.75 3.11
42.2 0.828 1.76 3.14
42.3 0.841 1.77 3.18
42.4 0.856 1.78 3.21
42.5 0.874 1.79 3.25
42.6 0.893 1.8 3.29
42.7 0.916 1.81 3.32
42.8 0.942 1.82 3.36
42.9 0.971 1.82 3.4
43.0 1.0 1.82 3.43
43.1 1.04 1.82 3.46
43.2 1.07 1.82 3.49
43.3 1.11 1.81 3.51
43.4 1.15 1.8 3.54
43.5 1.2 1.78 3.56
43.6 1.24 1.77 3.57
43.7 1.28 1.76 3.58
43.8 1.32 1.75 3.59
43.9 1.36 1.74 3.6
44.0 1.4 1.73 3.6
44.1 1.44 1.72 3.59
44.2 1.47 1.71 3.59
44.3 1.5 1.71 3.58
44.4 1.53 1.7 3.57
44.5 1.55 1.7 3.55
44.6 1.57 1.69 3.53
44.7 1.59 1.69 3.5
44.8 1.6 1.69 3.46
44.9 1.61 1.68 3.41
45.0 1.62 1.67 3.37
45.1 1.63 1.66 3.32
45.2 1.64 1.65 3.28
45.3 1.65 1.65 3.23
45.4 1.67 1.64 3.2
45.5 1.69 1.64 3.16
45.6 1.71 1.63 3.12
45.7 1.73 1.63 3.07
45.8 1.75 1.62 3.03
45.9 1.78 1.62 2.98
46.0 1.8 1.61 2.93
46.1 1.82 1.6 2.88
46.2 1.84 1.59 2.82
46.3 1.86 1.58 2.77
46.4 1.88 1.57 2.71
46.5 1.9 1.55 2.65
46.6 1.91 1.54 2.6
46.7 1.93 1.52 2.55
46.8 1.94 1.5 2.5
46.9 1.96 1.49 2.45
47.0 1.97 1.47 2.41
47.1 1.99 1.46 2.38
47.2 2.0 1.44 2.35
47.3 2.02 1.43 2.32
47.4 2.04 1.42 2.31
47.5 2.06 1.42 2.3
47.6 2.08 1.41 2.29
47.7 2.1 1.41 2.29
47.8 2.13 1.4 2.29
47.9 2.15 1.4 2.29
48.0 2.18 1.41 2.29
48.1 2.2 1.42 2.3
48.2 2.23 1.43 2.3
48.3 2.26 1.44 2.3
48.4 2.29 1.45 2.3
48.5 2.31 1.46 2.29
48.6 2.34 1.47 2.29
48.7 2.36 1.48 2.28
48.8 2.39 1.49 2.28
48.9 2.41 1.5 2.28
49.0 2.43 1.51 2.27
49.1 2.44 1.51 2.27
49.2 2.46 1.52 2.27
49.3 2.48 1.52 2.27
49.4 2.49 1.52 2.28
49.5 2.51 1.53 2.29
49.6 2.53 1.53 2.31
49.7 2.55 1.53 2.32
49.8 2.57 1.54 2.34
49.9 2.6 1.55 2.36
