0.0 0.0 0.0 0.000544
0.1 0.0 0.0 0.00263
0.2 0.0 0.0 0.00717
0.3 0.0 0.0 0.0149
0.4 0.0 0.0 0.0265
0.5 0.0 0.0 0.0424
0.6 0.0 0.0 0.0631
0.7 0.0 0.0 0.0889
0.8 0.0 0.0 0.12
0.9 0.0 0.0 0.157
1.0 0.0 0.0 0.199
1.1 0.0 0.0 0.248
1.2 0.0 0.0 0.302
1.3 0.0 0.0 0.363
1.4 0.0 0.0 0.429
1.5 0.0 0.0 0.501
1.6 0.0 0.0 0.58
1.7 0.0 0.0 0.663
1.8 0.0 0.0 0.753
1.9 0.0 0.0 0.846
2.0 0.0 0.0 0.944
2.1 0.0 0.0 1.04
2.2 0.0 0.0 1.15
2.3 0.0 0.0 1.26
2.4 0.0 0.0 1.36
2.5 0.0 0.0 1.48
2.6 0.0 0.0 1.59
2.7 0.0 0.0 1.7
2.8 0.0 0.0 1.82
2.9 0.0 0.0 1.94
3.0 0.0 0.0 2.05
3.1 0.0 0.0 2.17
3.2 0.0 0.0 2.29
3.3 0.0 0.0 2.41
3.4 0.0 0.0 2.53
3.5 0.0 0.0 2.65
3.6 0.0 0.0 2.78
3.7 0.0 0.0 2.9
3.8 0.0 0.0 3.02
3.9 0.0 0.0 3.14
4.0 0.0 0.0 3.27
4.1 0.0 0.0 3.39
4.2 0.0 0.0 3.51
4.3 0.0 0.0 3.64
4.4 0.0 0.0 3.76
4.5 0.0 0.0 3.89
4.6 0.0 0.0 4.01
4.7 0.0 0.0 4.13
4.8 0.0 0.0 4.26
4.9 0.0 0.0 4.38
5.0 0.0 0.0 4.51
5.1 0.0 0.0 4.63
5.2 0.0 0.0 4.76
5.3 0.0 0.0 4.88
5.4 0.0 0.0 5.01
5.5 0.0 0.0 5.13
5.6 0.0 0.0 5.26
5.7 0.0 0.0 5.38
5.8 0.0 0.0 5.51
5.9 0.0 0.0 5.63
6.0 0.0 0.0 5.76
6.1 0.0 0.0 5.88
6.2 0.0 0.0 6.01
6.3 0.0 0.0 6.13
6.4 0.0 0.0 6.26
6.5 0.0 0.0 6.38
6.6 0.0 0.0 6.5
6.7 0.0 0.0 6.63
6.8 0.0 0.0 6.75
6.9 0.0 0.0 6.88
7.0 0.0 0.0 7.0
7.1 0.0 0.0 7.13
7.2 0.0 0.0 7.25
7.3 0.0 0.0 7.38
7.4 0.0 0.0 7.5
7.5 0.0 0.0 7.63
7.6 0.0 0.0 7.75
7.7 0.0 0.0 7.88
7.8 0.0 0.0 8.0
7.9 0.0 0.0 8.13
8.0 0.0 0.0 8.25
8.1 0.0 0.0 8.38
8.2 0.0 0.0 8.5
8.3 0.0 0.0 8.63
8.4 0.0 0.0 8.75
8.5 0.0 0.0 8.88
8.6 0.0 0.0 9.0
8.7 0.0 0.0 9.13
8.8 0.0 0.0 9.25
8.9 0.0 0.0 9.38
9.0 0.0 0.0 9.5
9.1 0.0 0.0 9.63
9.2 0.0 0.0 9.75
9.3 0.0 0.0 9.88
9.4 0.0 0.0 10.0
9.5 0.0 0.0 10.1
9.6 0.0 0.0 10.3
9.7 0.0 0.0 10.4
9.8 0.0 0.0 10.5
9.9 0.0 0.0 10.6
10.0 0.0 0.0 10.8
10.1 0.0 0.0 10.9
10.2 0.0 0.0 11.0
10.3 0.0 0.0 11.1
10.4 0.0 0.0 11.3
10.5 0.0 0.0 11.4
10.6 0.0 0.0 11.5
10.7 0.0 0.0 11.6
10.8 0.0 0.0 11.8
10.9 0.0 0.0 11.9
11.0 0.0 0.0 12.0
11.1 0.0 0.0 12.1
11.2 0.0 0.0 12.3
11.3 0.0 0.0 12.4
11.4 0.0 0.0 12.5
11.5 0.0 0.0 12.6
11.6 0.0 0.0 12.8
11.7 0.0 0.0 12.9
11.8 0.0 0.0 13.0
11.9 0.0 0.0 13.1
12.0 0.0 0.0 13.3
12.1 0.0 0.0 13.4
12.2 0.0 0.0 13.5
12.3 0.0 0.0 13.6
12.4 0.0 0.0 13.8
12.5 0.0 0.0 13.9
12.6 0.0 0.0 14.0
12.7 0.0 0.0 14.1
12.8 0.0 0.0 14.3
12.9 0.0 0.0 14.4
13.0 0.0 0.0 14.5
13.1 0.0 0.0 14.6
13.2 0.0 0.0 14.8
13.3 0.0 0.0 14.9
13.4 0.0 0.0 15.0
13.5 0.0 0.0 15.1
13.6 0.0 0.0 15.3
13.7 0.0 0.0 15.4
13.8 0.0 0.0 15.5
13.9 0.0 0.0 15.6
14.0 0.0 0.0 15.8
14.1 0.0 0.0 15.9
14.2 0.0 0.0 16.0
14.3 0.0 0.0 16.1
14.4 0.0 0.0 16.3
14.5 0.0 0.0 16.4
14.6 0.0 0.0 16.5
14.7 0.0 0.0 16.6
14.8 0.0 0.0 16.8
14.9 0.0 0.0 16.9
15.0 0.0 0.0 17.0
15.1 0.0 0.0 17.1
15.2 0.0 0.0 17.3
15.3 0.0 0.0 17.4
15.4 0.0 0.0 17.5
15.5 0.0 0.0 17.6
15.6 0.0 0.0 17.8
15.7 0.0 0.0 17.9
15.8 0.0 0.0 18.0
15.9 0.0 0.0 18.1
16.0 0.0 0.0 18.3
16.1 0.0 0.0 18.4
16.2 0.0 0.0 18.5
16.3 0.0 0.0 18.6
16.4 0.0 0.0 18.8
16.5 0.0 0.0 18.9
16.6 0.0 0.0 19.0
16.7 0.0 0.0 19.1
16.8 0.0 0.0 19.3
16.9 0.0 0.0 19.4
17.0 0.0 0.0 19.5
17.1 0.0 0.0 19.6
17.2 0.0 0.0 19.8
17.3 0.0 0.0 19.9
17.4 0.0 0.0 20.0
17.5 0.0 0.0 20.1
17.6 0.0 0.0 20.3
17.7 0.0 0.0 20.4
17.8 0.0 0.0 20.5
17.9 0.0 0.0 20.6
18.0 0.0 0.0 20.8
18.1 0.0 0.0 20.9
18.2 0.0 0.0 21.0
18.3 0.0 0.0 21.1
18.4 0.0 0.0 21.3
18.5 0.0 0.0 21.4
18.6 0.0 0.0 21.5
18.7 0.0 0.0 21.6
18.8 0.0 0.0 21.8
18.9 0.0 0.0 21.9
19.0 0.0 0.0 22.0
19.1 0.0 0.0 22.1
19.2 0.0 0.0 22.3
19.3 0.0 0.0 22.4
19.4 0.0 0.0 22.5
19.5 0.0 0.0 22.6
19.6 0.0 0.0 22.8
19.7 0.0 0.0 22.9
19.8 0.0 0.0 23.0
19.9 0.0 0.0 23.1
20.0 0.0 0.0 23.3
20.1 0.0 0.0 23.4
20.2 0.0 0.0 23.5
20.3 0.0 0.0 23.6
20.4 0.0 0.0 23.8
20.5 0.0 0.0 23.9
20.6 0.0 0.0 24.0
20.7 0.0 0.0 24.1
20.8 0.0 0.0 24.3
20.9 0.0 0.0 24.4
21.0 0.0 0.0 24.5
21.1 0.0 0.0 24.6
21.2 0.0 0.0 24.8
21.3 0.0 0.0 24.9
21.4 0.0 0.0 25.0
21.5 0.0 0.0 25.1
21.6 0.0 0.0 25.3
21.7 0.0 0.0 25.4
21.8 0.0 0.0 25.5
21.9 0.0 0.0 25.6
22.0 0.0 0.0 25.8
22.1 0.0 0.0 25.9
22.2 0.0 0.0 26.0
22.3 0.0 0.0 26.1
22.4 0.0 0.0 26.3
22.5 0.0 0.0 26.4
22.6 0.0 0.0 26.5
22.7 0.0 0.0 26.6
22.8 0.0 0.0 26.8
22.9 0.0 0.0 26.9
23.0 0.0 0.0 27.0
23.1 0.0 0.0 27.1
23.2 0.0 0.0 27.3
23.3 0.0 0.0 27.4
23.4 0.0 0.0 27.5
23.5 0.0 0.0 27.6
23.6 0.0 0.0 27.8
23.7 0.0 0.0 27.9
23.8 0.0 0.0 28.0
23.9 0.0 0.0 28.1
24.0 0.0 0.0 28.3
24.1 0.0 0.0 28.4
24.2 0.0 0.0 28.5
24.3 0.0 0.0 28.6
24.4 0.0 0.0 28.8
24.5 0.0 0.0 28.9
24.6 0.0 0.0 29.0
24.7 0.0 0.0 29.1
24.8 0.0 0.0 29.3
24.9 0.0 0.0 29.4
25.0 0.0 0.0 29.5
25.1 0.0 0.0 29.6
25.2 0.0 0.0 29.8
25.3 0.0 0.0 29.9
25.4 0.0 0.0 30.0
25.5 0.0 0.0 30.1
25.6 0.0 0.0 30.3
25.7 0.0 0.0 30.4
25.8 0.0 0.0 30.5
25.9 0.0 0.0 30.6
26.0 0.0 0.0 30.8
26.1 0.0 0.0 30.9
26.2 0.0 0.0 31.0
26.3 0.0 0.0 31.1
26.4 0.0 0.0 31.3
26.5 0.0 0.0 31.4
26.6 0.0 0.0 31.5
26.7 0.0 0.0 31.6
26.8 0.0 0.0 31.8
26.9 0.0 0.0 31.9
27.0 0.0 0.0 32.0
27.1 0.0 0.0 32.1
27.2 0.0 0.0 32.3
27.3 0.0 0.0 32.4
27.4 0.0 0.0 32.5
27.5 0.0 0.0 32.6
27.6 0.0 0.0 32.8
27.7 0.0 0.0 32.9
27.8 0.0 0.0 33.0
27.9 0.0 0.0 33.1
28.0 0.0 0.0 33.3
28.1 0.0 0.0 33.4
28.2 0.0 0.0 33.5
28.3 0.0 0.0 33.6
28.4 0.0 0.0 33.8
28.5 0.0 0.0 33.9
28.6 0.0 0.0 34.0
28.7 0.0 0.0 34.1
28.8 0.0 0.0 34.3
28.9 0.0 0.0 34.4
29.0 0.0 0.0 34.5
29.1 0.0 0.0 34.6
29.2 0.0 0.0 34.8
29.3 0.0 0.0 34.9
29.4 0.0 0.0 35.0
29.5 0.0 0.0 35.1
29.6 0.0 0.0 35.3
29.7 0.0 0.0 35.4
29.8 0.0 0.0 35.5
29.9 0.0 0.0 35.6
30.0 0.0 0.0 35.8
30.1 0.0 0.0 35.9
30.2 0.0 0.0 36.0
30.3 0.0 0.0 36.1
30.4 0.0 0.0 36.3
30.5 0.0 0.0 36.4
30.6 0.0 0.0 36.5
30.7 0.0 0.0 36.6
30.8 0.0 0.0 36.8
30.9 0.0 0.0 36.9
31.0 0.0 0.0 37.0
31.1 0.0 0.0 37.1
31.2 0.0 0.0 37.3
31.3 0.0 0.0 37.4
31.4 0.0 0.0 37.5
31.5 0.0 0.0 37.6
31.6 0.0 0.0 37.8
31.7 0.0 0.0 37.9
31.8 0.0 0.0 38.0
31.9 0.0 0.0 38.1
32.0 0.0 0.0 38.3
32.1 0.0 0.0 38.4
32.2 0.0 0.0 38.5
32.3 0.0 0.0 38.6
32.4 0.0 0.0 38.8
32.5 0.0 0.0 38.9
32.6 0.0 0.0 39.0
32.7 0.0 0.0 39.1
32.8 0.0 0.0 39.3
32.9 0.0 0.0 39.4
33.0 0.0 0.0 39.5
33.1 0.0 0.0 39.6
33.2 0.0 0.0 39.8
33.3 0.0 0.0 39.9
33.4 0.0 0.0 40.0
33.5 0.0 0.0 40.1
33.6 0.0 0.0 40.3
33.7 0.0 0.0 40.4
33.8 0.0 0.0 40.5
33.9 0.0 0.0 40.6
34.0 0.0 0.0 40.8
34.1 0.0 0.0 40.9
34.2 0.0 0.0 41.0
34.3 0.0 0.0 41.1
34.4 0.0 0.0 41.3
34.5 0.0 0.0 41.4
34.6 0.0 0.0 41.5
34.7 0.0 0.0 41.6
34.8 0.0 0.0 41.8
34.9 0.0 0.0 41.9
35.0 0.0 0.0 42.0
35.1 0.0 0.0 42.1
35.2 0.0 0.0 42.3
35.3 0.0 0.0 42.4
35.4 0.0 0.0 42.5
35.5 0.0 0.0 42.6
35.6 0.0 0.0 42.8
35.7 0.0 0.0 42.9
35.8 0.0 0.0 43.0
35.9 0.0 0.0 43.1
36.0 0.0 0.0 43.2
36.1 0.0 0.0 43.3
36.2 0.0 0.0 43.5
36.3 0.0 0.0 43.6
36.4 0.0 0.0 43.7
36.5 0.0 0.0 43.8
36.6 0.0 0.0 43.9
36.7 0.0 0.0 44.0
36.8 0.0 0.0 44.1
36.9 0.0 0.0 44.3
37.0 0.0 0.0 44.4
37.1 0.0 0.0 44.5
37.2 0.0 0.0 44.6
37.3 0.0 0.0 44.7
37.4 0.0 0.0 44.9
37.5 0.0 0.0 45.0
37.6 0.0 0.0 45.1
37.7 0.0 0.0 45.2
37.8 0.0 0.0 45.3
37.9 0.0 0.0 45.5
38.0 0.0 0.0 45.6
38.1 0.0 0.0 45.7
38.2 0.0 0.0 45.8
38.3 0.0 0.0 46.0
38.4 0.0 0.0 46.1
38.5 0.0 0.0 46.2
38.6 0.0 0.0 46.3
38.7 0.0 0.0 46.5
38.8 0.0 0.0 46.6
38.9 0.0 0.0 46.7
39.0 0.0 0.0 46.8
39.1 0.0 0.0 47.0
39.2 0.0 0.0 47.1
39.3 0.0 0.0 47.2
39.4 0.0 0.0 47.3
39.5 0.0 0.0 47.5
39.6 0.0 0.0 47.6
39.7 0.0 0.0 47.7
39.8 0.0 0.0 47.8
39.9 0.0 0.0 48.0
40.0 0.0 0.0 48.1
40.1 0.0 0.0 48.2
40.2 0.0 0.0 48.3
40.3 0.0 0.0 48.5
40.4 0.0 0.0 48.6
40.5 0.0 0.0 48.7
40.6 0.0 0.0 48.8
40.7 0.0 0.0 49.0
40.8 0.0 0.0 49.1
40.9 0.0 0.0 49.2
41.0 0.0 0.0 49.3
41.1 0.0 0.0 49.5
41.2 0.0 0.0 49.6
41.3 0.0 0.0 49.7
41.4 0.0 0.0 49.8
41.5 0.0 0.0 50.0
41.6 0.0 0.0 50.1
41.7 0.0 0.0 50.2
41.8 0.0 0.0 50.3
41.9 0.0 0.0 50.5
42.0 0.0 0.0 50.6
42.1 0.0 0.0 50.7
42.2 0.0 0.0 50.8
42.3 0.0 0.0 51.0
42.4 0.0 0.0 51.1
42.5 0.0 0.0 51.2
42.6 0.0 0.0 51.3
42.7 0.0 0.0 51.5
42.8 0.0 0.0 51.6
42.9 0.0 0.0 51.7
43.0 0.0 0.0 51.8
43.1 0.0 0.0 52.0
43.2 0.0 0.0 52.1
43.3 0.0 0.0 52.2
43.4 0.0 0.0 52.3
43.5 0.0 0.0 52.5
43.6 0.0 0.0 52.6
43.7 0.0 0.0 52.7
43.8 0.0 0.0 52.8
43.9 0.0 0.0 53.0
44.0 0.0 0.0 53.1
44.1 0.0 0.0 53.2
44.2 0.0 0.0 53.3
44.3 0.0 0.0 53.5
44.4 0.0 0.0 53.6
44.5 0.0 0.0 53.7
44.6 0.0 0.0 53.8
44.7 0.0 0.0 54.0
44.8 0.0 0.0 54.1
44.9 0.0 0.0 54.2
45.0 0.0 0.0 54.3
45.1 0.0 0.0 54.5
45.2 0.0 0.0 54.6
45.3 0.0 0.0 54.7
45.4 0.0 0.0 54.8
45.5 0.0 0.0 55.0
45.6 0.0 0.0 55.1
45.7 0.0 0.0 55.2
45.8 0.0 0.0 55.3
45.9 0.0 0.0 55.5
46.0 0.0 0.0 55.6
46.1 0.0 0.0 55.7
46.2 0.0 0.0 55.8
46.3 0.0 0.0 56.0
46.4 0.0 0.0 56.1
46.5 0.0 0.0 56.2
46.6 0.0 0.0 56.3
46.7 0.0 0.0 56.5
46.8 0.0 0.0 56.6
46.9 0.0 0.0 56.7
47.0 0.0 0.0 56.8
47.1 0.0 0.0 57.0
47.2 0.0 0.0 57.1
47.3 0.0 0.0 57.2
47.4 0.0 0.0 57.3
47.5 0.0 0.0 57.5
47.6 0.0 0.0 57.6
47.7 0.0 0.0 57.7
47.8 0.0 0.0 57.8
47.9 0.0 0.0 58.0
48.0 0.0 0.0 58.1
48.1 0.0 0.0 58.2
48.2 0.0 0.0 58.3
48.3 0.0 0.0 58.5
48.4 0.0 0.0 58.6
48.5 0.0 0.0 58.7
48.6 0.0 0.0 58.8
48.7 0.0 0.0 59.0
48.8 0.0 0.0 59.1
48.9 0.0 0.0 59.2
49.0 0.0 0.0 59.3
49.1 0.0 0.0 59.5
49.2 0.0 0.0 59.6
49.3 0.0 0.0 59.7
49.4 0.0 0.0 59.8
49.5 0.0 0.0 60.0
49.6 0.0 0.0 60.1
49.7 0.0 0.0 60.2
49.8 0.0 0.0 60.3
49.9 0.0 0.0 60.5
