0.0 0.0
0.1 -0.0674
0.2 -0.131
0.3 -0.194
0.4 -0.259
0.5 -0.322
0.6 -0.383
0.7 -0.445
0.8 -0.505
0.9 -0.563
1.0 -0.62
1.1 -0.675
1.2 -0.729
1.3 -0.78
1.4 -0.829
1.5 -0.876
1.6 -0.92
1.7 -0.962
1.8 -1.0
1.9 -1.0
2.0 -1.0
2.1 -1.0
2.2 -1.0
2.3 -1.0
2.4 -1.0
2.5 -1.0
2.6 -1.0
2.7 -1.0
2.8 -1.0
2.9 -1.0
3.0 -1.0
3.1 -1.0
3.2 -1.0
3.3 -1.0
3.4 -1.0
3.5 -1.0
3.6 -1.0
3.7 -1.0
3.8 -1.0
3.9 -1.0
4.0 -1.0
4.1 -1.0
4.2 -1.0
4.3 -1.0
4.4 -1.0
4.5 -1.0
4.6 -1.0
4.7 -1.0
4.8 -1.0
4.9 -1.0
5.0 -1.0
5.1 -1.0
5.2 -1.0
5.3 -1.0
5.4 -1.0
5.5 -1.0
5.6 -1.0
5.7 -1.0
5.8 -1.0
5.9 -1.0
6.0 -1.0
6.1 -1.0
6.2 -1.0
6.3 -1.0
6.4 -1.0
6.5 -1.0
6.6 -1.0
6.7 -1.0
6.8 -1.0
6.9 -1.0
7.0 -1.0
7.1 -1.0
7.2 -1.0
7.3 -1.0
7.4 -1.0
7.5 -1.0
7.6 -1.0
7.7 -1.0
7.8 -1.0
7.9 -1.0
8.0 -1.0
8.1 -1.0
8.2 -1.0
8.3 -1.0
8.4 -1.0
8.5 -1.0
8.6 -1.0
8.7 -1.0
8.8 -1.0
8.9 -1.0
9.0 -1.0
9.1 -1.0
9.2 -1.0
9.3 -1.0
9.4 -1.0
9.5 -1.0
9.6 -1.0
9.7 -1.0
9.8 -1.0
9.9 -1.0
10.0 -1.0
10.1 -1.0
10.2 -1.0
10.3 -1.0
10.4 -1.0
10.5 -1.0
10.6 -1.0
10.7 -0.924
10.8 -0.958
10.9 -1.0
11.0 -1.0
11.1 -1.0
11.2 -1.0
11.3 -1.0
11.4 -1.0
11.5 -1.0
11.6 -1.0
11.7 -1.0
11.8 -1.0
11.9 -1.0
12.0 -1.0
12.1 -1.0
12.2 -1.0
12.3 -1.0
12.4 -1.0
12.5 -1.0
12.6 -1.0
12.7 -1.0
12.8 -1.0
12.9 -1.0
13.0 -1.0
13.1 -1.0
13.2 -0.982
13.3 -0.982
13.4 -0.982
13.5 -0.982
13.6 -0.982
13.7 -0.983
13.8 -0.983
13.9 -0.984
14.0 -0.986
14.1 -1.0
14.2 -1.0
14.3 -1.0
14.4 -1.0
14.5 -1.0
14.6 -1.0
14.7 -1.0
14.8 -1.0
14.9 -1.0
15.0 -1.0
15.1 -1.0
15.2 -1.0
15.3 -1.0
15.4 -1.0
15.5 -1.0
15.6 -1.0
15.7 -1.0
15.8 -1.0
15.9 -1.0
16.0 -1.0
16.1 -1.0
16.2 -1.0
16.3 -1.0
16.4 -1.0
16.5 -1.0
16.6 -1.0
16.7 -1.0
16.8 -1.0
16.9 -1.0
17.0 -1.0
17.1 -1.0
17.2 -1.0
17.3 -1.0
17.4 -1.0
17.5 -1.0
17.6 -1.0
17.7 -1.0
17.8 -1.0
17.9 -1.0
18.0 -1.0
18.1 -1.0
18.2 -1.0
18.3 -0.848
18.4 -0.849
18.5 -0.85
18.6 -0.851
18.7 -0.905
18.8 -0.958
18.9 -1.0
19.0 -1.0
19.1 -1.0
19.2 -1.0
19.3 -1.0
19.4 -1.0
19.5 -1.0
19.6 -1.0
19.7 -1.0
19.8 -1.0
19.9 -1.0
20.0 -1.0
20.1 -1.0
20.2 -1.0
20.3 -1.0
20.4 -1.0
20.5 -1.0
20.6 -1.0
20.7 -1.0
20.8 -1.0
20.9 -1.0
21.0 -1.0
21.1 -1.0
21.2 -1.0
21.3 -1.0
21.4 -1.0
21.5 -1.0
21.6 -1.0
21.7 -1.0
21.8 -1.0
21.9 -1.0
22.0 -1.0
22.1 -1.0
22.2 -1.0
22.3 -1.0
22.4 -1.0
22.5 -1.0
22.6 -1.0
22.7 -1.0
22.8 -1.0
22.9 -1.0
23.0 -1.0
23.1 -1.0
23.2 -1.0
23.3 -1.0
23.4 -1.0
23.5 -1.0
23.6 -1.0
23.7 -1.0
23.8 -1.0
23.9 -1.0
24.0 -1.0
24.1 -1.0
24.2 -1.0
24.3 -1.0
24.4 -1.0
24.5 -1.0
24.6 -1.0
24.7 -1.0
24.8 -1.0
24.9 -1.0
25.0 -1.0
25.1 -1.0
25.2 -1.0
25.3 -1.0
25.4 -1.0
25.5 -1.0
25.6 -1.0
25.7 -1.0
25.8 -1.0
25.9 -0.88
26.0 -0.671
26.1 -0.5
26.2 -0.362
26.3 -0.365
26.4 -0.46
26.5 -0.528
26.6 -0.582
26.7 -0.61
26.8 -0.666
26.9 -0.696
27.0 -0.702
27.1 -0.755
27.2 -0.782
27.3 -0.83
27.4 -0.876
27.5 -0.92
27.6 -0.96
27.7 -0.998
27.8 -1.0
27.9 -1.0
28.0 -1.0
28.1 -1.0
28.2 -1.0
28.3 -1.0
28.4 -1.0
28.5 -1.0
28.6 -1.0
28.7 -1.0
28.8 -1.0
28.9 -1.0
29.0 -1.0
29.1 -1.0
29.2 -1.0
29.3 -1.0
29.4 -1.0
29.5 -1.0
29.6 -1.0
29.7 -1.0
29.8 -1.0
29.9 -1.0
30.0 -1.0
30.1 -1.0
30.2 -1.0
30.3 -1.0
30.4 -1.0
30.5 -1.0
30.6 -1.0
30.7 -1.0
30.8 -1.0
30.9 -1.0
31.0 -1.0
31.1 -1.0
31.2 -1.0
31.3 -1.0
31.4 -1.0
31.5 -1.0
31.6 -1.0
31.7 -1.0
31.8 -1.0
31.9 -1.0
32.0 -1.0
32.1 -1.0
32.2 -1.0
32.3 -1.0
32.4 -1.0
32.5 -1.0
32.6 -1.0
32.7 -1.0
32.8 -1.0
32.9 -1.0
33.0 -1.0
33.1 -1.0
33.2 -1.0
33.3 -1.0
33.4 -1.0
33.5 -1.0
33.6 -1.0
33.7 -1.0
33.8 -1.0
33.9 -1.0
34.0 -1.0
34.1 -1.0
34.2 -1.0
34.3 -1.0
34.4 -1.0
34.5 -1.0
34.6 -1.0
34.7 -1.0
34.8 -1.0
34.9 -1.0
35.0 -1.0
35.1 -1.0
35.2 -1.0
35.3 -1.0
35.4 -1.0
35.5 -1.0
35.6 -1.0
35.7 -0.978
35.8 -1.0
35.9 -1.0
36.0 -1.0
36.1 -0.991
36.2 -1.0
36.3 -1.0
36.4 -1.0
36.5 -0.976
36.6 -0.976
36.7 -0.977
36.8 -1.0
36.9 -1.0
37.0 -1.0
37.1 -1.0
37.2 -1.0
37.3 -1.0
37.4 -1.0
37.5 -1.0
37.6 -1.0
37.7 -1.0
37.8 -1.0
37.9 -1.0
38.0 -1.0
38.1 -1.0
38.2 -1.0
38.3 -1.0
38.4 -1.0
38.5 -1.0
38.6 -1.0
38.7 -1.0
38.8 -1.0
38.9 -1.0
39.0 -1.0
39.1 -1.0
39.2 -1.0
39.3 -1.0
39.4 -1.0
39.5 -1.0
39.6 -1.0
39.7 -1.0
39.8 -1.0
39.9 -1.0
40.0 -1.0
40.1 -1.0
40.2 -1.0
40.3 -1.0
40.4 -1.0
40.5 -1.0
40.6 -1.0
40.7 -1.0
40.8 -1.0
40.9 -1.0
41.0 -1.0
41.1 -1.0
41.2 -1.0
41.3 -1.0
41.4 -1.0
41.5 -1.0
41.6 -1.0
41.7 -1.0
41.8 -1.0
41.9 -1.0
42.0 -1.0
42.1 -1.0
42.2 -1.0
42.3 -1.0
42.4 -1.0
42.5 -1.0
42.6 -1.0
42.7 -1.0
42.8 -1.0
42.9 -1.0
43.0 -1.0
43.1 -1.0
43.2 -1.0
43.3 -1.0
43.4 -1.0
43.5 -1.0
43.6 -1.0
43.7 -1.0
43.8 -1.0
43.9 -1.0
44.0 -1.0
44.1 -0.854
44.2 -0.855
44.3 -0.856
44.4 -0.857
44.5 -0.859
44.6 -0.861
44.7 -0.864
44.8 -0.87
44.9 -0.886
45.0 -0.937
45.1 -0.985
45.2 -1.0
45.3 -1.0
45.4 -1.0
45.5 -1.0
45.6 -1.0
45.7 -1.0
45.8 -1.0
45.9 -1.0
46.0 -1.0
46.1 -1.0
46.2 -1.0
46.3 -1.0
46.4 -1.0
46.5 -1.0
46.6 -1.0
46.7 -1.0
46.8 -1.0
46.9 -1.0
47.0 -1.0
47.1 -1.0
47.2 -1.0
47.3 -1.0
47.4 -1.0
47.5 -1.0
47.6 -1.0
47.7 -1.0
47.8 -1.0
47.9 -1.0
48.0 -1.0
48.1 -1.0
48.2 -1.0
48.3 -1.0
48.4 -1.0
48.5 -1.0
48.6 -1.0
48.7 -1.0
48.8 -1.0
48.9 -1.0
49.0 -1.0
49.1 -1.0
49.2 -1.0
49.3 -1.0
49.4 -1.0
49.5 -1.0
49.6 -1.0
49.7 -1.0
49.8 -0.932
49.9 -0.94
