0.0 0.0 0.0 0.0
0.1 -6.35 -0.000402 0.0346
0.2 -7.54 -0.000672 0.0355
0.3 -10.0 -0.000664 0.0356
0.4 -12.1 0.552 0.0364
0.5 -14.7 2.39 0.0375
0.6 -14.8 2.42 0.0383
0.7 -16.0 3.02 0.0403
0.8 -16.3 2.94 0.237
0.9 -16.4 2.88 0.369
1.0 -16.6 2.79 0.568
1.1 -16.9 2.7 0.768
1.2 -17.1 2.59 0.961
1.3 -17.1 2.59 0.961
1.4 -17.3 2.48 1.1
1.5 -17.3 2.48 1.1
1.6 -17.6 2.33 1.21
1.7 -17.6 2.33 1.21
1.8 -17.6 2.33 1.21
1.9 -17.6 2.29 1.22
2.0 -17.6 2.29 1.22
2.1 -17.6 2.29 1.22
2.2 -17.6 2.29 1.22
2.3 -17.6 2.29 1.22
2.4 -17.7 2.26 1.21
2.5 -17.7 2.26 1.21
2.6 -17.7 2.26 1.21
2.7 -17.7 2.26 1.21
2.8 -17.7 2.26 1.21
2.9 -17.7 2.26 1.21
3.0 -17.7 2.26 1.21
3.1 -17.7 2.26 1.21
3.2 -17.8 2.06 1.18
3.3 -17.8 2.06 1.18
3.4 -17.9 2.02 1.18
3.5 -17.9 2.02 1.18
3.6 -17.9 1.98 1.19
3.7 -17.9 1.98 1.19
3.8 -18.0 1.94 1.2
3.9 -18.0 1.9 1.2
4.0 -18.0 1.87 1.21
4.1 -18.1 1.83 1.22
4.2 -18.1 1.79 1.23
4.3 -18.1 1.74 1.24
4.4 -18.2 1.7 1.25
4.5 -18.2 1.65 1.26
4.6 -18.2 1.61 1.26
4.7 -18.3 1.57 1.27
4.8 -18.3 1.53 1.27
4.9 -18.4 1.49 1.27
5.0 -18.4 1.45 1.27
5.1 -18.4 1.42 1.27
5.2 -18.4 1.38 1.27
5.3 -18.5 1.35 1.26
5.4 -18.5 1.32 1.26
5.5 -18.5 1.29 1.26
5.6 -18.8 1.03 1.22
5.7 -18.8 1.0 1.22
5.8 -18.8 0.973 1.22
5.9 -18.9 0.829 1.2
6.0 -18.9 0.803 1.2
6.1 -19.0 0.769 1.2
6.2 -19.0 0.667 1.19
6.3 -19.1 0.639 1.19
6.4 -19.2 0.387 1.2
6.5 -19.2 0.369 1.2
6.6 -19.2 0.352 1.2
6.7 -19.3 0.332 1.2
6.8 -19.3 0.31 1.2
6.9 -19.3 0.237 1.21
7.0 -19.3 0.222 1.21
7.1 -19.3 0.106 1.23
7.2 -19.4 0.0928 1.23
7.3 -19.4 0.0526 1.24
7.4 -19.4 0.0412 1.24
7.5 -19.4 0.0288 1.24
7.6 -19.4 -0.0592 1.26
7.7 -19.4 -0.0668 1.26
7.8 -19.4 -0.0742 1.26
7.9 -19.4 -0.0808 1.26
8.0 -19.4 -0.0865 1.26
8.1 -19.4 -0.0912 1.26
8.2 -21.4 17.7 6.5
8.3 -21.4 17.6 6.5
8.4 -21.3 17.0 6.48
8.5 -21.3 16.8 6.47
8.6 -21.3 16.7 6.47
8.7 -21.2 16.0 6.45
8.8 -21.2 15.8 6.45
8.9 -21.2 15.6 6.45
9.0 -21.1 14.9 6.44
9.1 -21.1 14.7 6.44
9.2 -22.7 13.4 7.51
9.3 -36.1 -5.7 19.2
9.4 -36.0 -5.74 19.2
9.5 -35.4 -5.88 19.1
9.6 -35.2 -5.91 19.1
9.7 -34.6 -5.98 19.0
9.8 -34.4 -5.99 19.0
9.9 -33.6 -5.99 18.9
10.0 -33.5 -5.99 18.9
10.1 -32.7 -5.93 18.8
10.2 -32.5 -5.91 18.8
10.3 -31.6 -5.8 18.8
10.4 -31.0 -6.72 19.6
10.5 -28.7 -8.42 21.3
10.6 -28.5 -8.35 21.3
10.7 -28.3 -8.34 21.6
10.8 -19.9 -12.1 27.7
10.9 -19.8 -11.9 27.6
11.0 -19.7 -11.8 27.6
11.1 -19.6 -11.7 27.6
11.2 -19.5 -11.6 27.5
11.3 -17.9 -11.1 28.3
11.4 -16.7 -10.7 28.9
11.5 -14.5 -9.69 30.0
11.6 -4.87 -3.71 34.8
11.7 -4.93 -3.62 34.8
11.8 -5.2 -3.34 34.6
11.9 -5.53 -3.05 34.4
12.0 -7.75 -1.2 33.8
12.1 -8.06 -0.998 33.6
12.2 -10.6 0.291 32.9
12.3 -10.9 0.442 32.7
12.4 -12.7 0.933 32.2
12.5 -13.0 1.04 32.1
12.6 -13.3 1.15 31.9
12.7 -24.7 15.9 31.3
12.8 -24.7 15.8 31.2
12.9 -24.7 15.7 31.2
13.0 -24.6 15.6 31.1
13.1 -24.6 15.5 31.1
13.2 -24.6 15.5 31.1
13.3 -24.6 15.5 31.1
13.4 -30.7 11.1 33.6
13.5 -30.7 11.1 33.6
13.6 -30.7 11.1 33.6
13.7 -30.7 11.1 33.6
13.8 -30.7 11.1 33.6
13.9 -30.7 11.1 33.6
14.0 -23.3 -3.36 29.0
14.1 -14.2 -9.86 20.7
14.2 -14.2 -9.84 20.6
14.3 -14.2 -9.82 20.6
14.4 -14.3 -9.79 20.6
14.5 -14.3 -9.75 20.6
14.6 -14.3 -9.75 20.6
14.7 -14.3 -9.68 20.5
14.8 -14.3 -9.68 20.5
14.9 -10.3 -8.6 17.6
15.0 -10.3 -8.6 17.6
15.1 -17.3 -15.7 16.1
15.2 -15.8 -14.5 15.2
15.3 -14.5 -13.1 14.3
15.4 -13.9 -12.2 13.8
15.5 -13.0 -10.5 13.0
15.6 -12.6 -9.22 12.3
15.7 -12.4 -8.29 11.9
15.8 -12.5 -6.78 11.4
15.9 -12.7 -6.07 11.2
16.0 -13.3 -3.23 10.2
16.1 -13.6 -2.9 10.2
16.2 -13.9 -2.66 10.3
16.3 -14.0 -2.6 10.3
16.4 -14.0 -2.55 10.3
16.5 -14.0 -2.55 10.3
16.6 -14.0 -2.55 10.3
16.7 -14.0 -2.55 10.3
16.8 -14.0 -2.55 10.3
16.9 -14.0 -2.55 10.3
17.0 -24.5 4.6 21.1
17.1 -24.6 4.6 21.1
17.2 -21.4 11.9 17.5
17.3 -21.8 12.3 17.0
17.4 -23.6 15.5 14.2
17.5 -21.8 21.5 12.2
17.6 -24.1 19.0 11.1
17.7 -24.1 18.8 11.1
17.8 -24.0 17.9 11.2
17.9 -24.7 16.1 10.6
18.0 -20.4 -3.94 13.3
18.1 -21.0 -2.76 13.1
18.2 -21.8 -1.74 12.9
18.3 -22.5 -0.973 12.7
18.4 -23.5 -0.236 12.5
18.5 -24.4 0.28 12.3
18.6 -25.6 0.707 12.1
18.7 -26.5 -0.0945 11.5
18.8 -27.1 -0.391 11.2
18.9 -27.6 -1.04 10.7
19.0 -27.9 -1.68 10.3
19.1 -28.2 -2.31 10.0
19.2 -28.2 -2.8 9.75
19.3 -28.2 -3.3 9.49
19.4 -28.1 -4.02 9.15
19.5 -28.3 -3.97 9.03
19.6 -28.4 -4.25 8.95
19.7 -28.4 -8.69 7.7
19.8 -28.2 -8.59 7.76
19.9 -28.2 -8.59 7.76
20.0 -28.0 -8.46 7.83
20.1 -28.0 -8.46 7.83
20.2 -27.7 -8.29 7.9
20.3 -27.3 -8.03 8.02
20.4 -27.3 -8.02 8.02
20.5 -27.1 -7.89 8.07
20.6 -26.1 -9.18 8.3
20.7 -16.8 -16.2 10.4
20.8 -16.7 -15.8 10.4
20.9 -16.7 -15.4 10.4
21.0 -16.6 -15.1 10.4
21.1 -15.7 -13.5 10.5
21.2 -14.7 -13.4 10.8
21.3 -13.9 -13.1 11.0
21.4 -13.0 -12.8 11.3
21.5 -12.4 -12.4 11.5
21.6 -9.92 -11.3 12.2
21.7 -4.3 9.33 18.3
21.8 -3.95 10.3 18.6
21.9 -4.36 10.9 18.8
22.0 -5.05 12.1 19.1
22.1 -10.7 16.6 20.8
22.2 -10.8 16.6 20.8
22.3 -11.0 16.5 20.8
22.4 -11.1 16.3 20.8
22.5 -11.1 16.3 20.8
22.6 -12.4 15.1 20.7
22.7 -12.5 15.0 20.7
22.8 -12.5 15.0 20.7
22.9 -12.7 14.6 20.7
23.0 -13.1 14.0 20.6
23.1 -20.1 1.69 19.8
23.2 -20.1 1.69 19.8
23.3 -20.2 1.6 19.8
23.4 -20.2 1.6 19.8
23.5 -20.3 1.48 19.7
23.6 -20.3 1.48 19.7
23.7 -20.3 1.37 19.7
23.8 -20.3 1.37 19.7
23.9 -20.3 1.37 19.7
24.0 -20.4 1.28 19.7
24.1 -20.4 1.28 19.7
24.2 -20.4 1.17 19.7
24.3 -20.4 1.17 19.7
24.4 -20.4 1.17 19.7
24.5 -29.9 -9.91 21.5
24.6 -29.7 -9.84 21.5
24.7 -29.7 -9.84 21.5
24.8 -29.6 -9.78 21.5
24.9 -29.6 -9.78 21.5
25.0 -29.6 -9.78 21.5
25.1 -29.5 -9.67 21.4
25.2 -29.5 -9.67 21.4
25.3 -29.5 -9.66 21.4
25.4 -29.2 -9.4 21.4
25.5 -28.7 -8.48 21.2
25.6 -28.7 -8.47 21.2
25.7 -28.6 -8.06 21.2
25.8 -28.6 -7.91 21.1
25.9 -28.6 -7.91 21.1
26.0 -28.6 -7.9 21.1
26.1 -28.6 -7.9 21.1
26.2 -28.6 -7.9 21.1
26.3 -27.4 -6.89 21.1
26.4 -25.6 -6.48 21.2
26.5 -24.0 -5.97 21.3
26.6 -18.0 -2.45 14.0
26.7 -18.0 -2.45 14.0
26.8 -18.0 -2.45 14.0
26.9 -18.0 -2.45 14.0
27.0 -18.0 -2.45 14.0
27.1 -20.6 2.81 22.8
27.2 -20.6 2.81 22.8
27.3 -20.4 2.89 22.7
27.4 -20.3 2.91 22.7
27.5 -20.3 2.91 22.7
27.6 -20.3 2.92 22.7
27.7 -20.2 2.92 22.7
27.8 -20.2 2.92 22.6
27.9 -20.2 2.91 22.6
28.0 -20.1 2.9 22.6
28.1 -20.1 2.89 22.6
28.2 -20.1 2.87 22.6
28.3 -20.0 2.85 22.5
28.4 -20.0 2.82 22.5
28.5 -20.0 2.79 22.5
28.6 -20.0 2.76 22.5
28.7 -19.9 2.73 22.5
28.8 -19.9 2.69 22.4
28.9 -19.9 2.65 22.4
29.0 -19.9 2.61 22.4
29.1 -19.8 2.58 22.4
29.2 -19.8 2.54 22.4
29.3 -20.9 1.46 22.5
29.4 -20.9 1.43 22.4
29.5 -21.1 0.895 22.5
29.6 -21.4 0.192 22.5
29.7 -21.4 0.176 22.5
29.8 -21.4 -0.0225 22.5
29.9 -21.4 -0.314 22.5
30.0 -21.3 -0.323 22.5
30.1 -21.3 -0.331 22.5
30.2 -21.3 -0.338 22.4
30.3 -21.2 -0.344 22.4
30.4 -21.2 -0.348 22.4
30.5 -21.2 -0.351 22.4
30.6 -21.1 -0.353 22.4
30.7 -21.1 -0.353 22.4
30.8 -21.1 -0.353 22.3
30.9 -21.0 -0.352 22.3
31.0 -21.0 -0.349 22.3
31.1 -21.0 -0.346 22.3
31.2 -20.9 -0.342 22.2
31.3 -20.9 -0.336 22.2
31.4 -20.8 -0.33 22.2
31.5 -20.8 -0.323 22.2
31.6 -20.8 -0.316 22.2
31.7 -20.7 -0.292 22.1
31.8 -20.6 -0.287 22.1
31.9 -20.9 -0.109 21.9
32.0 -20.8 -0.104 21.9
32.1 -20.9 -0.0195 21.8
32.2 -21.0 0.0179 21.7
32.3 -18.9 1.04 20.5
32.4 -19.0 1.04 20.4
32.5 -19.2 0.999 20.3
32.6 -19.3 0.936 20.2
32.7 -19.4 0.884 20.2
32.8 -19.4 0.884 20.2
32.9 -19.8 0.619 20.0
33.0 -19.7 0.591 19.9
33.1 -19.7 0.587 19.9
33.2 -19.8 0.426 19.8
33.3 -17.7 1.99 18.3
33.4 -17.7 1.98 18.3
33.5 -17.7 1.98 18.3
33.6 -17.7 1.98 18.3
33.7 -17.7 1.9 18.3
33.8 -17.7 1.9 18.3
33.9 -17.8 1.82 18.2
34.0 -17.8 1.78 18.2
34.1 -17.8 1.72 18.2
34.2 -17.9 1.71 18.2
34.3 -17.9 1.71 18.2
34.4 -18.2 1.29 18.1
34.5 -18.3 1.21 18.1
34.6 -18.3 1.21 18.1
34.7 -18.3 1.21 18.1
34.8 -18.3 1.21 18.1
34.9 -20.6 -4.39 15.9
35.0 -20.6 -4.39 15.9
35.1 -20.6 -4.39 15.9
35.2 -20.1 -4.68 15.2
35.3 -20.1 -4.68 15.2
35.4 -19.1 0.309 16.2
35.5 -19.1 0.309 16.2
35.6 -19.1 0.309 16.2
35.7 -17.6 -0.0439 16.1
35.8 -14.1 -0.617 14.8
35.9 -8.28 -0.358 12.7
36.0 -8.36 -0.348 12.7
36.1 -8.36 -0.348 12.7
36.2 -6.12 0.663 11.9
36.3 -6.68 0.679 11.9
36.4 -3.31 3.6 10.6
36.5 -3.32 3.6 10.6
36.6 -3.33 3.6 10.6
36.7 -3.2 3.91 10.5
36.8 -10.5 10.2 8.54
36.9 -10.7 10.1 8.57
37.0 -11.4 9.7 8.72
37.1 -11.6 9.6 8.75
37.2 -36.5 2.57 6.28
37.3 -36.4 2.52 6.33
37.4 -36.4 2.52 6.33
37.5 -36.1 2.31 6.5
37.6 -36.0 2.25 6.55
37.7 -35.8 2.19 6.6
37.8 -35.6 2.12 6.66
37.9 -35.5 2.06 6.71
38.0 -35.3 2.01 6.76
38.1 -35.1 1.97 6.8
38.2 -28.3 0.118 8.54
38.3 -28.1 0.0806 8.59
38.4 -28.0 0.0381 8.64
38.5 -27.8 0.00233 8.69
38.6 -27.1 -0.151 8.91
38.7 -26.9 -0.185 8.96
38.8 -25.0 -0.531 9.53
38.9 -24.8 -0.557 9.58
39.0 -10.5 -2.6 14.4
39.1 -10.5 -2.59 14.4
39.2 -10.5 -2.59 14.5
39.3 -10.6 -2.58 14.5
39.4 -10.6 -2.56 14.5
39.5 -10.7 -2.55 14.6
39.6 -10.9 -2.5 14.6
39.7 -10.9 -2.48 14.7
39.8 -11.0 -2.46 14.7
39.9 -11.2 -2.38 14.7
40.0 -11.3 -2.36 14.8
40.1 -11.4 -2.34 14.8
40.2 -11.7 -2.24 14.8
40.3 -11.8 -2.21 14.9
40.4 -11.9 -2.18 14.9
40.5 -12.0 -2.15 14.9
40.6 -12.3 -2.04 14.9
40.7 -12.4 -2.0 15.0
40.8 -12.5 -1.97 15.0
40.9 -12.6 -1.94 15.0
41.0 -12.7 -1.9 15.0
41.1 -12.8 -1.87 15.0
41.2 -12.9 -1.83 15.0
41.3 -13.0 -1.8 15.1
41.4 -13.1 -1.76 15.1
41.5 -13.2 -1.73 15.1
41.6 -13.3 -1.7 15.1
41.7 -13.4 -1.66 15.1
41.8 -13.5 -1.63 15.1
41.9 -13.6 -1.6 15.1
42.0 -13.8 -1.57 15.1
42.1 -13.9 -1.54 15.2
42.2 -14.0 -1.51 15.2
42.3 -14.1 -1.48 15.2
42.4 -17.1 -0.18 16.6
42.5 -17.2 -0.163 16.6
42.6 -18.5 0.0957 17.2
42.7 -19.0 0.151 17.4
42.8 -20.2 -0.366 17.7
42.9 -20.3 -0.35 17.7
43.0 -20.4 -0.558 17.7
43.1 -20.7 -0.697 17.8
43.2 -20.7 -0.68 17.8
43.3 -20.7 -0.691 17.8
43.4 -20.7 -0.674 17.8
43.5 -21.0 -0.895 17.9
43.6 -21.2 -1.22 18.2
43.7 -21.4 -1.6 18.4
43.8 -21.8 -3.15 19.3
43.9 -21.8 -3.11 19.3
44.0 -21.8 -3.08 19.3
44.1 -21.8 -3.4 19.4
44.2 -21.5 -4.12 19.8
44.3 -21.1 -4.94 20.3
44.4 -20.7 -5.55 20.8
44.5 -20.0 -6.19 21.1
44.6 -19.3 -6.69 21.5
44.7 -8.69 -19.0 36.1
44.8 -8.69 -19.0 36.1
44.9 -8.69 -19.0 36.1
45.0 -8.82 -18.7 36.0
45.1 -9.5 -17.3 35.7
45.2 -9.47 -15.6 35.3
45.3 -9.5 -13.7 34.8
45.4 -13.7 20.1 25.6
45.5 -14.1 19.9 25.5
45.6 -14.2 19.8 25.4
45.7 -14.5 19.4 25.3
45.8 -14.6 19.3 25.2
45.9 -14.7 19.1 25.2
46.0 -14.8 19.0 25.1
46.1 -14.9 18.7 25.1
46.2 -15.1 18.5 25.0
46.3 -15.2 18.3 25.0
46.4 -15.3 18.0 25.0
46.5 -15.4 17.8 24.9
46.6 -15.5 17.5 24.9
46.7 -15.6 17.3 24.8
46.8 -15.7 17.0 24.8
46.9 -15.8 16.7 24.8
47.0 -15.8 16.7 24.8
47.1 -15.9 16.4 24.7
47.2 -16.0 16.1 24.7
47.3 -16.0 16.1 24.7
47.4 -16.1 15.9 24.7
47.5 -16.2 15.5 24.6
47.6 -36.5 4.66 22.9
47.7 -36.4 4.49 22.9
47.8 -36.4 4.49 22.9
47.9 -36.2 4.12 22.8
48.0 -19.3 -19.6 14.0
48.1 -19.3 -19.6 14.0
48.2 -19.3 -19.6 14.0
48.3 -19.3 -19.6 14.0
48.4 -19.3 -19.5 14.0
48.5 -19.1 -18.1 14.1
48.6 -19.1 -18.1 14.1
48.7 -19.1 -18.0 14.1
48.8 -19.1 -18.0 14.1
48.9 -19.1 -17.8 14.1
49.0 -19.1 -17.8 14.1
49.1 -19.1 -17.7 14.1
49.2 -19.1 -17.7 14.1
49.3 -19.0 -17.4 14.1
49.4 -19.0 -17.4 14.1
49.5 -18.8 -17.0 14.0
49.6 -17.6 -14.9 13.4
49.7 -16.1 -11.4 12.4
49.8 -15.2 -8.31 11.7
49.9 -14.7 -4.74 10.8
