0.0 0.0 0.0 0.000544
0.1 0.0 0.0 0.0026
0.2 0.0 0.0 0.00697
0.3 0.0 0.0 0.0144
0.4 0.0 0.0 0.0254
0.5 0.0 0.0 0.0407
0.6 0.0 0.0 0.0606
0.7 0.0 0.0 0.0855
0.8 0.0 0.0 0.116
0.9 0.0 0.0 0.151
1.0 0.0 0.0 0.193
1.1 0.0 0.0 0.24
1.2 0.0 0.0 0.293
1.3 0.0 0.0 0.353
1.4 0.0 0.0 0.418
1.5 0.0 0.0 0.489
1.6 0.0 0.0 0.566
1.7 0.0 0.0 0.649
1.8 0.0 0.0 0.737
1.9 0.0 0.0 0.83
2.0 0.0 0.0 0.927
2.1 0.0 0.0 1.03
2.2 0.0 0.0 1.13
2.3 0.0 0.0 1.24
2.4 0.0 0.0 1.35
2.5 0.0 0.0 1.46
2.6 0.0 0.0 1.57
2.7 0.0 0.0 1.68
2.8 0.0 0.0 1.8
2.9 0.0 0.0 1.92
3.0 0.0 0.0 2.03
3.1 0.0 0.0 2.15
3.2 0.0 0.0 2.27
3.3 0.0 0.0 2.39
3.4 0.0 0.0 2.51
3.5 0.0 0.0 2.63
3.6 0.0 0.0 2.75
3.7 0.0 0.0 2.88
3.8 0.0 0.0 3.0
3.9 0.0 0.0 3.12
4.0 0.0 0.0 3.25
4.1 0.0 0.0 3.37
4.2 0.0 0.0 3.49
4.3 0.0 0.0 3.62
4.4 0.0 0.0 3.74
4.5 0.0 0.0 3.86
4.6 0.0 0.0 3.99
4.7 0.0 0.0 4.11
4.8 0.0 0.0 4.24
4.9 0.0 0.0 4.36
5.0 0.0 0.0 4.49
5.1 0.0 0.0 4.61
5.2 0.0 0.0 4.74
5.3 0.0 0.0 4.86
5.4 0.0 0.0 4.98
5.5 0.0 0.0 5.11
5.6 0.0 0.0 5.23
5.7 0.0 0.0 5.36
5.8 0.0 0.0 5.48
5.9 0.0 0.0 5.61
6.0 0.0 0.0 5.73
6.1 0.0 0.0 5.86
6.2 0.0 0.0 5.98
6.3 0.0 0.0 6.11
6.4 0.0 0.0 6.23
6.5 0.0 0.0 6.36
6.6 0.0 0.0 6.48
6.7 0.0 0.0 6.61
6.8 0.0 0.0 6.73
6.9 0.0 0.0 6.86
7.0 0.0 0.0 6.98
7.1 0.0 0.0 7.11
7.2 0.0 0.0 7.23
7.3 0.0 0.0 7.36
7.4 0.0 0.0 7.48
7.5 0.0 0.0 7.61
7.6 0.0 0.0 7.73
7.7 0.0 0.0 7.86
7.8 0.0 0.0 7.98
7.9 0.0 0.0 8.11
8.0 0.0 0.0 8.23
8.1 0.0 0.0 8.36
8.2 0.0 0.0 8.48
8.3 0.0 0.0 8.61
8.4 0.0 0.0 8.73
8.5 0.0 0.0 8.86
8.6 0.0 0.0 8.98
8.7 0.0 0.0 9.11
8.8 0.0 0.0 9.23
8.9 0.0 0.0 9.36
9.0 0.0 0.0 9.48
9.1 0.0 0.0 9.61
9.2 0.0 0.0 9.73
9.3 0.0 0.0 9.86
9.4 0.0 0.0 9.98
9.5 0.0 0.0 10.1
9.6 0.0 0.0 10.2
9.7 0.0 0.0 10.4
9.8 0.0 0.0 10.5
9.9 0.0 0.0 10.6
10.0 0.0 0.0 10.7
10.1 0.0 0.0 10.9
10.2 0.0 0.0 11.0
10.3 0.0 0.0 11.1
10.4 0.0 0.0 11.2
10.5 0.0 0.0 11.4
10.6 0.0 0.0 11.5
10.7 0.0 0.0 11.6
10.8 0.0 0.0 11.7
10.9 0.0 0.0 11.9
11.0 0.0 0.0 12.0
11.1 0.0 0.0 12.1
11.2 0.0 0.0 12.2
11.3 0.0 0.0 12.3
11.4 0.0 0.0 12.5
11.5 0.0 0.0 12.6
11.6 0.0 0.0 12.7
11.7 0.0 0.0 12.8
11.8 0.0 0.0 13.0
11.9 0.0 0.0 13.1
12.0 0.0 0.0 13.2
12.1 0.0 0.0 13.3
12.2 0.0 0.0 13.5
12.3 0.0 0.0 13.6
12.4 0.0 0.0 13.7
12.5 0.0 0.0 13.8
12.6 0.0 0.0 14.0
12.7 0.0 0.0 14.1
12.8 0.0 0.0 14.2
12.9 0.0 0.0 14.3
13.0 0.0 0.0 14.5
13.1 0.0 0.0 14.6
13.2 0.0 0.0 14.7
13.3 0.0 0.0 14.8
13.4 0.0 0.0 15.0
13.5 0.0 0.0 15.1
13.6 0.0 0.0 15.2
13.7 0.0 0.0 15.3
13.8 0.0 0.0 15.5
13.9 0.0 0.0 15.6
14.0 0.0 0.0 15.7
14.1 0.0 0.0 15.8
14.2 0.0 0.0 16.0
14.3 0.0 0.0 16.1
14.4 0.0 0.0 16.2
14.5 0.0 0.0 16.3
14.6 0.0 0.0 16.5
14.7 0.0 0.0 16.6
14.8 0.0 0.0 16.7
14.9 0.0 0.0 16.8
15.0 0.0 0.0 17.0
15.1 0.0 0.0 17.1
15.2 0.0 0.0 17.2
15.3 0.0 0.0 17.3
15.4 0.0 0.0 17.4
15.5 0.0 0.0 17.6
15.6 0.0 0.0 17.7
15.7 0.0 0.0 17.8
15.8 0.0 0.0 17.9
15.9 0.0 0.0 18.1
16.0 0.0 0.0 18.2
16.1 0.0 0.0 18.3
16.2 0.0 0.0 18.4
16.3 0.0 0.0 18.6
16.4 0.0 0.0 18.7
16.5 0.0 0.0 18.8
16.6 0.0 0.0 18.9
16.7 0.0 0.0 19.1
16.8 0.0 0.0 19.2
16.9 0.0 0.0 19.3
17.0 0.0 0.0 19.4
17.1 0.0 0.0 19.6
17.2 0.0 0.0 19.7
17.3 0.0 0.0 19.8
17.4 0.0 0.0 19.9
17.5 0.0 0.0 20.1
17.6 0.0 0.0 20.2
17.7 0.0 0.0 20.3
17.8 0.0 0.0 20.4
17.9 0.0 0.0 20.6
18.0 0.0 0.0 20.7
18.1 0.0 0.0 20.8
18.2 0.0 0.0 20.9
18.3 0.0 0.0 21.1
18.4 0.0 0.0 21.2
18.5 0.0 0.0 21.3
18.6 0.0 0.0 21.4
18.7 0.0 0.0 21.5
18.8 0.0 0.0 21.7
18.9 0.0 0.0 21.8
19.0 0.0 0.0 21.9
19.1 0.0 0.0 22.0
19.2 0.0 0.0 22.1
19.3 0.0 0.0 22.3
19.4 0.0 0.0 22.4
19.5 0.0 0.0 22.5
19.6 0.0 0.0 22.6
19.7 0.0 0.0 22.7
19.8 0.0 0.0 22.9
19.9 0.0 0.0 23.0
20.0 0.0 0.0 23.1
20.1 0.0 0.0 23.2
20.2 0.0 0.0 23.4
20.3 0.0 0.0 23.5
20.4 0.0 0.0 23.6
20.5 0.0 0.0 23.7
20.6 0.0 0.0 23.9
20.7 0.0 0.0 24.0
20.8 0.0 0.0 24.1
20.9 0.0 0.0 24.2
21.0 0.0 0.0 24.4
21.1 0.0 0.0 24.5
21.2 0.0 0.0 24.6
21.3 0.0 0.0 24.7
21.4 0.0 0.0 24.9
21.5 0.0 0.0 25.0
21.6 0.0 0.0 25.1
21.7 0.0 0.0 25.2
21.8 0.0 0.0 25.4
21.9 0.0 0.0 25.5
22.0 0.0 0.0 25.6
22.1 0.0 0.0 25.7
22.2 0.0 0.0 25.9
22.3 0.0 0.0 26.0
22.4 0.0 0.0 26.1
22.5 0.0 0.0 26.2
22.6 0.0 0.0 26.4
22.7 0.0 0.0 26.5
22.8 0.0 0.0 26.6
22.9 0.0 0.0 26.7
23.0 0.0 0.0 26.9
23.1 0.0 0.0 27.0
23.2 0.0 0.0 27.1
23.3 0.0 0.0 27.2
23.4 0.0 0.0 27.4
23.5 0.0 0.0 27.5
23.6 0.0 0.0 27.6
23.7 0.0 0.0 27.7
23.8 0.0 0.0 27.9
23.9 0.0 0.0 28.0
24.0 0.0 0.0 28.1
24.1 0.0 0.0 28.2
24.2 0.0 0.0 28.4
24.3 0.0 0.0 28.5
24.4 0.0 0.0 28.6
24.5 0.0 0.0 28.7
24.6 0.0 0.0 28.9
24.7 0.0 0.0 29.0
24.8 0.0 0.0 29.1
24.9 0.0 0.0 29.2
25.0 0.0 0.0 29.4
25.1 0.0 0.0 29.5
25.2 0.0 0.0 29.6
25.3 0.0 0.0 29.7
25.4 0.0 0.0 29.9
25.5 0.0 0.0 30.0
25.6 0.0 0.0 30.1
25.7 0.0 0.0 30.2
25.8 0.0 0.0 30.4
25.9 0.0 0.0 30.5
26.0 0.0 0.0 30.6
26.1 0.0 0.0 30.7
26.2 0.0 0.0 30.8
26.3 0.0 0.0 30.9
26.4 0.0 0.0 31.0
26.5 0.0 0.0 31.1
26.6 0.0 0.0 31.1
26.7 0.0 0.0 31.2
26.8 0.0 0.0 31.3
26.9 0.0 0.0 31.4
27.0 0.0 0.0 31.5
27.1 0.0 0.0 31.6
27.2 0.0 0.0 31.7
27.3 0.0 0.0 31.8
27.4 0.0 0.0 31.9
27.5 0.0 0.0 31.9
27.6 0.0 0.0 32.0
27.7 0.0 0.0 32.1
27.8 0.0 0.0 32.3
27.9 0.0 0.0 32.4
28.0 0.0 0.0 32.5
28.1 0.0 0.0 32.6
28.2 0.0 0.0 32.7
28.3 0.0 0.0 32.8
28.4 0.0 0.0 32.9
28.5 0.0 0.0 33.0
28.6 0.0 0.0 33.2
28.7 0.0 0.0 33.3
28.8 0.0 0.0 33.4
28.9 0.0 0.0 33.5
29.0 0.0 0.0 33.6
29.1 0.0 0.0 33.8
29.2 0.0 0.0 33.9
29.3 0.0 0.0 34.0
29.4 0.0 0.0 34.1
29.5 0.0 0.0 34.3
29.6 0.0 0.0 34.4
29.7 0.0 0.0 34.5
29.8 0.0 0.0 34.6
29.9 0.0 0.0 34.8
30.0 0.0 0.0 34.9
30.1 0.0 0.0 35.0
30.2 0.0 0.0 35.1
30.3 0.0 0.0 35.3
30.4 0.0 0.0 35.4
30.5 0.0 0.0 35.5
30.6 0.0 0.0 35.6
30.7 0.0 0.0 35.8
30.8 0.0 0.0 35.9
30.9 0.0 0.0 36.0
31.0 0.0 0.0 36.1
31.1 0.0 0.0 36.3
31.2 0.0 0.0 36.4
31.3 0.0 0.0 36.5
31.4 0.0 0.0 36.6
31.5 0.0 0.0 36.7
31.6 0.0 0.0 36.9
31.7 0.0 0.0 37.0
31.8 0.0 0.0 37.1
31.9 0.0 0.0 37.2
32.0 0.0 0.0 37.4
32.1 0.0 0.0 37.5
32.2 0.0 0.0 37.6
32.3 0.0 0.0 37.7
32.4 0.0 0.0 37.9
32.5 0.0 0.0 38.0
32.6 0.0 0.0 38.1
32.7 0.0 0.0 38.2
32.8 0.0 0.0 38.4
32.9 0.0 0.0 38.5
33.0 0.0 0.0 38.6
33.1 0.0 0.0 38.7
33.2 0.0 0.0 38.9
33.3 0.0 0.0 39.0
33.4 0.0 0.0 39.1
33.5 0.0 0.0 39.2
33.6 0.0 0.0 39.4
33.7 0.0 0.0 39.5
33.8 0.0 0.0 39.6
33.9 0.0 0.0 39.7
34.0 0.0 0.0 39.9
34.1 0.0 0.0 40.0
34.2 0.0 0.0 40.1
34.3 0.0 0.0 40.2
34.4 0.0 0.0 40.4
34.5 0.0 0.0 40.5
34.6 0.0 0.0 40.6
34.7 0.0 0.0 40.7
34.8 0.0 0.0 40.9
34.9 0.0 0.0 41.0
35.0 0.0 0.0 41.1
35.1 0.0 0.0 41.2
35.2 0.0 0.0 41.4
35.3 0.0 0.0 41.5
35.4 0.0 0.0 41.6
35.5 0.0 0.0 41.7
35.6 0.0 0.0 41.9
35.7 0.0 0.0 42.0
35.8 0.0 0.0 42.1
35.9 0.0 0.0 42.2
36.0 0.0 0.0 42.4
36.1 0.0 0.0 42.5
36.2 0.0 0.0 42.6
36.3 0.0 0.0 42.7
36.4 0.0 0.0 42.9
36.5 0.0 0.0 43.0
36.6 0.0 0.0 43.1
36.7 0.0 0.0 43.2
36.8 0.0 0.0 43.4
36.9 0.0 0.0 43.5
37.0 0.0 0.0 43.6
37.1 0.0 0.0 43.7
37.2 0.0 0.0 43.9
37.3 0.0 0.0 44.0
37.4 0.0 0.0 44.1
37.5 0.0 0.0 44.2
37.6 0.0 0.0 44.4
37.7 0.0 0.0 44.5
37.8 0.0 0.0 44.6
37.9 0.0 0.0 44.7
38.0 0.0 0.0 44.9
38.1 0.0 0.0 45.0
38.2 0.0 0.0 45.1
38.3 0.0 0.0 45.2
38.4 0.0 0.0 45.4
38.5 0.0 0.0 45.5
38.6 0.0 0.0 45.6
38.7 0.0 0.0 45.7
38.8 0.0 0.0 45.9
38.9 0.0 0.0 46.0
39.0 0.0 0.0 46.1
39.1 0.0 0.0 46.2
39.2 0.0 0.0 46.4
39.3 0.0 0.0 46.5
39.4 0.0 0.0 46.6
39.5 0.0 0.0 46.7
39.6 0.0 0.0 46.9
39.7 0.0 0.0 47.0
39.8 0.0 0.0 47.1
39.9 0.0 0.0 47.2
40.0 0.0 0.0 47.4
40.1 0.0 0.0 47.5
40.2 0.0 0.0 47.6
40.3 0.0 0.0 47.7
40.4 0.0 0.0 47.9
40.5 0.0 0.0 48.0
40.6 0.0 0.0 48.1
40.7 0.0 0.0 48.2
40.8 0.0 0.0 48.4
40.9 0.0 0.0 48.5
41.0 0.0 0.0 48.6
41.1 0.0 0.0 48.7
41.2 0.0 0.0 48.9
41.3 0.0 0.0 49.0
41.4 0.0 0.0 49.1
41.5 0.0 0.0 49.2
41.6 0.0 0.0 49.4
41.7 0.0 0.0 49.5
41.8 0.0 0.0 49.6
41.9 0.0 0.0 49.7
42.0 0.0 0.0 49.9
42.1 0.0 0.0 50.0
42.2 0.0 0.0 50.1
42.3 0.0 0.0 50.2
42.4 0.0 0.0 50.4
42.5 0.0 0.0 50.5
42.6 0.0 0.0 50.6
42.7 0.0 0.0 50.7
42.8 0.0 0.0 50.9
42.9 0.0 0.0 51.0
43.0 0.0 0.0 51.1
43.1 0.0 0.0 51.2
43.2 0.0 0.0 51.4
43.3 0.0 0.0 51.5
43.4 0.0 0.0 51.6
43.5 0.0 0.0 51.7
43.6 0.0 0.0 51.9
43.7 0.0 0.0 52.0
43.8 0.0 0.0 52.1
43.9 0.0 0.0 52.2
44.0 0.0 0.0 52.4
44.1 0.0 0.0 52.5
44.2 0.0 0.0 52.6
44.3 0.0 0.0 52.7
44.4 0.0 0.0 52.8
44.5 0.0 0.0 53.0
44.6 0.0 0.0 53.1
44.7 0.0 0.0 53.2
44.8 0.0 0.0 53.3
44.9 0.0 0.0 53.4
45.0 0.0 0.0 53.5
45.1 0.0 0.0 53.6
45.2 0.0 0.0 53.8
45.3 0.0 0.0 53.9
45.4 0.0 0.0 54.0
45.5 0.0 0.0 54.1
45.6 0.0 0.0 54.2
45.7 0.0 0.0 54.4
45.8 0.0 0.0 54.5
45.9 0.0 0.0 54.6
46.0 0.0 0.0 54.7
46.1 0.0 0.0 54.8
46.2 0.0 0.0 55.0
46.3 0.0 0.0 55.1
46.4 0.0 0.0 55.2
46.5 0.0 0.0 55.3
46.6 0.0 0.0 55.5
46.7 0.0 0.0 55.6
46.8 0.0 0.0 55.7
46.9 0.0 0.0 55.8
47.0 0.0 0.0 56.0
47.1 0.0 0.0 56.1
47.2 0.0 0.0 56.2
47.3 0.0 0.0 56.3
47.4 0.0 0.0 56.4
47.5 0.0 0.0 56.6
47.6 0.0 0.0 56.7
47.7 0.0 0.0 56.8
47.8 0.0 0.0 56.9
47.9 0.0 0.0 57.1
48.0 0.0 0.0 57.2
48.1 0.0 0.0 57.3
48.2 0.0 0.0 57.4
48.3 0.0 0.0 57.6
48.4 0.0 0.0 57.7
48.5 0.0 0.0 57.8
48.6 0.0 0.0 57.9
48.7 0.0 0.0 58.1
48.8 0.0 0.0 58.2
48.9 0.0 0.0 58.3
49.0 0.0 0.0 58.4
49.1 0.0 0.0 58.6
49.2 0.0 0.0 58.7
49.3 0.0 0.0 58.8
49.4 0.0 0.0 58.9
49.5 0.0 0.0 59.1
49.6 0.0 0.0 59.2
49.7 0.0 0.0 59.3
49.8 0.0 0.0 59.4
49.9 0.0 0.0 59.6
