0.0 3.5 -6.44e-10 0.0155
0.1 3.5 4.62e-08 0.0591
0.2 3.5 1.46e-06 0.125
0.3 3.5 1.02e-05 0.207
0.4 3.5 -6.8e-05 0.293
0.5 3.5 -0.00033 0.378
0.6 3.5 -0.00094 0.453
0.7 3.5 -0.00201 0.519
0.8 3.5 -0.00348 0.573
0.9 3.5 -0.00528 0.618
1.0 3.5 -0.00737 0.652
1.1 3.5 -0.0097 0.678
1.2 3.5 -0.0122 0.696
1.3 3.5 -0.015 0.707
1.4 3.5 -0.0179 0.711
1.5 3.5 -0.021 0.709
1.6 3.5 -0.0241 0.702
1.7 3.5 -0.0275 0.69
1.8 3.5 -0.0309 0.674
1.9 3.5 -0.0344 0.655
2.0 3.5 -0.038 0.632
2.1 3.5 -0.0417 0.607
2.2 3.5 -0.0454 0.579
2.3 3.5 -0.0492 0.549
2.4 3.5 -0.0531 0.518
2.5 3.5 -0.057 0.486
2.6 3.5 -0.061 0.454
2.7 3.51 -0.065 0.422
2.8 3.51 -0.069 0.393
2.9 3.51 -0.0731 0.366
3.0 3.51 -0.0772 0.342
3.1 3.51 -0.0813 0.324
3.2 3.51 -0.0854 0.31
3.3 3.51 -0.0895 0.303
3.4 3.51 -0.0936 0.302
3.5 3.51 -0.0976 0.306
3.6 3.52 -0.102 0.314
3.7 3.52 -0.106 0.326
3.8 3.52 -0.11 0.34
3.9 3.52 -0.114 0.355
4.0 3.52 -0.118 0.37
4.1 3.52 -0.121 0.384
4.2 3.52 -0.125 0.397
4.3 3.53 -0.129 0.407
4.4 3.53 -0.133 0.416
4.5 3.53 -0.136 0.422
4.6 3.53 -0.14 0.426
4.7 3.53 -0.143 0.428
4.8 3.53 -0.147 0.427
4.9 3.54 -0.15 0.425
5.0 3.54 -0.153 0.422
5.1 3.54 -0.156 0.417
5.2 3.54 -0.16 0.411
5.3 3.54 -0.163 0.404
5.4 3.54 -0.166 0.398
5.5 3.55 -0.169 0.391
5.6 3.55 -0.171 0.385
5.7 3.55 -0.174 0.379
5.8 3.55 -0.177 0.374
5.9 3.55 -0.179 0.37
6.0 3.56 -0.182 0.367
6.1 3.56 -0.184 0.365
6.2 3.56 -0.186 0.365
6.3 3.56 -0.188 0.365
6.4 3.56 -0.19 0.366
6.5 3.56 -0.192 0.368
6.6 3.56 -0.194 0.371
6.7 3.57 -0.195 0.374
6.8 3.57 -0.197 0.377
6.9 3.57 -0.199 0.38
7.0 3.57 -0.2 0.383
7.1 3.57 -0.201 0.386
7.2 3.57 -0.203 0.388
7.3 3.57 -0.204 0.39
7.4 3.57 -0.205 0.391
7.5 3.58 -0.206 0.392
7.6 3.58 -0.207 0.392
7.7 3.58 -0.208 0.392
7.8 3.58 -0.209 0.391
7.9 3.58 -0.209 0.39
8.0 3.58 -0.21 0.389
8.1 3.58 -0.211 0.388
8.2 3.58 -0.211 0.387
8.3 3.58 -0.212 0.385
8.4 3.58 -0.212 0.384
8.5 3.58 -0.213 0.383
8.6 3.58 -0.213 0.381
8.7 3.58 -0.214 0.38
8.8 3.59 -0.214 0.38
8.9 3.59 -0.214 0.379
9.0 3.59 -0.215 0.379
9.1 3.59 -0.215 0.379
9.2 3.59 -0.215 0.379
9.3 3.59 -0.216 0.38
9.4 3.59 -0.216 0.38
9.5 3.59 -0.217 0.381
9.6 3.59 -0.217 0.381
9.7 3.59 -0.218 0.382
9.8 3.59 -0.218 0.383
9.9 3.59 -0.219 0.383
10.0 3.59 -0.219 0.384
10.1 3.59 -0.22 0.384
10.2 3.59 -0.22 0.385
10.3 3.59 -0.221 0.385
10.4 3.6 -0.221 0.385
10.5 3.6 -0.222 0.385
10.6 3.6 -0.222 0.385
10.7 3.6 -0.223 0.385
10.8 3.6 -0.223 0.385
10.9 3.6 -0.223 0.384
11.0 3.6 -0.224 0.384
11.1 3.6 -0.224 0.384
11.2 3.6 -0.224 0.384
11.3 3.6 -0.224 0.383
11.4 3.6 -0.225 0.383
11.5 3.6 -0.225 0.383
11.6 3.6 -0.225 0.383
11.7 3.6 -0.225 0.383
11.8 3.6 -0.225 0.382
11.9 3.6 -0.225 0.382
12.0 3.6 -0.224 0.382
12.1 3.6 -0.222 0.383
12.2 3.59 -0.219 0.383
12.3 3.59 -0.214 0.383
12.4 3.58 -0.209 0.383
12.5 3.57 -0.201 0.383
12.6 3.56 -0.191 0.383
12.7 3.54 -0.177 0.383
12.8 3.53 -0.16 0.384
12.9 3.51 -0.139 0.384
13.0 3.5 -0.114 0.384
13.1 3.48 -0.0861 0.384
13.2 3.47 -0.0543 0.384
13.3 3.46 -0.0181 0.384
13.4 3.45 0.0227 0.384
13.5 3.44 0.0677 0.384
13.6 3.43 0.116 0.384
13.7 3.42 0.168 0.384
13.8 3.41 0.223 0.384
13.9 3.4 0.285 0.384
14.0 3.39 0.347 0.384
14.1 3.37 0.399 0.384
14.2 3.36 0.44 0.384
14.3 3.35 0.471 0.384
14.4 3.34 0.494 0.384
14.5 3.34 0.508 0.384
14.6 3.33 0.516 0.384
14.7 3.33 0.517 0.384
14.8 3.33 0.515 0.384
14.9 3.34 0.511 0.384
15.0 3.34 0.507 0.384
15.1 3.35 0.502 0.384
15.2 3.35 0.499 0.384
15.3 3.36 0.497 0.384
15.4 3.36 0.495 0.384
15.5 3.37 0.495 0.384
15.6 3.37 0.495 0.384
15.7 3.37 0.495 0.384
15.8 3.36 0.495 0.384
15.9 3.35 0.495 0.384
16.0 3.34 0.494 0.384
16.1 3.33 0.493 0.384
16.2 3.31 0.493 0.384
16.3 3.3 0.493 0.384
16.4 3.28 0.493 0.384
16.5 3.25 0.495 0.384
16.6 3.23 0.499 0.384
16.7 3.2 0.505 0.384
16.8 3.18 0.514 0.384
16.9 3.15 0.523 0.384
17.0 3.13 0.531 0.384
17.1 3.12 0.538 0.384
17.2 3.11 0.544 0.384
17.3 3.1 0.548 0.384
17.4 3.1 0.553 0.384
17.5 3.09 0.558 0.384
17.6 3.08 0.563 0.384
17.7 3.06 0.568 0.384
17.8 3.05 0.575 0.384
17.9 3.03 0.581 0.384
18.0 3.02 0.586 0.384
18.1 3.01 0.591 0.384
18.2 3.0 0.594 0.384
18.3 3.0 0.597 0.384
18.4 2.99 0.6 0.384
18.5 2.99 0.602 0.384
18.6 2.98 0.604 0.384
18.7 2.98 0.605 0.384
18.8 2.98 0.607 0.384
18.9 2.98 0.609 0.384
19.0 2.97 0.611 0.384
19.1 2.96 0.615 0.384
19.2 2.96 0.619 0.384
19.3 2.95 0.624 0.384
19.4 2.93 0.631 0.384
19.5 2.92 0.638 0.384
19.6 2.9 0.647 0.384
19.7 2.88 0.659 0.384
19.8 2.86 0.671 0.384
19.9 2.83 0.686 0.384
20.0 2.79 0.702 0.384
20.1 2.76 0.719 0.384
20.2 2.72 0.738 0.384
20.3 2.68 0.758 0.384
20.4 2.64 0.78 0.384
20.5 2.6 0.802 0.384
20.6 2.55 0.825 0.384
20.7 2.51 0.849 0.384
20.8 2.47 0.873 0.384
20.9 2.42 0.897 0.384
21.0 2.38 0.921 0.384
21.1 2.34 0.945 0.384
21.2 2.29 0.97 0.384
21.3 2.25 0.994 0.384
21.4 2.2 1.02 0.384
21.5 2.15 1.04 0.383
21.6 2.11 1.06 0.383
21.7 2.06 1.08 0.383
21.8 2.02 1.1 0.383
21.9 1.98 1.11 0.383
22.0 1.93 1.13 0.383
22.1 1.89 1.14 0.383
22.2 1.84 1.16 0.383
22.3 1.8 1.17 0.383
22.4 1.75 1.18 0.383
22.5 1.7 1.19 0.383
22.6 1.65 1.19 0.383
22.7 1.59 1.19 0.383
22.8 1.54 1.2 0.383
22.9 1.49 1.2 0.383
23.0 1.44 1.21 0.383
23.1 1.39 1.22 0.383
23.2 1.34 1.22 0.383
23.3 1.29 1.23 0.383
23.4 1.24 1.25 0.383
23.5 1.2 1.26 0.383
23.6 1.15 1.28 0.383
23.7 1.11 1.29 0.383
23.8 1.07 1.31 0.383
23.9 1.03 1.33 0.383
24.0 0.994 1.35 0.383
24.1 0.959 1.37 0.383
24.2 0.924 1.4 0.383
24.3 0.892 1.42 0.383
24.4 0.862 1.45 0.383
24.5 0.834 1.47 0.383
24.6 0.809 1.5 0.383
24.7 0.785 1.53 0.383
24.8 0.764 1.55 0.383
24.9 0.745 1.58 0.383
25.0 0.728 1.6 0.383
25.1 0.712 1.63 0.383
25.2 0.699 1.65 0.383
25.3 0.686 1.68 0.383
25.4 0.675 1.7 0.383
25.5 0.665 1.73 0.383
25.6 0.655 1.75 0.383
25.7 0.644 1.77 0.383
25.8 0.634 1.8 0.383
25.9 0.622 1.82 0.383
26.0 0.609 1.84 0.383
26.1 0.596 1.86 0.383
26.2 0.581 1.88 0.383
26.3 0.564 1.9 0.383
26.4 0.547 1.91 0.383
26.5 0.529 1.93 0.383
26.6 0.509 1.94 0.384
26.7 0.489 1.95 0.384
26.8 0.468 1.96 0.384
26.9 0.447 1.97 0.384
27.0 0.428 1.98 0.384
27.1 0.412 1.99 0.384
27.2 0.399 1.99 0.384
27.3 0.39 2.0 0.384
27.4 0.384 2.0 0.384
27.5 0.38 2.0 0.384
27.6 0.379 2.0 0.384
27.7 0.379 2.0 0.384
27.8 0.382 2.0 0.384
27.9 0.385 2.0 0.384
28.0 0.39 1.99 0.384
28.1 0.395 1.98 0.384
28.2 0.4 1.98 0.383
28.3 0.405 1.96 0.383
28.4 0.409 1.95 0.383
28.5 0.411 1.94 0.383
28.6 0.413 1.92 0.383
28.7 0.412 1.91 0.383
28.8 0.41 1.89 0.383
28.9 0.406 1.87 0.383
29.0 0.399 1.85 0.383
29.1 0.39 1.84 0.384
29.2 0.379 1.82 0.384
29.3 0.366 1.8 0.384
29.4 0.35 1.79 0.384
29.5 0.333 1.78 0.384
29.6 0.314 1.77 0.384
29.7 0.293 1.76 0.384
29.8 0.272 1.75 0.384
29.9 0.25 1.75 0.384
30.0 0.227 1.75 0.384
30.1 0.205 1.75 0.384
30.2 0.183 1.76 0.384
30.3 0.162 1.77 0.384
30.4 0.142 1.78 0.384
30.5 0.123 1.79 0.384
30.6 0.106 1.81 0.384
30.7 0.0914 1.82 0.384
30.8 0.0788 1.84 0.384
30.9 0.0685 1.86 0.384
31.0 0.0607 1.88 0.384
31.1 0.0556 1.91 0.384
31.2 0.0531 1.93 0.384
31.3 0.0533 1.95 0.384
31.4 0.056 1.97 0.384
31.5 0.0611 1.99 0.384
31.6 0.0685 2.01 0.384
31.7 0.078 2.03 0.384
31.8 0.0893 2.04 0.384
31.9 0.102 2.06 0.384
32.0 0.116 2.07 0.384
32.1 0.13 2.08 0.384
32.2 0.145 2.09 0.384
32.3 0.158 2.1 0.384
32.4 0.17 2.11 0.384
32.5 0.18 2.11 0.384
32.6 0.189 2.11 0.384
32.7 0.197 2.12 0.384
32.8 0.203 2.12 0.384
32.9 0.207 2.12 0.384
33.0 0.21 2.12 0.384
33.1 0.212 2.12 0.384
33.2 0.211 2.12 0.384
33.3 0.209 2.12 0.384
33.4 0.204 2.12 0.384
33.5 0.198 2.12 0.384
33.6 0.19 2.12 0.384
33.7 0.18 2.12 0.384
33.8 0.169 2.12 0.384
33.9 0.157 2.12 0.384
34.0 0.143 2.12 0.384
34.1 0.128 2.12 0.384
34.2 0.113 2.12 0.384
34.3 0.0964 2.12 0.384
34.4 0.0793 2.12 0.384
34.5 0.0617 2.12 0.384
34.6 0.0435 2.12 0.384
34.7 0.0249 2.13 0.384
34.8 0.00765 2.13 0.384
34.9 -0.00669 2.13 0.384
35.0 -0.0183 2.14 0.384
35.1 -0.0276 2.14 0.384
35.2 -0.0347 2.14 0.384
35.3 -0.0404 2.14 0.384
35.4 -0.0449 2.15 0.384
35.5 -0.0484 2.15 0.384
35.6 -0.0511 2.15 0.384
35.7 -0.0532 2.15 0.384
35.8 -0.0547 2.16 0.384
35.9 -0.0557 2.16 0.384
36.0 -0.0562 2.16 0.384
36.1 -0.0564 2.16 0.384
36.2 -0.0564 2.16 0.384
36.3 -0.0562 2.16 0.384
36.4 -0.056 2.16 0.384
36.5 -0.0558 2.16 0.384
36.6 -0.0556 2.16 0.384
36.7 -0.0556 2.16 0.384
36.8 -0.056 2.15 0.384
36.9 -0.0569 2.15 0.384
37.0 -0.0585 2.15 0.384
37.1 -0.0624 2.14 0.384
37.2 -0.0709 2.13 0.384
37.3 -0.0847 2.12 0.384
37.4 -0.104 2.1 0.384
37.5 -0.13 2.08 0.384
37.6 -0.161 2.07 0.384
37.7 -0.197 2.05 0.384
37.8 -0.239 2.05 0.384
37.9 -0.284 2.04 0.384
38.0 -0.332 2.04 0.384
38.1 -0.381 2.05 0.384
38.2 -0.427 2.06 0.384
38.3 -0.471 2.08 0.384
38.4 -0.512 2.1 0.384
38.5 -0.549 2.13 0.384
38.6 -0.583 2.16 0.383
38.7 -0.613 2.19 0.383
38.8 -0.639 2.22 0.383
38.9 -0.659 2.25 0.383
39.0 -0.674 2.27 0.383
39.1 -0.685 2.29 0.383
39.2 -0.692 2.31 0.383
39.3 -0.696 2.32 0.383
39.4 -0.699 2.32 0.383
39.5 -0.699 2.32 0.383
39.6 -0.699 2.32 0.383
39.7 -0.696 2.32 0.383
39.8 -0.693 2.31 0.383
39.9 -0.688 2.3 0.383
40.0 -0.683 2.28 0.383
40.1 -0.676 2.26 0.383
40.2 -0.668 2.25 0.383
40.3 -0.658 2.23 0.383
40.4 -0.648 2.2 0.383
40.5 -0.636 2.18 0.383
40.6 -0.623 2.16 0.383
40.7 -0.609 2.13 0.383
40.8 -0.593 2.11 0.383
40.9 -0.577 2.08 0.383
41.0 -0.559 2.05 0.383
41.1 -0.541 2.03 0.383
41.2 -0.521 2.0 0.383
41.3 -0.501 1.98 0.383
41.4 -0.479 1.95 0.383
41.5 -0.457 1.92 0.383
41.6 -0.434 1.9 0.383
41.7 -0.41 1.87 0.383
41.8 -0.386 1.85 0.383
41.9 -0.361 1.83 0.383
42.0 -0.335 1.8 0.383
42.1 -0.309 1.78 0.383
42.2 -0.283 1.76 0.383
42.3 -0.256 1.73 0.383
42.4 -0.229 1.71 0.383
42.5 -0.202 1.69 0.383
42.6 -0.174 1.67 0.383
42.7 -0.147 1.65 0.383
42.8 -0.12 1.64 0.383
42.9 -0.093 1.62 0.383
43.0 -0.0673 1.6 0.383
43.1 -0.0427 1.58 0.383
43.2 -0.0192 1.56 0.383
43.3 0.00279 1.55 0.383
43.4 0.0233 1.53 0.383
43.5 0.042 1.51 0.383
43.6 0.059 1.49 0.383
43.7 0.0739 1.47 0.383
43.8 0.0869 1.44 0.383
43.9 0.0977 1.42 0.383
44.0 0.106 1.4 0.383
44.1 0.113 1.38 0.383
44.2 0.117 1.36 0.383
44.3 0.119 1.33 0.383
44.4 0.119 1.31 0.383
44.5 0.117 1.29 0.383
44.6 0.112 1.27 0.383
44.7 0.106 1.25 0.383
44.8 0.0977 1.22 0.383
44.9 0.0887 1.2 0.383
45.0 0.0793 1.18 0.383
45.1 0.0697 1.15 0.383
45.2 0.0598 1.12 0.383
45.3 0.0488 1.1 0.383
45.4 0.0359 1.07 0.383
45.5 0.0209 1.04 0.383
45.6 0.00341 1.01 0.383
45.7 -0.0167 0.98 0.383
45.8 -0.0397 0.951 0.383
45.9 -0.0656 0.923 0.383
46.0 -0.0945 0.896 0.383
46.1 -0.126 0.872 0.383
46.2 -0.161 0.85 0.383
46.3 -0.197 0.832 0.383
46.4 -0.236 0.817 0.383
46.5 -0.276 0.806 0.383
46.6 -0.318 0.8 0.383
46.7 -0.36 0.798 0.383
46.8 -0.402 0.801 0.383
46.9 -0.443 0.808 0.383
47.0 -0.483 0.82 0.383
47.1 -0.521 0.836 0.383
47.2 -0.558 0.856 0.383
47.3 -0.591 0.881 0.383
47.4 -0.621 0.908 0.383
47.5 -0.648 0.939 0.383
47.6 -0.671 0.971 0.383
47.7 -0.69 1.0 0.383
47.8 -0.708 1.04 0.383
47.9 -0.722 1.07 0.383
48.0 -0.733 1.09 0.384
48.1 -0.741 1.11 0.384
48.2 -0.748 1.12 0.384
48.3 -0.753 1.13 0.384
48.4 -0.756 1.14 0.384
48.5 -0.757 1.14 0.384
48.6 -0.757 1.14 0.384
48.7 -0.754 1.14 0.384
48.8 -0.748 1.13 0.384
48.9 -0.741 1.12 0.384
49.0 -0.73 1.12 0.384
49.1 -0.717 1.11 0.384
49.2 -0.701 1.1 0.384
49.3 -0.682 1.09 0.384
49.4 -0.661 1.08 0.384
49.5 -0.638 1.08 0.384
49.6 -0.615 1.08 0.384
49.7 -0.593 1.07 0.384
49.8 -0.572 1.07 0.384
49.9 -0.554 1.07 0.384
