0.0 3.0 -1.05e-07 0.997
0.1 3.01 -4.82e-07 0.989
0.2 3.03 -1.18e-06 0.976
0.3 3.05 0.000143 0.959
0.4 3.07 0.00104 0.938
0.5 3.09 0.00312 0.913
0.6 3.11 0.00646 0.886
0.7 3.13 0.0111 0.855
0.8 3.15 0.0169 0.823
0.9 3.18 0.0238 0.788
1.0 3.2 0.0316 0.752
1.1 3.22 0.0402 0.714
1.2 3.24 0.0496 0.675
1.3 3.26 0.0596 0.635
1.4 3.28 0.0702 0.595
1.5 3.3 0.0812 0.554
1.6 3.32 0.0927 0.513
1.7 3.34 0.105 0.473
1.8 3.36 0.117 0.435
1.9 3.37 0.129 0.399
2.0 3.39 0.142 0.366
2.1 3.41 0.155 0.338
2.2 3.43 0.169 0.316
2.3 3.44 0.182 0.301
2.4 3.46 0.196 0.293
2.5 3.47 0.21 0.292
2.6 3.49 0.224 0.298
2.7 3.51 0.238 0.309
2.8 3.52 0.253 0.324
2.9 3.54 0.267 0.341
3.0 3.55 0.282 0.36
3.1 3.57 0.297 0.378
3.2 3.58 0.312 0.395
3.3 3.6 0.326 0.41
3.4 3.61 0.341 0.423
3.5 3.62 0.355 0.433
3.6 3.64 0.369 0.44
3.7 3.65 0.383 0.445
3.8 3.66 0.397 0.448
3.9 3.68 0.41 0.448
4.0 3.69 0.422 0.446
4.1 3.71 0.434 0.442
4.2 3.72 0.445 0.437
4.3 3.74 0.455 0.43
4.4 3.75 0.465 0.423
4.5 3.77 0.473 0.415
4.6 3.78 0.48 0.407
4.7 3.8 0.486 0.4
4.8 3.82 0.49 0.392
4.9 3.83 0.494 0.386
5.0 3.85 0.495 0.38
5.1 3.87 0.495 0.376
5.2 3.88 0.494 0.373
5.3 3.9 0.491 0.371
5.4 3.91 0.487 0.371
5.5 3.92 0.481 0.371
5.6 3.94 0.475 0.373
5.7 3.95 0.467 0.375
5.8 3.96 0.458 0.378
5.9 3.97 0.449 0.381
6.0 3.97 0.439 0.385
6.1 3.98 0.429 0.388
6.2 3.98 0.418 0.391
6.3 3.99 0.408 0.394
6.4 3.99 0.398 0.397
6.5 3.99 0.388 0.399
6.6 3.99 0.379 0.401
6.7 3.99 0.37 0.402
6.8 3.98 0.362 0.402
6.9 3.98 0.355 0.402
7.0 3.98 0.349 0.402
7.1 3.97 0.343 0.401
7.2 3.97 0.338 0.4
7.3 3.96 0.335 0.399
7.4 3.96 0.332 0.397
7.5 3.95 0.329 0.396
7.6 3.95 0.328 0.394
7.7 3.95 0.327 0.393
7.8 3.94 0.327 0.392
7.9 3.94 0.327 0.39
8.0 3.93 0.328 0.39
8.1 3.93 0.327 0.39
8.2 3.91 0.325 0.392
8.3 3.89 0.324 0.395
8.4 3.86 0.325 0.4
8.5 3.82 0.33 0.405
8.6 3.78 0.342 0.411
8.7 3.73 0.36 0.418
8.8 3.68 0.386 0.424
8.9 3.64 0.42 0.43
9.0 3.59 0.461 0.435
9.1 3.55 0.51 0.44
9.2 3.51 0.559 0.447
9.3 3.47 0.603 0.456
9.4 3.44 0.643 0.468
9.5 3.4 0.681 0.482
9.6 3.36 0.717 0.497
9.7 3.32 0.752 0.512
9.8 3.28 0.789 0.529
9.9 3.24 0.828 0.545
10.0 3.19 0.869 0.561
10.1 3.15 0.914 0.577
10.2 3.11 0.963 0.593
10.3 3.08 1.02 0.608
10.4 3.04 1.07 0.623
10.5 3.01 1.13 0.638
10.6 2.98 1.19 0.653
10.7 2.96 1.25 0.67
10.8 2.93 1.31 0.688
10.9 2.92 1.36 0.707
11.0 2.9 1.42 0.728
11.1 2.88 1.47 0.75
11.2 2.87 1.53 0.773
11.3 2.86 1.58 0.797
11.4 2.85 1.63 0.823
11.5 2.84 1.68 0.85
11.6 2.83 1.72 0.88
11.7 2.82 1.76 0.912
11.8 2.8 1.8 0.946
11.9 2.78 1.83 0.982
12.0 2.77 1.87 1.02
12.1 2.75 1.9 1.06
12.2 2.73 1.93 1.1
12.3 2.72 1.96 1.14
12.4 2.7 2.0 1.17
12.5 2.69 2.03 1.21
12.6 2.68 2.06 1.26
12.7 2.67 2.08 1.3
12.8 2.66 2.09 1.34
12.9 2.64 2.09 1.38
13.0 2.62 2.09 1.42
13.1 2.6 2.09 1.46
13.2 2.57 2.08 1.5
13.3 2.53 2.08 1.54
13.4 2.49 2.07 1.58
13.5 2.45 2.07 1.62
13.6 2.4 2.06 1.66
13.7 2.35 2.06 1.71
13.8 2.29 2.06 1.75
13.9 2.24 2.07 1.79
14.0 2.19 2.08 1.83
14.1 2.15 2.09 1.87
14.2 2.12 2.1 1.9
14.3 2.1 2.11 1.94
14.4 2.09 2.12 1.97
14.5 2.08 2.13 1.99
14.6 2.07 2.13 2.02
14.7 2.07 2.12 2.04
14.8 2.07 2.11 2.06
14.9 2.07 2.1 2.08
15.0 2.07 2.08 2.1
15.1 2.07 2.05 2.11
15.2 2.06 2.02 2.12
15.3 2.04 1.99 2.13
15.4 2.02 1.96 2.14
15.5 1.99 1.92 2.14
15.6 1.95 1.89 2.14
15.7 1.92 1.86 2.14
15.8 1.88 1.83 2.14
15.9 1.83 1.8 2.14
16.0 1.79 1.78 2.13
16.1 1.74 1.77 2.12
16.2 1.69 1.75 2.11
16.3 1.64 1.75 2.1
16.4 1.6 1.74 2.09
16.5 1.55 1.75 2.07
16.6 1.5 1.75 2.06
16.7 1.46 1.77 2.04
16.8 1.42 1.78 2.03
16.9 1.38 1.8 2.01
17.0 1.35 1.82 2.0
17.1 1.33 1.84 1.99
17.2 1.31 1.85 1.98
17.3 1.29 1.86 1.97
17.4 1.28 1.85 1.96
17.5 1.26 1.84 1.95
17.6 1.24 1.82 1.93
17.7 1.22 1.8 1.92
17.8 1.19 1.78 1.91
17.9 1.15 1.75 1.89
18.0 1.12 1.73 1.88
18.1 1.09 1.72 1.86
18.2 1.07 1.71 1.85
18.3 1.04 1.7 1.83
18.4 1.01 1.69 1.82
18.5 0.989 1.69 1.8
18.6 0.965 1.68 1.79
18.7 0.939 1.67 1.77
18.8 0.914 1.67 1.75
18.9 0.887 1.66 1.73
19.0 0.859 1.65 1.72
19.1 0.829 1.64 1.7
19.2 0.797 1.63 1.68
19.3 0.764 1.62 1.66
19.4 0.728 1.62 1.64
19.5 0.69 1.61 1.62
19.6 0.65 1.61 1.59
19.7 0.607 1.6 1.57
19.8 0.562 1.6 1.54
19.9 0.515 1.6 1.52
20.0 0.465 1.61 1.49
20.1 0.414 1.61 1.47
20.2 0.361 1.63 1.44
20.3 0.308 1.64 1.41
20.4 0.256 1.67 1.39
20.5 0.205 1.7 1.36
20.6 0.154 1.73 1.33
20.7 0.103 1.76 1.3
20.8 0.0519 1.79 1.28
20.9 0.000392 1.82 1.25
21.0 -0.0509 1.85 1.23
21.1 -0.101 1.89 1.2
21.2 -0.151 1.93 1.18
21.3 -0.2 1.97 1.15
21.4 -0.247 2.02 1.13
21.5 -0.293 2.07 1.1
21.6 -0.335 2.11 1.08
21.7 -0.373 2.15 1.06
21.8 -0.408 2.18 1.04
21.9 -0.442 2.21 1.03
22.0 -0.475 2.22 1.02
22.1 -0.507 2.23 1.01
22.2 -0.54 2.24 0.997
22.3 -0.576 2.24 0.99
22.4 -0.615 2.24 0.985
22.5 -0.658 2.24 0.982
22.6 -0.706 2.23 0.979
22.7 -0.757 2.23 0.978
22.8 -0.813 2.23 0.978
22.9 -0.872 2.24 0.978
23.0 -0.929 2.25 0.98
23.1 -0.982 2.27 0.981
23.2 -1.03 2.29 0.984
23.3 -1.07 2.31 0.986
23.4 -1.11 2.34 0.989
23.5 -1.14 2.37 0.992
23.6 -1.16 2.39 0.996
23.7 -1.19 2.42 0.999
23.8 -1.2 2.45 1.0
23.9 -1.22 2.48 1.01
24.0 -1.23 2.51 1.01
24.1 -1.24 2.54 1.02
24.2 -1.24 2.56 1.02
24.3 -1.24 2.59 1.03
24.4 -1.24 2.61 1.03
24.5 -1.25 2.62 1.04
24.6 -1.25 2.62 1.04
24.7 -1.26 2.62 1.05
24.8 -1.28 2.62 1.06
24.9 -1.3 2.62 1.06
25.0 -1.33 2.61 1.07
25.1 -1.36 2.61 1.08
25.2 -1.4 2.61 1.09
25.3 -1.44 2.62 1.1
25.4 -1.49 2.63 1.1
25.5 -1.53 2.65 1.11
25.6 -1.58 2.67 1.12
25.7 -1.62 2.7 1.13
25.8 -1.67 2.74 1.14
25.9 -1.71 2.78 1.15
26.0 -1.74 2.83 1.16
26.1 -1.77 2.89 1.17
26.2 -1.8 2.95 1.18
26.3 -1.81 3.01 1.19
26.4 -1.82 3.08 1.2
26.5 -1.82 3.14 1.2
26.6 -1.82 3.2 1.21
26.7 -1.81 3.25 1.22
26.8 -1.8 3.3 1.22
26.9 -1.79 3.34 1.22
27.0 -1.77 3.38 1.22
27.1 -1.74 3.41 1.22
27.2 -1.72 3.44 1.23
27.3 -1.69 3.46 1.23
27.4 -1.67 3.47 1.24
27.5 -1.64 3.48 1.24
27.6 -1.62 3.48 1.25
27.7 -1.6 3.48 1.26
27.8 -1.58 3.48 1.27
27.9 -1.56 3.47 1.28
28.0 -1.54 3.46 1.29
28.1 -1.53 3.45 1.3
28.2 -1.53 3.43 1.31
28.3 -1.52 3.42 1.32
28.4 -1.52 3.4 1.33
28.5 -1.53 3.39 1.34
28.6 -1.53 3.38 1.35
28.7 -1.54 3.37 1.37
28.8 -1.55 3.36 1.38
28.9 -1.56 3.35 1.39
29.0 -1.58 3.34 1.4
29.1 -1.59 3.34 1.41
29.2 -1.6 3.34 1.43
29.3 -1.62 3.34 1.44
29.4 -1.63 3.35 1.45
29.5 -1.64 3.35 1.47
29.6 -1.66 3.36 1.48
29.7 -1.67 3.36 1.49
29.8 -1.68 3.37 1.5
29.9 -1.69 3.38 1.52
30.0 -1.7 3.38 1.53
30.1 -1.71 3.39 1.54
30.2 -1.72 3.4 1.56
30.3 -1.73 3.41 1.57
30.4 -1.74 3.42 1.58
30.5 -1.74 3.43 1.6
30.6 -1.75 3.44 1.61
30.7 -1.75 3.45 1.62
30.8 -1.75 3.47 1.64
30.9 -1.75 3.48 1.65
31.0 -1.76 3.49 1.66
31.1 -1.75 3.5 1.68
31.2 -1.75 3.51 1.69
31.3 -1.75 3.52 1.7
31.4 -1.74 3.53 1.72
31.5 -1.74 3.54 1.73
31.6 -1.73 3.55 1.74
31.7 -1.73 3.56 1.75
31.8 -1.72 3.56 1.77
31.9 -1.71 3.57 1.78
32.0 -1.7 3.57 1.79
32.1 -1.69 3.58 1.8
32.2 -1.68 3.58 1.82
32.3 -1.67 3.58 1.83
32.4 -1.66 3.58 1.84
32.5 -1.66 3.57 1.85
32.6 -1.65 3.57 1.86
32.7 -1.65 3.56 1.87
32.8 -1.64 3.56 1.88
32.9 -1.64 3.55 1.89
33.0 -1.64 3.54 1.9
33.1 -1.64 3.54 1.91
33.2 -1.64 3.53 1.91
33.3 -1.65 3.53 1.92
33.4 -1.65 3.52 1.93
33.5 -1.66 3.52 1.93
33.6 -1.66 3.52 1.94
33.7 -1.67 3.52 1.94
33.8 -1.68 3.52 1.95
33.9 -1.68 3.53 1.95
34.0 -1.69 3.53 1.96
34.1 -1.7 3.54 1.96
34.2 -1.7 3.55 1.96
34.3 -1.7 3.56 1.96
34.4 -1.7 3.57 1.97
34.5 -1.7 3.58 1.97
34.6 -1.7 3.59 1.97
34.7 -1.7 3.6 1.97
34.8 -1.7 3.6 1.97
34.9 -1.69 3.61 1.97
35.0 -1.69 3.61 1.97
35.1 -1.69 3.61 1.97
35.2 -1.69 3.6 1.97
35.3 -1.69 3.6 1.97
35.4 -1.69 3.59 1.97
35.5 -1.69 3.59 1.96
35.6 -1.7 3.59 1.96
35.7 -1.7 3.58 1.96
35.8 -1.7 3.57 1.95
35.9 -1.7 3.56 1.94
36.0 -1.7 3.54 1.94
36.1 -1.7 3.52 1.93
36.2 -1.71 3.49 1.92
36.3 -1.72 3.46 1.91
36.4 -1.73 3.42 1.9
36.5 -1.75 3.38 1.88
36.6 -1.78 3.33 1.87
36.7 -1.81 3.29 1.86
36.8 -1.85 3.24 1.84
36.9 -1.88 3.2 1.82
37.0 -1.93 3.15 1.8
37.1 -1.97 3.12 1.78
37.2 -2.0 3.09 1.76
37.3 -2.02 3.06 1.74
37.4 -2.03 3.04 1.71
37.5 -2.04 3.02 1.69
37.6 -2.04 3.0 1.66
37.7 -2.04 2.98 1.63
37.8 -2.03 2.95 1.6
37.9 -2.02 2.91 1.57
38.0 -2.01 2.87 1.55
38.1 -2.0 2.83 1.52
38.2 -2.0 2.79 1.49
38.3 -2.0 2.74 1.46
38.4 -2.0 2.69 1.43
38.5 -2.01 2.65 1.4
38.6 -2.02 2.6 1.37
38.7 -2.04 2.55 1.34
38.8 -2.06 2.51 1.31
38.9 -2.08 2.48 1.29
39.0 -2.11 2.45 1.26
39.1 -2.13 2.43 1.24
39.2 -2.14 2.42 1.21
39.3 -2.15 2.41 1.19
39.4 -2.16 2.41 1.17
39.5 -2.16 2.4 1.15
39.6 -2.16 2.4 1.13
39.7 -2.15 2.4 1.12
39.8 -2.14 2.4 1.1
39.9 -2.13 2.39 1.08
40.0 -2.11 2.38 1.07
40.1 -2.1 2.37 1.05
40.2 -2.08 2.35 1.04
40.3 -2.06 2.33 1.03
40.4 -2.04 2.31 1.01
40.5 -2.03 2.28 1.0
40.6 -2.02 2.25 0.988
40.7 -2.01 2.22 0.976
40.8 -2.01 2.18 0.964
40.9 -2.01 2.14 0.953
41.0 -2.01 2.11 0.942
41.1 -2.02 2.07 0.931
41.2 -2.04 2.03 0.921
41.3 -2.06 2.0 0.911
41.4 -2.08 1.97 0.9
41.5 -2.11 1.94 0.891
41.6 -2.14 1.91 0.881
41.7 -2.18 1.89 0.871
41.8 -2.21 1.87 0.862
41.9 -2.25 1.86 0.853
42.0 -2.29 1.85 0.844
42.1 -2.34 1.84 0.835
42.2 -2.38 1.85 0.826
42.3 -2.42 1.85 0.818
42.4 -2.45 1.86 0.81
42.5 -2.49 1.88 0.802
42.6 -2.52 1.9 0.796
42.7 -2.54 1.92 0.79
42.8 -2.56 1.94 0.785
42.9 -2.58 1.96 0.78
43.0 -2.59 1.98 0.776
43.1 -2.59 2.0 0.772
43.2 -2.6 2.02 0.769
43.3 -2.6 2.03 0.766
43.4 -2.6 2.05 0.764
43.5 -2.59 2.06 0.762
43.6 -2.58 2.07 0.761
43.7 -2.57 2.08 0.76
43.8 -2.56 2.08 0.76
43.9 -2.55 2.08 0.761
44.0 -2.54 2.08 0.762
44.1 -2.53 2.07 0.763
44.2 -2.52 2.06 0.766
44.3 -2.51 2.05 0.769
44.4 -2.5 2.03 0.773
44.5 -2.49 2.02 0.777
44.6 -2.48 1.99 0.785
44.7 -2.47 1.96 0.798
44.8 -2.45 1.92 0.815
44.9 -2.43 1.87 0.837
45.0 -2.42 1.82 0.862
45.1 -2.41 1.75 0.889
45.2 -2.4 1.68 0.92
45.3 -2.4 1.62 0.951
45.4 -2.4 1.57 0.981
45.5 -2.4 1.52 1.01
45.6 -2.39 1.49 1.04
45.7 -2.38 1.46 1.07
45.8 -2.36 1.43 1.1
45.9 -2.33 1.4 1.12
46.0 -2.3 1.37 1.15
46.1 -2.27 1.34 1.17
46.2 -2.23 1.3 1.2
46.3 -2.19 1.26 1.23
46.4 -2.15 1.22 1.25
46.5 -2.12 1.16 1.27
46.6 -2.08 1.1 1.3
46.7 -2.05 1.04 1.32
46.8 -2.02 0.962 1.35
46.9 -2.01 0.884 1.37
47.0 -1.99 0.801 1.39
47.1 -1.99 0.715 1.41
47.2 -2.0 0.627 1.44
47.3 -2.02 0.538 1.46
47.4 -2.04 0.45 1.48
47.5 -2.08 0.366 1.5
47.6 -2.11 0.288 1.52
47.7 -2.14 0.215 1.54
47.8 -2.17 0.144 1.56
47.9 -2.2 0.0832 1.58
48.0 -2.22 0.0379 1.59
48.1 -2.25 0.00584 1.61
48.2 -2.26 -0.0155 1.62
48.3 -2.27 -0.0289 1.62
48.4 -2.27 -0.037 1.63
48.5 -2.26 -0.0425 1.63
48.6 -2.24 -0.0476 1.63
48.7 -2.22 -0.0545 1.63
48.8 -2.19 -0.0651 1.63
48.9 -2.15 -0.0809 1.63
49.0 -2.11 -0.103 1.63
49.1 -2.07 -0.133 1.62
49.2 -2.03 -0.171 1.62
49.3 -1.99 -0.217 1.61
49.4 -1.95 -0.271 1.61
49.5 -1.91 -0.332 1.6
49.6 -1.89 -0.398 1.59
49.7 -1.86 -0.467 1.58
49.8 -1.85 -0.535 1.57
49.9 -1.84 -0.602 1.56
