0.0 2.0 -5.06e-06 0.998
0.1 2.0 -1.74e-05 0.993
0.2 1.99 -2.74e-05 0.984
0.3 1.99 -1.58e-05 0.973
0.4 1.98 4.66e-05 0.959
0.5 1.98 0.0002 0.943
0.6 1.97 0.000491 0.925
0.7 1.96 0.000772 0.912
0.8 1.96 0.000892 0.906
0.9 1.95 0.00088 0.907
1.0 1.94 0.000723 0.911
1.1 1.94 0.000409 0.919
1.2 1.93 -2e-05 0.928
1.3 1.92 -0.000584 0.939
1.4 1.92 -0.00127 0.95
1.5 1.91 -0.00206 0.962
1.6 1.9 -0.0029 0.972
1.7 1.89 -0.00361 0.983
1.8 1.88 -0.00434 0.993
1.9 1.87 -0.00521 1.0
2.0 1.86 -0.00598 1.01
2.1 1.84 -0.0064 1.02
2.2 1.83 -0.00622 1.03
2.3 1.82 -0.00597 1.04
2.4 1.8 -0.00614 1.05
2.5 1.79 -0.00647 1.06
2.6 1.77 -0.00665 1.07
2.7 1.76 -0.00637 1.07
2.8 1.74 -0.0053 1.08
2.9 1.72 -0.00316 1.09
3.0 1.7 0.000342 1.1
3.1 1.69 0.00366 1.11
3.2 1.67 0.00521 1.12
3.3 1.65 0.00534 1.14
3.4 1.63 0.00442 1.15
3.5 1.61 0.00272 1.17
3.6 1.59 0.000506 1.2
3.7 1.57 -0.00196 1.22
3.8 1.55 -0.00456 1.24
3.9 1.53 -0.00716 1.27
4.0 1.51 -0.00965 1.29
4.1 1.48 -0.012 1.32
4.2 1.46 -0.0142 1.35
4.3 1.44 -0.0161 1.38
4.4 1.41 -0.0179 1.41
4.5 1.39 -0.0194 1.44
4.6 1.36 -0.0208 1.48
4.7 1.34 -0.022 1.51
4.8 1.31 -0.023 1.55
4.9 1.28 -0.0238 1.59
5.0 1.26 -0.0246 1.63
5.1 1.23 -0.0252 1.67
5.2 1.2 -0.0257 1.72
5.3 1.17 -0.0261 1.76
5.4 1.14 -0.0265 1.81
5.5 1.12 -0.0267 1.86
5.6 1.09 -0.0269 1.91
5.7 1.06 -0.0271 1.96
5.8 1.03 -0.0271 2.01
5.9 0.998 -0.0271 2.06
6.0 0.967 -0.0272 2.12
6.1 0.937 -0.0273 2.17
6.2 0.906 -0.0273 2.23
6.3 0.875 -0.0274 2.29
6.4 0.843 -0.0275 2.35
6.5 0.811 -0.0277 2.41
6.6 0.779 -0.0278 2.47
6.7 0.747 -0.0279 2.53
6.8 0.714 -0.0282 2.59
6.9 0.68 -0.0284 2.65
7.0 0.647 -0.0286 2.71
7.1 0.613 -0.0287 2.77
7.2 0.578 -0.0289 2.84
7.3 0.544 -0.0291 2.9
7.4 0.509 -0.0292 2.96
7.5 0.474 -0.0293 3.02
7.6 0.439 -0.0296 3.08
7.7 0.403 -0.0299 3.14
7.8 0.367 -0.0301 3.2
7.9 0.331 -0.0304 3.26
8.0 0.295 -0.0306 3.32
8.1 0.258 -0.0308 3.37
8.2 0.221 -0.031 3.43
8.3 0.184 -0.0312 3.48
8.4 0.146 -0.0314 3.53
8.5 0.108 -0.0315 3.58
8.6 0.0701 -0.0317 3.62
8.7 0.0319 -0.0318 3.67
8.8 -0.00653 -0.0318 3.71
8.9 -0.0451 -0.0319 3.75
9.0 -0.0839 -0.0319 3.78
9.1 -0.123 -0.0319 3.82
9.2 -0.162 -0.0319 3.85
9.3 -0.201 -0.0319 3.87
9.4 -0.24 -0.0319 3.9
9.5 -0.28 -0.0319 3.92
9.6 -0.32 -0.0319 3.94
9.7 -0.359 -0.032 3.95
9.8 -0.399 -0.032 3.96
9.9 -0.439 -0.0321 3.96
10.0 -0.479 -0.0322 3.97
10.1 -0.52 -0.0322 3.97
10.2 -0.56 -0.0323 3.96
10.3 -0.601 -0.0324 3.95
10.4 -0.642 -0.0324 3.94
10.5 -0.682 -0.0324 3.92
10.6 -0.723 -0.0318 3.9
10.7 -0.764 -0.0309 3.88
10.8 -0.805 -0.0304 3.85
10.9 -0.846 -0.0301 3.82
11.0 -0.887 -0.03 3.79
11.1 -0.928 -0.03 3.76
11.2 -0.97 -0.0301 3.72
11.3 -1.01 -0.0302 3.68
11.4 -1.05 -0.0302 3.64
11.5 -1.09 -0.0304 3.6
11.6 -1.14 -0.0306 3.55
11.7 -1.18 -0.0308 3.51
11.8 -1.22 -0.031 3.46
11.9 -1.26 -0.0312 3.42
12.0 -1.3 -0.0313 3.37
12.1 -1.34 -0.0313 3.32
12.2 -1.39 -0.0313 3.27
12.3 -1.43 -0.0312 3.22
12.4 -1.47 -0.0312 3.17
12.5 -1.51 -0.0313 3.12
12.6 -1.55 -0.0314 3.07
12.7 -1.6 -0.0316 3.02
12.8 -1.64 -0.0318 2.97
12.9 -1.68 -0.0319 2.92
13.0 -1.72 -0.0319 2.87
13.1 -1.76 -0.0314 2.81
13.2 -1.81 -0.0298 2.76
13.3 -1.85 -0.0277 2.71
13.4 -1.89 -0.0259 2.65
13.5 -1.93 -0.024 2.6
13.6 -1.98 -0.0214 2.55
13.7 -2.02 -0.0174 2.49
13.8 -2.07 -0.0114 2.44
13.9 -2.11 -0.00497 2.39
14.0 -2.16 -0.000473 2.33
14.1 -2.2 0.00204 2.28
14.2 -2.23 0.00284 2.22
14.3 -2.27 0.00224 2.17
14.4 -2.31 0.000484 2.11
14.5 -2.35 -0.00158 2.06
14.6 -2.39 -0.00307 2.01
14.7 -2.42 -0.0034 1.95
14.8 -2.46 -0.00224 1.9
14.9 -2.49 0.000517 1.84
15.0 -2.53 0.00462 1.79
15.1 -2.56 0.00996 1.73
15.2 -2.59 0.0167 1.68
15.3 -2.63 0.0248 1.63
15.4 -2.66 0.034 1.57
15.5 -2.69 0.044 1.52
15.6 -2.72 0.0545 1.46
15.7 -2.74 0.065 1.41
15.8 -2.77 0.0751 1.35
15.9 -2.79 0.0851 1.3
16.0 -2.81 0.0945 1.25
16.1 -2.83 0.103 1.21
16.2 -2.85 0.11 1.18
16.3 -2.86 0.117 1.15
16.4 -2.88 0.122 1.12
16.5 -2.89 0.126 1.1
16.6 -2.91 0.13 1.08
16.7 -2.92 0.133 1.07
16.8 -2.94 0.136 1.06
16.9 -2.96 0.139 1.06
17.0 -2.99 0.145 1.07
17.1 -3.02 0.146 1.09
17.2 -3.06 0.135 1.11
17.3 -3.11 0.118 1.14
17.4 -3.17 0.0962 1.18
17.5 -3.23 0.0739 1.22
17.6 -3.29 0.053 1.26
17.7 -3.35 0.0348 1.31
17.8 -3.42 0.0201 1.36
17.9 -3.48 0.00893 1.41
18.0 -3.54 0.0011 1.46
18.1 -3.6 -0.00392 1.51
18.2 -3.65 -0.00652 1.57
18.3 -3.71 -0.00679 1.62
18.4 -3.75 -0.00483 1.68
18.5 -3.8 -0.000674 1.73
18.6 -3.84 0.00414 1.79
18.7 -3.88 0.00785 1.84
18.8 -3.92 0.0102 1.9
18.9 -3.95 0.0112 1.95
19.0 -3.99 0.011 2.01
19.1 -4.02 0.00967 2.06
19.2 -4.05 0.00781 2.12
19.3 -4.09 0.006 2.17
19.4 -4.12 0.00489 2.22
19.5 -4.16 0.00509 2.28
19.6 -4.2 0.00652 2.33
19.7 -4.23 0.00817 2.38
19.8 -4.25 0.00968 2.43
19.9 -4.28 0.0107 2.48
20.0 -4.3 0.011 2.53
20.1 -4.33 0.0105 2.58
20.2 -4.35 0.00913 2.62
20.3 -4.37 0.00726 2.67
20.4 -4.39 0.00512 2.72
20.5 -4.41 0.00275 2.76
20.6 -4.43 0.00028 2.8
20.7 -4.46 -0.00214 2.84
20.8 -4.48 -0.0044 2.89
20.9 -4.5 -0.00642 2.93
21.0 -4.52 -0.00819 2.97
21.1 -4.54 -0.00968 3.01
21.2 -4.56 -0.0109 3.04
21.3 -4.59 -0.0118 3.08
21.4 -4.61 -0.0124 3.11
21.5 -4.63 -0.0127 3.15
21.6 -4.65 -0.0127 3.18
21.7 -4.66 -0.0126 3.21
21.8 -4.68 -0.0124 3.24
21.9 -4.7 -0.012 3.27
22.0 -4.72 -0.0116 3.3
22.1 -4.74 -0.0112 3.33
22.2 -4.75 -0.0107 3.35
22.3 -4.77 -0.0102 3.38
22.4 -4.79 -0.00965 3.4
22.5 -4.8 -0.00903 3.42
22.6 -4.82 -0.00837 3.44
22.7 -4.83 -0.00775 3.46
22.8 -4.84 -0.00711 3.48
22.9 -4.86 -0.00647 3.5
23.0 -4.87 -0.00589 3.52
23.1 -4.88 -0.00531 3.53
23.2 -4.89 -0.00459 3.55
23.3 -4.9 -0.00363 3.56
23.4 -4.91 -0.00256 3.57
23.5 -4.92 -0.00156 3.58
23.6 -4.93 -0.00065 3.6
23.7 -4.94 0.00013 3.61
23.8 -4.95 0.00101 3.61
23.9 -4.95 0.0019 3.62
24.0 -4.96 0.0027 3.63
24.1 -4.96 0.00332 3.64
24.2 -4.97 0.00374 3.64
24.3 -4.97 0.00424 3.65
24.4 -4.98 0.00482 3.65
24.5 -4.98 0.00526 3.65
24.6 -4.98 0.00554 3.66
24.7 -4.98 0.00572 3.66
24.8 -4.99 0.00589 3.66
24.9 -4.99 0.00607 3.66
25.0 -4.99 0.00633 3.66
25.1 -4.99 0.00665 3.66
25.2 -4.99 0.00704 3.66
25.3 -4.98 0.00743 3.66
25.4 -4.98 0.00775 3.66
25.5 -4.98 0.00805 3.65
25.6 -4.98 0.00838 3.65
25.7 -4.97 0.00877 3.64
25.8 -4.97 0.00927 3.63
25.9 -4.96 0.00987 3.63
26.0 -4.96 0.0105 3.62
26.1 -4.95 0.0112 3.61
26.2 -4.94 0.0119 3.6
26.3 -4.93 0.013 3.59
26.4 -4.92 0.0146 3.57
26.5 -4.91 0.0162 3.56
26.6 -4.9 0.017 3.55
26.7 -4.89 0.0166 3.53
26.8 -4.88 0.015 3.52
26.9 -4.87 0.012 3.5
27.0 -4.86 0.00825 3.49
27.1 -4.85 0.00475 3.47
27.2 -4.83 0.0023 3.45
27.3 -4.82 0.00142 3.43
27.4 -4.81 0.00171 3.41
27.5 -4.8 0.00281 3.39
27.6 -4.78 0.00445 3.36
27.7 -4.77 0.00637 3.34
27.8 -4.75 0.00839 3.31
27.9 -4.73 0.0104 3.28
28.0 -4.71 0.0122 3.25
28.1 -4.69 0.0139 3.22
28.2 -4.68 0.0153 3.19
28.3 -4.66 0.0166 3.15
28.4 -4.64 0.0176 3.12
28.5 -4.61 0.0185 3.08
28.6 -4.59 0.0193 3.05
28.7 -4.57 0.0199 3.01
28.8 -4.55 0.0204 2.97
28.9 -4.53 0.0209 2.93
29.0 -4.5 0.0212 2.89
29.1 -4.48 0.0216 2.85
29.2 -4.46 0.0219 2.8
29.3 -4.43 0.0221 2.76
29.4 -4.41 0.0224 2.72
29.5 -4.39 0.0227 2.67
29.6 -4.36 0.0229 2.62
29.7 -4.34 0.0232 2.57
29.8 -4.31 0.0234 2.53
29.9 -4.28 0.0237 2.48
30.0 -4.26 0.0239 2.43
30.1 -4.23 0.0241 2.38
30.2 -4.2 0.0244 2.33
30.3 -4.17 0.0246 2.27
30.4 -4.15 0.0249 2.22
30.5 -4.12 0.0251 2.17
30.6 -4.09 0.0254 2.12
30.7 -4.06 0.0256 2.07
30.8 -4.03 0.0258 2.01
30.9 -4.0 0.026 1.96
31.0 -3.97 0.0262 1.91
31.1 -3.94 0.0264 1.85
31.2 -3.91 0.0267 1.8
31.3 -3.87 0.027 1.75
31.4 -3.84 0.0273 1.7
31.5 -3.81 0.0277 1.65
31.6 -3.78 0.0281 1.6
31.7 -3.75 0.0284 1.55
31.8 -3.71 0.0286 1.5
31.9 -3.68 0.0288 1.46
32.0 -3.65 0.0287 1.42
32.1 -3.61 0.0279 1.37
32.2 -3.58 0.0262 1.33
32.3 -3.55 0.0236 1.3
32.4 -3.52 0.0198 1.26
32.5 -3.49 0.0149 1.22
32.6 -3.47 0.00889 1.19
32.7 -3.44 0.00174 1.16
32.8 -3.42 -0.00665 1.13
32.9 -3.39 -0.0163 1.11
33.0 -3.37 -0.0269 1.08
33.1 -3.35 -0.0382 1.06
33.2 -3.34 -0.0496 1.04
33.3 -3.32 -0.0609 1.03
33.4 -3.31 -0.0718 1.02
33.5 -3.29 -0.0823 1.01
33.6 -3.28 -0.0922 1.0
33.7 -3.27 -0.102 1.0
33.8 -3.26 -0.11 1.0
33.9 -3.25 -0.118 1.01
34.0 -3.24 -0.126 1.01
34.1 -3.23 -0.133 1.03
34.2 -3.22 -0.139 1.04
34.3 -3.21 -0.146 1.06
34.4 -3.21 -0.151 1.08
34.5 -3.2 -0.157 1.11
34.6 -3.19 -0.163 1.13
34.7 -3.18 -0.168 1.16
34.8 -3.17 -0.174 1.2
34.9 -3.16 -0.18 1.24
35.0 -3.15 -0.186 1.28
35.1 -3.14 -0.194 1.32
35.2 -3.12 -0.204 1.37
35.3 -3.1 -0.213 1.42
35.4 -3.05 -0.221 1.47
35.5 -3.0 -0.231 1.52
35.6 -2.92 -0.234 1.58
35.7 -2.84 -0.224 1.64
35.8 -2.74 -0.206 1.71
35.9 -2.64 -0.183 1.78
36.0 -2.54 -0.157 1.85
36.1 -2.44 -0.131 1.93
36.2 -2.34 -0.108 2.01
36.3 -2.25 -0.0889 2.1
36.4 -2.16 -0.0727 2.18
36.5 -2.08 -0.0593 2.26
36.6 -2.0 -0.0484 2.34
36.7 -1.92 -0.04 2.42
36.8 -1.86 -0.0336 2.51
36.9 -1.79 -0.0287 2.59
37.0 -1.74 -0.0247 2.67
37.1 -1.68 -0.0213 2.75
37.2 -1.63 -0.0181 2.82
37.3 -1.58 -0.0151 2.9
37.4 -1.53 -0.012 2.98
37.5 -1.49 -0.00877 3.05
37.6 -1.44 -0.00539 3.12
37.7 -1.4 -0.0019 3.19
37.8 -1.36 0.00163 3.26
37.9 -1.32 0.00509 3.32
38.0 -1.27 0.0084 3.39
38.1 -1.23 0.0115 3.45
38.2 -1.19 0.0144 3.5
38.3 -1.15 0.017 3.56
38.4 -1.11 0.0193 3.61
38.5 -1.06 0.0214 3.66
38.6 -1.02 0.0231 3.7
38.7 -0.982 0.0247 3.74
38.8 -0.94 0.0259 3.78
38.9 -0.899 0.027 3.82
39.0 -0.857 0.0277 3.85
39.1 -0.816 0.0283 3.88
39.2 -0.775 0.0287 3.9
39.3 -0.734 0.0291 3.92
39.4 -0.694 0.0294 3.94
39.5 -0.653 0.0296 3.95
39.6 -0.613 0.0298 3.96
39.7 -0.572 0.0299 3.97
39.8 -0.532 0.03 3.97
39.9 -0.492 0.03 3.97
40.0 -0.452 0.03 3.96
40.1 -0.412 0.03 3.95
40.2 -0.372 0.0299 3.94
40.3 -0.332 0.0299 3.92
40.4 -0.293 0.0298 3.9
40.5 -0.253 0.0298 3.88
40.6 -0.214 0.0296 3.85
40.7 -0.175 0.0295 3.82
40.8 -0.135 0.0293 3.79
40.9 -0.0965 0.0291 3.76
41.0 -0.0578 0.0289 3.72
41.1 -0.0193 0.0286 3.68
41.2 0.019 0.0283 3.64
41.3 0.0571 0.028 3.6
41.4 0.0949 0.0277 3.56
41.5 0.133 0.0273 3.51
41.6 0.17 0.027 3.47
41.7 0.207 0.0266 3.42
41.8 0.244 0.0263 3.37
41.9 0.281 0.026 3.32
42.0 0.317 0.0257 3.28
42.1 0.353 0.0255 3.23
42.2 0.389 0.0252 3.18
42.3 0.425 0.0251 3.12
42.4 0.46 0.0249 3.07
42.5 0.495 0.0248 3.02
42.6 0.53 0.0247 2.97
42.7 0.565 0.0246 2.92
42.8 0.599 0.0245 2.87
42.9 0.634 0.0243 2.81
43.0 0.667 0.0241 2.76
43.1 0.701 0.0239 2.71
43.2 0.734 0.0237 2.65
43.3 0.767 0.0234 2.6
43.4 0.8 0.023 2.55
43.5 0.832 0.0228 2.49
43.6 0.863 0.0226 2.44
43.7 0.895 0.0223 2.39
43.8 0.926 0.022 2.33
43.9 0.956 0.0217 2.28
44.0 0.987 0.0212 2.22
44.1 1.02 0.0201 2.17
44.2 1.05 0.018 2.11
44.3 1.08 0.0144 2.06
44.4 1.11 0.00914 2.01
44.5 1.14 0.0019 1.95
44.6 1.17 -0.00509 1.9
44.7 1.19 -0.00953 1.84
44.8 1.22 -0.0116 1.79
44.9 1.25 -0.0118 1.73
45.0 1.27 -0.0108 1.68
45.1 1.3 -0.00883 1.63
45.2 1.32 -0.00639 1.58
45.3 1.35 -0.0037 1.53
45.4 1.37 -0.00102 1.48
45.5 1.4 0.00149 1.44
45.6 1.42 0.00374 1.4
45.7 1.45 0.00567 1.36
45.8 1.47 0.00726 1.33
45.9 1.49 0.00855 1.3
46.0 1.52 0.00955 1.27
46.1 1.54 0.0103 1.24
46.2 1.56 0.0108 1.21
46.3 1.58 0.0112 1.19
46.4 1.6 0.0113 1.17
46.5 1.63 0.0113 1.15
46.6 1.65 0.0113 1.14
46.7 1.66 0.0111 1.12
46.8 1.68 0.0109 1.11
46.9 1.7 0.0106 1.09
47.0 1.72 0.0102 1.08
47.1 1.74 0.00974 1.07
47.2 1.75 0.00929 1.06
47.3 1.77 0.0088 1.06
47.4 1.79 0.00835 1.05
47.5 1.8 0.00788 1.04
47.6 1.82 0.00738 1.04
47.7 1.83 0.00689 1.03
47.8 1.84 0.00639 1.03
47.9 1.86 0.00587 1.02
48.0 1.87 0.00532 1.02
48.1 1.88 0.00474 1.01
48.2 1.89 0.00412 1.01
48.3 1.9 0.00344 1.01
48.4 1.91 0.00278 1.01
48.5 1.92 0.0022 1.01
48.6 1.93 0.00164 1.01
48.7 1.94 0.00111 1.0
48.8 1.95 0.000587 1.0
48.9 1.95 9.33e-05 1.0
49.0 1.96 -0.000386 1.0
49.1 1.97 -0.00084 1.0
49.2 1.97 -0.00128 1.0
49.3 1.98 -0.00169 1.0
49.4 1.98 -0.002 1.0
49.5 1.98 -0.00214 1.0
49.6 1.99 -0.00226 1.0
49.7 1.99 -0.00281 1.0
49.8 1.99 -0.00448 1.0
49.9 1.99 -0.0076 1.0
