0.0 0.506 0.498 1.1
0.1 0.523 0.493 1.05
0.2 0.551 0.483 0.973
0.3 0.588 0.469 0.878
0.4 0.633 0.45 0.776
0.5 0.684 0.427 0.676
0.6 0.741 0.399 0.582
0.7 0.804 0.368 0.499
0.8 0.871 0.334 0.427
0.9 0.942 0.3 0.368
1.0 1.02 0.268 0.321
1.1 1.1 0.244 0.288
1.2 1.18 0.231 0.269
1.3 1.26 0.237 0.261
1.4 1.34 0.261 0.264
1.5 1.43 0.302 0.273
1.6 1.51 0.356 0.287
1.7 1.6 0.419 0.302
1.8 1.68 0.489 0.316
1.9 1.76 0.563 0.329
2.0 1.83 0.642 0.339
2.1 1.9 0.723 0.346
2.2 1.97 0.807 0.347
2.3 2.03 0.892 0.345
2.4 2.08 0.978 0.338
2.5 2.13 1.06 0.331
2.6 2.16 1.15 0.325
2.7 2.2 1.24 0.324
2.8 2.22 1.32 0.329
2.9 2.24 1.4 0.343
3.0 2.25 1.48 0.362
3.1 2.26 1.56 0.386
3.2 2.26 1.63 0.412
3.3 2.26 1.7 0.437
3.4 2.25 1.77 0.461
3.5 2.23 1.83 0.483
3.6 2.21 1.88 0.503
3.7 2.19 1.93 0.521
3.8 2.16 1.97 0.538
3.9 2.13 2.01 0.555
4.0 2.1 2.04 0.572
4.1 2.07 2.06 0.588
4.2 2.04 2.08 0.605
4.3 2.02 2.09 0.622
4.4 1.99 2.1 0.639
4.5 1.97 2.1 0.655
4.6 1.95 2.09 0.67
4.7 1.94 2.08 0.685
4.8 1.93 2.06 0.698
4.9 1.94 2.04 0.71
5.0 1.95 2.01 0.721
5.1 1.97 1.98 0.73
5.2 2.0 1.95 0.738
5.3 2.04 1.91 0.744
5.4 2.09 1.86 0.748
5.5 2.14 1.82 0.752
5.6 2.19 1.78 0.753
5.7 2.25 1.75 0.754
5.8 2.31 1.72 0.753
5.9 2.37 1.7 0.751
6.0 2.42 1.68 0.748
6.1 2.47 1.67 0.744
6.2 2.51 1.66 0.739
6.3 2.55 1.67 0.733
6.4 2.58 1.67 0.727
6.5 2.6 1.69 0.72
6.6 2.63 1.7 0.713
6.7 2.64 1.72 0.705
6.8 2.66 1.74 0.698
6.9 2.67 1.77 0.691
7.0 2.68 1.8 0.684
7.1 2.68 1.83 0.677
7.2 2.69 1.86 0.671
7.3 2.69 1.9 0.665
7.4 2.69 1.93 0.66
7.5 2.69 1.98 0.656
7.6 2.69 2.02 0.652
7.7 2.69 2.07 0.649
7.8 2.69 2.11 0.646
7.9 2.68 2.17 0.645
8.0 2.68 2.22 0.644
8.1 2.68 2.27 0.639
8.2 2.69 2.3 0.629
8.3 2.7 2.33 0.616
8.4 2.71 2.34 0.602
8.5 2.72 2.35 0.592
8.6 2.73 2.35 0.588
8.7 2.74 2.35 0.593
8.8 2.74 2.34 0.61
8.9 2.75 2.34 0.638
9.0 2.76 2.35 0.678
9.1 2.76 2.36 0.729
9.2 2.76 2.37 0.781
9.3 2.77 2.38 0.831
9.4 2.77 2.38 0.877
9.5 2.77 2.39 0.923
9.6 2.77 2.4 0.969
9.7 2.77 2.41 1.02
9.8 2.77 2.42 1.06
9.9 2.76 2.43 1.12
10.0 2.75 2.44 1.17
10.1 2.74 2.46 1.23
10.2 2.73 2.48 1.29
10.3 2.71 2.5 1.36
10.4 2.7 2.52 1.43
10.5 2.69 2.55 1.49
10.6 2.68 2.57 1.56
10.7 2.68 2.59 1.63
10.8 2.67 2.61 1.69
10.9 2.67 2.63 1.76
11.0 2.66 2.65 1.82
11.1 2.66 2.67 1.88
11.2 2.66 2.69 1.94
11.3 2.66 2.7 2.0
11.4 2.66 2.71 2.05
11.5 2.66 2.73 2.11
11.6 2.67 2.73 2.16
11.7 2.67 2.73 2.2
11.8 2.68 2.72 2.25
11.9 2.68 2.71 2.29
12.0 2.69 2.7 2.34
12.1 2.69 2.69 2.38
12.2 2.7 2.68 2.42
12.3 2.7 2.68 2.46
12.4 2.7 2.67 2.5
12.5 2.7 2.67 2.54
12.6 2.7 2.67 2.57
12.7 2.71 2.66 2.58
12.8 2.71 2.65 2.59
12.9 2.72 2.63 2.59
13.0 2.72 2.61 2.59
13.1 2.73 2.59 2.58
13.2 2.74 2.56 2.57
13.3 2.74 2.54 2.57
13.4 2.74 2.51 2.56
13.5 2.74 2.48 2.55
13.6 2.74 2.45 2.54
13.7 2.73 2.42 2.54
13.8 2.73 2.39 2.55
13.9 2.72 2.36 2.55
14.0 2.72 2.34 2.55
14.1 2.72 2.33 2.56
14.2 2.74 2.31 2.57
14.3 2.75 2.3 2.58
14.4 2.76 2.3 2.6
14.5 2.77 2.3 2.61
14.6 2.78 2.31 2.62
14.7 2.78 2.33 2.63
14.8 2.77 2.36 2.64
14.9 2.75 2.39 2.64
15.0 2.74 2.42 2.65
15.1 2.73 2.44 2.65
15.2 2.72 2.45 2.65
15.3 2.72 2.46 2.65
15.4 2.73 2.45 2.65
15.5 2.73 2.43 2.65
15.6 2.74 2.41 2.65
15.7 2.74 2.38 2.65
15.8 2.75 2.35 2.66
15.9 2.76 2.31 2.66
16.0 2.76 2.28 2.67
16.1 2.76 2.24 2.68
16.2 2.76 2.2 2.69
16.3 2.76 2.17 2.69
16.4 2.76 2.14 2.7
16.5 2.75 2.11 2.71
16.6 2.74 2.09 2.71
16.7 2.73 2.07 2.72
16.8 2.72 2.06 2.72
16.9 2.71 2.06 2.73
17.0 2.71 2.07 2.73
17.1 2.7 2.1 2.74
17.2 2.69 2.14 2.74
17.3 2.69 2.19 2.74
17.4 2.68 2.25 2.73
17.5 2.68 2.31 2.72
17.6 2.67 2.37 2.71
17.7 2.65 2.43 2.7
17.8 2.64 2.49 2.69
17.9 2.63 2.54 2.68
18.0 2.64 2.58 2.68
18.1 2.65 2.61 2.67
18.2 2.67 2.63 2.67
18.3 2.69 2.65 2.67
18.4 2.71 2.66 2.68
18.5 2.73 2.67 2.68
18.6 2.75 2.67 2.69
18.7 2.76 2.68 2.69
18.8 2.77 2.69 2.69
18.9 2.78 2.69 2.7
19.0 2.79 2.7 2.7
19.1 2.79 2.7 2.71
19.2 2.79 2.71 2.71
19.3 2.8 2.72 2.72
19.4 2.8 2.72 2.72
19.5 2.8 2.73 2.73
19.6 2.79 2.74 2.73
19.7 2.79 2.74 2.73
19.8 2.78 2.74 2.73
19.9 2.77 2.74 2.73
20.0 2.76 2.74 2.73
20.1 2.76 2.73 2.73
20.2 2.75 2.72 2.73
20.3 2.74 2.72 2.74
20.4 2.74 2.71 2.74
20.5 2.73 2.71 2.73
20.6 2.73 2.7 2.73
20.7 2.73 2.69 2.73
20.8 2.73 2.69 2.73
20.9 2.73 2.68 2.74
21.0 2.72 2.67 2.74
21.1 2.72 2.67 2.74
21.2 2.72 2.67 2.74
21.3 2.72 2.67 2.74
21.4 2.71 2.67 2.75
21.5 2.72 2.67 2.75
21.6 2.72 2.67 2.75
21.7 2.72 2.67 2.75
21.8 2.72 2.68 2.74
21.9 2.71 2.68 2.73
22.0 2.7 2.69 2.72
22.1 2.7 2.69 2.71
22.2 2.69 2.69 2.69
22.3 2.69 2.69 2.67
22.4 2.69 2.68 2.66
22.5 2.68 2.67 2.65
22.6 2.68 2.65 2.64
22.7 2.67 2.63 2.64
22.8 2.67 2.61 2.64
22.9 2.67 2.58 2.65
23.0 2.66 2.56 2.66
23.1 2.66 2.54 2.66
23.2 2.67 2.52 2.66
23.3 2.68 2.5 2.66
23.4 2.68 2.49 2.66
23.5 2.69 2.48 2.66
23.6 2.7 2.47 2.65
23.7 2.71 2.47 2.64
23.8 2.72 2.47 2.62
23.9 2.72 2.47 2.6
24.0 2.73 2.48 2.58
24.1 2.73 2.5 2.56
24.2 2.74 2.51 2.54
24.3 2.74 2.53 2.51
24.4 2.74 2.55 2.49
24.5 2.74 2.57 2.46
24.6 2.74 2.57 2.44
24.7 2.75 2.57 2.42
24.8 2.75 2.57 2.4
24.9 2.75 2.56 2.39
25.0 2.75 2.54 2.39
25.1 2.76 2.52 2.4
25.2 2.76 2.5 2.41
25.3 2.76 2.48 2.43
25.4 2.76 2.46 2.46
25.5 2.76 2.44 2.49
25.6 2.76 2.42 2.53
25.7 2.76 2.4 2.56
25.8 2.76 2.39 2.6
25.9 2.76 2.39 2.64
26.0 2.75 2.39 2.67
26.1 2.75 2.4 2.7
26.2 2.76 2.42 2.73
26.3 2.76 2.44 2.75
26.4 2.76 2.47 2.76
26.5 2.76 2.5 2.77
26.6 2.76 2.53 2.77
26.7 2.76 2.55 2.77
26.8 2.76 2.58 2.76
26.9 2.76 2.6 2.75
27.0 2.76 2.63 2.73
27.1 2.76 2.64 2.72
27.2 2.76 2.66 2.7
27.3 2.76 2.66 2.68
27.4 2.76 2.67 2.66
27.5 2.75 2.67 2.65
27.6 2.74 2.66 2.63
27.7 2.72 2.65 2.62
27.8 2.71 2.64 2.61
27.9 2.69 2.63 2.6
28.0 2.66 2.61 2.59
28.1 2.64 2.59 2.59
28.2 2.61 2.58 2.59
28.3 2.57 2.56 2.59
28.4 2.53 2.55 2.6
28.5 2.49 2.54 2.6
28.6 2.45 2.53 2.62
28.7 2.4 2.52 2.63
28.8 2.34 2.52 2.64
28.9 2.29 2.52 2.66
29.0 2.23 2.53 2.68
29.1 2.17 2.54 2.69
29.2 2.1 2.56 2.71
29.3 2.04 2.58 2.72
29.4 1.97 2.6 2.74
29.5 1.91 2.62 2.75
29.6 1.85 2.64 2.76
29.7 1.79 2.66 2.76
29.8 1.73 2.68 2.77
29.9 1.68 2.7 2.77
30.0 1.63 2.72 2.78
30.1 1.59 2.73 2.78
30.2 1.56 2.75 2.77
30.3 1.53 2.76 2.77
30.4 1.51 2.77 2.77
30.5 1.49 2.77 2.76
30.6 1.48 2.78 2.76
30.7 1.47 2.78 2.75
30.8 1.47 2.78 2.75
30.9 1.48 2.78 2.75
31.0 1.49 2.78 2.74
31.1 1.5 2.78 2.74
31.2 1.52 2.78 2.73
31.3 1.54 2.78 2.73
31.4 1.56 2.78 2.73
31.5 1.58 2.78 2.73
31.6 1.6 2.78 2.73
31.7 1.63 2.78 2.73
31.8 1.65 2.78 2.74
31.9 1.68 2.78 2.74
32.0 1.7 2.78 2.75
32.1 1.72 2.78 2.75
32.2 1.75 2.78 2.76
32.3 1.77 2.78 2.76
32.4 1.78 2.78 2.76
32.5 1.8 2.78 2.77
32.6 1.81 2.78 2.77
32.7 1.82 2.78 2.78
32.8 1.83 2.77 2.78
32.9 1.84 2.77 2.78
33.0 1.84 2.77 2.78
33.1 1.85 2.76 2.78
33.2 1.86 2.76 2.79
33.3 1.86 2.75 2.79
33.4 1.86 2.75 2.79
33.5 1.87 2.74 2.79
33.6 1.87 2.74 2.79
33.7 1.87 2.73 2.8
33.8 1.87 2.73 2.8
33.9 1.87 2.72 2.8
34.0 1.87 2.72 2.8
34.1 1.87 2.72 2.8
34.2 1.87 2.72 2.8
34.3 1.87 2.72 2.79
34.4 1.88 2.72 2.79
34.5 1.88 2.73 2.78
34.6 1.88 2.73 2.78
34.7 1.89 2.74 2.77
34.8 1.9 2.74 2.76
34.9 1.91 2.75 2.75
35.0 1.93 2.76 2.74
35.1 1.95 2.76 2.73
35.2 1.98 2.77 2.72
35.3 2.03 2.77 2.71
35.4 2.09 2.75 2.7
35.5 2.15 2.72 2.7
35.6 2.21 2.69 2.69
35.7 2.26 2.65 2.69
35.8 2.29 2.62 2.68
35.9 2.31 2.6 2.66
36.0 2.32 2.58 2.65
36.1 2.33 2.57 2.63
36.2 2.34 2.57 2.62
36.3 2.36 2.56 2.6
36.4 2.37 2.56 2.59
36.5 2.39 2.56 2.57
36.6 2.41 2.56 2.56
36.7 2.44 2.56 2.55
36.8 2.46 2.56 2.55
36.9 2.48 2.54 2.55
37.0 2.5 2.53 2.55
37.1 2.52 2.52 2.55
37.2 2.54 2.52 2.55
37.3 2.56 2.52 2.54
37.4 2.58 2.53 2.53
37.5 2.61 2.53 2.5
37.6 2.63 2.53 2.46
37.7 2.65 2.53 2.41
37.8 2.66 2.53 2.35
37.9 2.68 2.52 2.28
38.0 2.69 2.5 2.2
38.1 2.7 2.47 2.13
38.2 2.71 2.44 2.05
38.3 2.71 2.39 1.98
38.4 2.72 2.33 1.91
38.5 2.72 2.27 1.85
38.6 2.71 2.21 1.8
38.7 2.71 2.15 1.76
38.8 2.7 2.1 1.72
38.9 2.7 2.07 1.7
39.0 2.7 2.07 1.69
39.1 2.7 2.08 1.68
39.2 2.7 2.11 1.67
39.3 2.7 2.15 1.67
39.4 2.7 2.18 1.66
39.5 2.7 2.22 1.65
39.6 2.7 2.25 1.64
39.7 2.7 2.28 1.63
39.8 2.7 2.31 1.62
39.9 2.71 2.32 1.6
40.0 2.71 2.33 1.59
40.1 2.71 2.33 1.57
40.2 2.71 2.32 1.56
40.3 2.71 2.3 1.55
40.4 2.71 2.28 1.54
40.5 2.71 2.25 1.53
40.6 2.7 2.21 1.52
40.7 2.7 2.18 1.53
40.8 2.68 2.13 1.53
40.9 2.67 2.09 1.54
41.0 2.65 2.05 1.56
41.1 2.63 2.02 1.58
41.2 2.61 1.98 1.61
41.3 2.58 1.96 1.64
41.4 2.56 1.94 1.68
41.5 2.53 1.93 1.73
41.6 2.5 1.92 1.78
41.7 2.46 1.93 1.83
41.8 2.43 1.95 1.89
41.9 2.39 1.98 1.95
42.0 2.36 2.02 2.01
42.1 2.33 2.07 2.08
42.2 2.3 2.13 2.14
42.3 2.27 2.19 2.21
42.4 2.25 2.25 2.27
42.5 2.24 2.32 2.33
42.6 2.23 2.38 2.39
42.7 2.23 2.44 2.44
42.8 2.24 2.5 2.49
42.9 2.25 2.55 2.54
43.0 2.27 2.59 2.58
43.1 2.3 2.63 2.61
43.2 2.34 2.67 2.65
43.3 2.37 2.7 2.67
43.4 2.41 2.72 2.7
43.5 2.45 2.74 2.72
43.6 2.49 2.75 2.73
43.7 2.53 2.76 2.74
43.8 2.57 2.76 2.75
43.9 2.6 2.76 2.76
44.0 2.63 2.76 2.76
44.1 2.66 2.76 2.76
44.2 2.68 2.75 2.76
44.3 2.7 2.75 2.75
44.4 2.71 2.74 2.74
44.5 2.73 2.74 2.74
44.6 2.74 2.73 2.72
44.7 2.73 2.72 2.7
44.8 2.73 2.7 2.68
44.9 2.72 2.68 2.65
45.0 2.71 2.66 2.62
45.1 2.69 2.63 2.6
45.2 2.68 2.62 2.58
45.3 2.67 2.6 2.57
45.4 2.67 2.58 2.56
45.5 2.67 2.57 2.55
45.6 2.67 2.55 2.53
45.7 2.67 2.53 2.5
45.8 2.68 2.51 2.47
45.9 2.68 2.48 2.43
46.0 2.68 2.45 2.39
46.1 2.67 2.41 2.33
46.2 2.67 2.37 2.27
46.3 2.66 2.33 2.21
46.4 2.65 2.29 2.14
46.5 2.63 2.24 2.08
46.6 2.62 2.19 2.01
46.7 2.6 2.15 1.95
46.8 2.59 2.11 1.89
46.9 2.57 2.07 1.85
47.0 2.56 2.04 1.82
47.1 2.55 2.01 1.8
47.2 2.55 1.99 1.8
47.3 2.55 1.98 1.82
47.4 2.55 1.98 1.85
47.5 2.56 1.98 1.9
47.6 2.56 1.99 1.96
47.7 2.57 1.99 2.02
47.8 2.58 2.0 2.08
47.9 2.59 2.01 2.14
48.0 2.6 2.02 2.19
48.1 2.61 2.04 2.23
48.2 2.62 2.06 2.26
48.3 2.64 2.07 2.28
48.4 2.65 2.07 2.29
48.5 2.65 2.07 2.29
48.6 2.66 2.06 2.28
48.7 2.66 2.05 2.27
48.8 2.65 2.03 2.25
48.9 2.65 2.01 2.24
49.0 2.64 1.99 2.22
49.1 2.63 1.96 2.22
49.2 2.62 1.93 2.21
49.3 2.61 1.9 2.22
49.4 2.6 1.88 2.23
49.5 2.59 1.85 2.26
49.6 2.59 1.83 2.29
49.7 2.59 1.82 2.33
49.8 2.59 1.81 2.37
49.9 2.6 1.8 2.41
