0.0 0.0 0.0 0.0
0.1 -21.9 -0.02 6.09
0.2 -21.9 -0.0207 6.22
0.3 -21.9 -0.0222 6.35
0.4 -21.8 -0.0243 6.47
0.5 -21.8 -0.0292 6.69
0.6 -21.8 -0.0338 6.84
0.7 -21.7 -0.0498 7.27
0.8 -19.3 -0.644 41.7
0.9 -20.4 -0.723 37.7
1.0 -19.9 -0.798 33.0
1.1 -20.1 -0.967 29.7
1.2 -20.4 -1.19 27.1
1.3 -20.4 -1.2 27.1
1.4 -20.7 -1.77 23.0
1.5 -20.7 -1.78 23.0
1.6 -20.7 -2.35 20.6
1.7 -20.7 -2.35 20.6
1.8 -20.7 -2.36 20.6
1.9 -19.8 -3.36 20.4
2.0 -19.8 -3.36 20.4
2.1 -19.8 -3.36 20.4
2.2 -19.8 -3.36 20.4
2.3 -19.8 -3.36 20.4
2.4 -17.0 -3.72 20.6
2.5 -17.0 -3.71 20.7
2.6 -17.0 -3.71 20.7
2.7 -17.0 -3.71 20.7
2.8 -17.0 -3.71 20.7
2.9 -17.0 -3.71 20.7
3.0 -17.0 -3.71 20.7
3.1 -17.0 -3.71 20.7
3.2 -12.6 1.98 30.7
3.3 -12.6 1.98 30.7
3.4 -13.3 2.45 30.4
3.5 -13.3 2.45 30.4
3.6 -13.8 3.19 29.9
3.7 -13.8 3.19 29.9
3.8 -14.5 3.99 29.8
3.9 -14.9 4.47 29.8
4.0 -15.4 4.94 29.9
4.1 -16.0 5.41 30.2
4.2 -16.7 5.85 30.7
4.3 -17.4 6.22 31.3
4.4 -18.1 6.5 32.0
4.5 -18.9 6.69 32.6
4.6 -19.7 6.79 33.3
4.7 -20.6 6.8 33.9
4.8 -21.4 6.7 34.5
4.9 -22.3 6.48 35.1
5.0 -23.1 6.15 35.6
5.1 -23.9 5.71 36.2
5.2 -24.7 5.16 36.7
5.3 -25.4 4.5 37.2
5.4 -26.0 3.74 37.7
5.5 -26.5 2.9 38.1
5.6 -26.8 1.98 39.5
5.7 -27.2 1.09 39.4
5.8 -27.2 -0.201 38.8
5.9 -27.5 -0.782 39.3
6.0 -27.2 -2.26 39.0
6.1 -27.0 -3.59 38.5
6.2 -26.9 -3.93 40.2
6.3 -25.5 -5.3 38.8
6.4 -26.1 -6.04 41.2
6.5 -25.2 -6.94 41.2
6.6 -24.2 -7.6 40.9
6.7 -23.0 -8.16 40.0
6.8 -21.9 -8.73 39.1
6.9 -21.6 -9.44 39.8
7.0 -20.0 -9.13 39.2
7.1 -18.9 -9.5 40.2
7.2 -17.6 -9.15 39.1
7.3 -16.7 -9.44 38.2
7.4 -15.4 -8.39 37.4
7.5 -14.2 -7.82 36.5
7.6 -13.3 -7.67 38.0
7.7 -12.2 -6.81 37.4
7.8 -11.6 -5.65 36.0
7.9 -10.9 -4.59 34.5
8.0 -10.4 -3.47 33.3
8.1 -9.96 -2.29 32.3
8.2 -9.39 -1.33 32.3
8.3 -9.29 0.122 31.9
8.4 -9.35 1.31 29.6
8.5 -9.59 2.71 29.3
8.6 -10.0 4.12 28.6
8.7 -10.3 5.14 26.0
8.8 -11.2 6.32 25.6
8.9 -12.0 7.51 24.9
9.0 -12.7 8.32 22.1
9.1 -13.9 9.09 21.7
9.2 -14.9 9.73 19.4
9.3 -16.1 10.3 18.8
9.4 -17.6 10.7 18.2
9.5 -18.7 10.9 15.5
9.6 -20.1 10.9 15.1
9.7 -21.3 10.7 12.7
9.8 -22.8 10.4 12.4
9.9 -23.9 9.86 9.98
10.0 -25.2 9.27 9.63
10.1 -26.2 8.38 7.27
10.2 -27.4 7.51 6.93
10.3 -28.0 6.38 4.63
10.4 -29.0 5.21 4.3
10.5 -29.4 3.98 1.96
10.6 -29.6 2.37 1.56
10.7 -28.6 2.39 1.33
10.8 -30.7 -0.506 0.0
10.9 -30.6 -1.91 4.15e-19
11.0 -30.3 -3.25 0.0
11.1 -29.8 -4.56 3.51e-16
11.2 -29.1 -5.72 0.0
11.3 -28.5 -7.04 6.83e-17
11.4 -26.8 -7.63 1.28e-16
11.5 -26.7 -9.16 0.0
11.6 -25.5 -9.91 0.0
11.7 -24.1 -10.4 3.82e-16
11.8 -22.9 -11.1 6.65e-17
11.9 -21.5 -11.5 1.16e-16
12.0 -20.0 -11.0 0.0
12.1 -18.7 -11.6 1.63e-16
12.2 -17.3 -10.8 0.0
12.3 -15.9 -11.1 0.0
12.4 -14.7 -9.86 1.63e-17
12.5 -13.3 -9.86 2.07e-18
12.6 -12.1 -8.96 2.22e-18
12.7 -11.2 -7.81 2.6e-18
12.8 -10.3 -6.64 1.14e-16
12.9 -9.58 -5.37 0.0
13.0 -9.02 -4.04 1.17e-17
13.1 -9.0 -2.55 0.0
13.2 -9.31 -2.57 0.000452
13.3 -9.65 -2.64 0.0
13.4 -8.17 2.65 1.69e-16
13.5 -8.17 2.65 1.68e-16
13.6 -8.17 2.65 1.66e-16
13.7 -8.17 2.65 1.64e-16
13.8 -8.17 2.65 1.6e-16
13.9 -8.18 2.66 1.57e-16
14.0 -16.2 12.6 4.04e-16
14.1 -16.6 12.9 3.31e-16
14.2 -17.2 12.9 2.27e-16
14.3 -17.8 12.4 1.43e-16
14.4 -18.9 12.5 4.07e-16
14.5 -19.8 12.1 0.0
14.6 -20.0 9.99 1.12e-16
14.7 -22.1 7.73 4.38e-16
14.8 -21.6 5.9 0.0
14.9 -22.4 5.17 0.0
15.0 -21.8 4.39 1.53e-16
15.1 -22.0 8.35 0.0
15.2 -22.2 7.86 1.85e-18
15.3 -23.3 5.33 0.0
15.4 -23.5 5.07 1.43e-16
15.5 -24.3 2.42 0.0
15.6 -24.5 2.07 4.73e-17
15.7 -24.7 1.07 0.0
15.8 -24.7 -1.18 0.0
15.9 -24.8 -0.81 3.07
16.0 -24.5 -0.753 11.9
16.1 -23.0 -4.2 17.7
16.2 -22.3 -4.05 22.7
16.3 -23.0 -3.33 23.6
16.4 -22.3 -4.49 25.1
16.5 -22.3 -4.49 25.1
16.6 -22.3 -4.49 25.1
16.7 -22.3 -4.49 25.1
16.8 -22.3 -4.49 25.1
16.9 -22.3 -4.49 25.1
17.0 -36.5 -11.2 46.5
17.1 -36.4 -11.3 46.5
17.2 -6.35 -31.0 47.2
17.3 -12.0 -33.5 48.4
17.4 -9.33 -27.8 48.3
17.5 -8.44 -21.3 46.9
17.6 -8.38 -15.6 43.7
17.7 -8.45 -10.8 43.0
17.8 -8.71 -6.79 40.3
17.9 -9.18 -3.48 40.2
18.0 -9.79 -0.824 38.7
18.1 -10.2 1.29 38.3
18.2 -10.6 2.96 37.8
18.3 -11.2 2.94 37.6
18.4 -11.9 2.9 37.4
18.5 -12.3 2.9 37.3
18.6 -13.0 2.9 37.1
18.7 -14.6 10.2 36.0
18.8 -14.9 10.1 35.9
18.9 -15.2 9.97 35.8
19.0 -15.4 9.9 35.8
19.1 -15.4 9.83 35.8
19.2 -15.5 9.77 35.8
19.3 -15.6 9.64 35.7
19.4 -15.8 9.09 35.5
19.5 -15.9 9.04 35.4
19.6 -15.9 8.78 35.3
19.7 -25.8 3.32 32.7
19.8 -25.3 3.75 31.7
19.9 -25.0 3.24 31.5
20.0 -25.5 3.55 30.8
20.1 -25.0 3.11 30.6
20.2 -25.6 3.17 30.5
20.3 -25.7 2.64 31.1
20.4 -25.0 2.46 30.8
20.5 -25.3 1.58 30.3
20.6 -25.3 0.991 29.7
20.7 -25.4 0.738 30.5
20.8 -25.1 -0.182 30.1
20.9 -24.8 -0.966 29.6
21.0 -24.5 -1.63 28.9
21.1 -24.1 -2.27 28.2
21.2 -23.7 -2.76 27.6
21.3 -23.3 -3.23 27.2
21.4 -22.8 -3.62 26.7
21.5 -22.2 -3.87 26.0
21.6 -21.5 -4.12 24.9
21.7 -21.4 -4.37 25.5
21.8 -20.6 -4.55 25.3
21.9 -19.9 -4.56 24.8
22.0 -19.3 -4.47 24.5
22.1 -18.8 -4.37 23.5
22.2 -18.3 -4.07 23.5
22.3 -17.8 -3.73 23.3
22.4 -17.3 -3.32 23.0
22.5 -17.3 -3.32 23.0
22.6 -16.9 -2.43 21.3
22.7 -16.4 -1.93 21.4
22.8 -16.4 -1.93 21.4
22.9 -16.4 -0.905 21.4
23.0 -16.4 -0.582 20.0
23.1 -16.2 -0.115 20.8
23.2 -16.7 -0.172 20.7
23.3 -17.1 0.846 20.2
23.4 -17.8 0.598 19.9
23.5 -17.4 1.57 19.3
23.6 -17.8 1.24 19.1
23.7 -18.0 1.89 18.9
23.8 -18.3 1.49 18.6
23.9 -18.5 1.06 18.4
24.0 -19.2 1.87 18.2
24.1 -19.3 1.35 17.9
24.2 -19.5 1.88 17.9
24.3 -19.4 1.3 17.6
24.4 -19.3 0.7 17.2
24.5 -20.3 0.721 18.3
24.6 -20.4 0.682 17.5
24.7 -20.2 0.509 17.4
24.8 -20.3 -0.158 17.0
24.9 -20.1 -0.295 16.9
25.0 -19.8 -0.5 16.7
25.1 -19.9 -1.18 15.9
25.2 -19.5 -1.27 15.7
25.3 -19.3 -1.3 15.5
25.4 -19.1 -1.24 14.2
25.5 -18.9 -1.28 14.2
25.6 -18.4 -1.15 13.9
25.7 -18.2 -1.05 13.8
25.8 -17.8 -0.79 13.5
25.9 -17.5 -0.549 13.3
26.0 -17.3 -0.345 13.2
26.1 -17.2 -0.115 13.0
26.2 -17.0 0.14 12.9
26.3 -16.5 0.904 12.7
26.4 -16.3 1.91 12.1
26.5 -16.5 2.79 11.6
26.6 -16.6 0.766 11.2
26.7 -16.6 0.767 11.2
26.8 -16.6 0.77 11.2
26.9 -16.6 0.773 11.2
27.0 -16.6 0.773 11.2
27.1 -20.2 2.43 12.5
27.2 -20.2 2.43 12.5
27.3 -20.8 6.01 4.87
27.4 -21.2 5.68 4.97
27.5 -21.2 5.68 4.97
27.6 -22.0 4.9 5.17
27.7 -22.4 4.48 5.34
27.8 -22.7 4.06 5.42
27.9 -23.1 3.58 5.42
28.0 -23.5 3.03 5.34
28.1 -23.9 2.42 5.16
28.2 -24.2 1.76 4.9
28.3 -24.5 1.07 4.56
28.4 -24.7 0.343 4.16
28.5 -24.8 -0.39 3.73
28.6 -24.8 -1.13 3.3
28.7 -24.7 -1.89 2.87
28.8 -24.6 -2.63 2.45
28.9 -24.3 -3.36 2.06
29.0 -24.0 -4.06 1.69
29.1 -23.6 -4.72 1.35
29.2 -23.1 -5.32 1.03
29.3 -22.4 -5.9 0.717
29.4 -21.8 -6.32 0.456
29.5 -21.0 -6.7 0.221
29.6 -20.2 -6.97 0.008
29.7 -19.4 -7.13 0.0
29.8 -18.5 -7.18 1.25e-16
29.9 -17.6 -7.11 1.55e-16
30.0 -16.7 -6.91 0.0
30.1 -15.8 -6.59 0.0
30.2 -14.9 -6.14 8.05e-17
30.3 -14.1 -5.58 2.7e-17
30.4 -13.4 -4.89 0.0
30.5 -12.8 -4.12 5.69e-18
30.6 -12.2 -3.25 0.0
30.7 -11.8 -2.31 6.13e-17
30.8 -11.5 -1.31 2.85e-17
30.9 -11.3 -0.272 0.00882
31.0 -11.2 0.821 0.225
31.1 -11.3 1.94 0.631
31.2 -11.5 3.05 1.2
31.3 -11.8 4.1 1.89
31.4 -12.3 5.09 2.66
31.5 -12.9 5.99 3.46
31.6 -13.6 6.81 4.26
31.7 -14.2 7.43 6.1
31.8 -15.2 8.03 6.29
31.9 -16.2 8.62 6.7
32.0 -17.4 9.07 7.31
32.1 -18.8 7.75 9.15
32.2 -20.2 6.38 9.29
32.3 -20.9 6.15 10.5
32.4 -20.9 5.14 10.5
32.5 -21.6 4.11 11.4
32.6 -21.6 3.33 13.3
32.7 -21.4 3.07 13.3
32.8 -21.4 3.07 13.3
32.9 -20.6 3.98 15.5
33.0 -21.3 2.7 18.3
33.1 -21.6 2.23 18.5
33.2 -22.0 1.43 18.6
33.3 -22.2 0.261 21.9
33.4 -22.3 -0.0762 22.1
33.5 -22.5 -0.115 22.1
33.6 -22.6 -0.17 22.2
33.7 -22.2 -0.882 27.8
33.8 -22.3 -0.939 27.8
33.9 -22.0 -1.59 29.8
34.0 -22.1 -1.52 30.3
34.1 -22.2 -1.39 31.4
34.2 -21.2 -2.23 31.6
34.3 -21.2 -2.23 31.6
34.4 -22.2 -1.86 33.9
34.5 -20.7 -2.29 36.5
34.6 -20.7 -2.29 36.5
34.7 -20.7 -2.29 36.5
34.8 -20.7 -2.29 36.5
34.9 -21.0 -3.67 39.6
35.0 -21.0 -3.67 39.6
35.1 -21.0 -3.67 39.6
35.2 -25.2 -11.7 43.0
35.3 -25.2 -11.7 43.0
35.4 -10.2 -35.6 42.5
35.5 -10.2 -35.6 42.5
35.6 -10.2 -35.6 42.5
35.7 33.6 -26.0 52.1
35.8 32.7 -20.5 49.4
35.9 16.8 7.53 54.8
36.0 11.0 11.3 54.8
36.1 10.8 11.6 54.5
36.2 -3.84 12.8 52.4
36.3 -8.37 13.7 49.6
36.4 -12.1 13.6 48.3
36.5 -13.3 13.9 47.2
36.6 -15.9 14.0 44.8
36.7 -18.3 13.6 42.6
36.8 -21.2 12.5 44.9
36.9 -22.2 12.0 44.5
37.0 -22.6 11.6 42.1
37.1 -23.4 11.2 42.1
37.2 -23.8 10.8 41.0
37.3 -24.4 10.3 40.6
37.4 -24.8 9.66 39.8
37.5 -25.2 9.62 37.5
37.6 -26.0 8.99 36.9
37.7 -26.6 8.3 36.0
37.8 -27.2 7.54 34.9
37.9 -27.7 6.71 33.8
38.0 -28.2 5.86 32.3
38.1 -28.6 4.98 30.8
38.2 -29.1 3.98 30.3
38.3 -29.4 2.55 29.5
38.4 -29.6 1.54 27.0
38.5 -29.8 0.259 24.8
38.6 -29.8 -0.811 24.9
38.7 -29.5 -2.48 21.0
38.8 -29.5 -3.34 22.5
38.9 -28.8 -4.67 21.0
39.0 -28.2 -5.68 19.4
39.1 -27.4 -6.86 18.2
39.2 -26.5 -7.9 16.9
39.3 -25.6 -8.84 15.5
39.4 -24.5 -9.52 14.0
39.5 -23.3 -10.0 13.2
39.6 -22.3 -10.4 10.5
39.7 -20.9 -10.6 10.1
39.8 -19.5 -10.8 9.34
39.9 -18.4 -10.7 6.65
40.0 -17.1 -10.4 6.35
40.1 -15.7 -9.96 5.72
40.2 -14.7 -9.36 3.41
40.3 -13.5 -8.71 3.16
40.4 -12.5 -7.78 2.65
40.5 -11.5 -6.72 1.92
40.6 -11.0 -5.76 2.21e-15
40.7 -10.3 -4.62 7.12e-17
40.8 -9.84 -3.36 2.38e-17
40.9 -9.54 -2.06 4.57e-18
41.0 -9.41 -0.753 0.0
41.1 -9.43 0.551 7.95e-17
41.2 -9.62 1.83 0.0
41.3 -9.95 3.06 0.0
41.4 -10.4 4.23 3.05e-17
41.5 -11.0 5.32 0.0
41.6 -11.8 6.31 2.05e-16
41.7 -12.6 7.19 0.0
41.8 -13.6 7.95 0.0
41.9 -14.6 8.57 0.0
42.0 -15.7 9.04 0.0
42.1 -16.8 9.37 2.89e-16
42.2 -18.0 9.54 3.45e-17
42.3 -19.2 9.55 0.0
42.4 -20.5 9.39 0.0
42.5 -21.4 9.14 2.52e-17
42.6 -22.5 8.69 2.05e-16
42.7 -23.5 8.14 2.19e-16
42.8 -24.5 7.42 7.12e-17
42.9 -25.2 6.67 3.17e-16
43.0 -26.0 5.77 1.38e-16
43.1 -26.6 4.8 6.98e-17
43.2 -27.0 3.78 1.5e-16
43.3 -27.3 2.69 6.72e-18
43.4 -27.4 1.34 1.25e-16
43.5 -27.5 0.135 4.48e-16
43.6 -27.5 -0.758 3.87e-16
43.7 -27.3 -1.62 3.7e-16
43.8 -26.8 -2.45 1.11e-16
43.9 -26.6 -3.45 7.79e-17
44.0 -26.2 -4.23 0.0
44.1 -25.8 -4.13 7.08e-16
44.2 -25.3 -3.98 0.0307
44.3 -24.8 -3.77 0.104
44.4 -24.4 -3.62 0.136
44.5 -24.0 -3.44 0.156
44.6 -23.6 -3.12 0.258
44.7 -17.2 -10.3 1.62e-15
44.8 -17.2 -10.3 1.46e-15
44.9 -17.2 -10.3 3.21e-08
45.0 -15.7 -8.37 6.34e-17
45.1 -15.7 -7.6 2.62
45.2 -15.2 -6.65 5.47
45.3 -14.9 -5.83 8.08
45.4 -14.5 -5.08 8.98
45.5 -14.3 -3.98 11.4
45.6 -14.0 -3.01 11.9
45.7 -14.0 -2.41 14.1
45.8 -13.9 -1.5 14.3
45.9 -13.9 -0.634 14.7
46.0 -14.0 0.159 15.3
46.1 -14.1 0.844 15.9
46.2 -14.4 1.45 16.4
46.3 -14.6 2.0 16.7
46.4 -15.0 2.53 16.9
46.5 -15.4 3.01 17.1
46.6 -15.9 3.43 17.3
46.7 -16.4 3.77 17.4
46.8 -17.0 4.03 17.5
46.9 -17.5 4.21 17.6
47.0 -17.5 4.21 17.6
47.1 -18.7 4.28 17.7
47.2 -19.3 4.21 17.8
47.3 -19.3 4.21 17.8
47.4 -20.3 3.82 17.9
47.5 -20.9 3.47 18.2
47.6 -20.6 3.4 18.3
47.7 -21.4 2.85 18.2
47.8 -21.4 2.85 18.2
47.9 -21.9 1.85 18.2
48.0 -21.9 1.52 18.2
48.1 -21.9 1.52 18.2
48.2 -22.0 0.555 18.2
48.3 -21.8 0.502 18.3
48.4 -21.6 -0.451 18.4
48.5 -21.7 -0.437 18.6
48.6 -21.7 -0.437 18.6
48.7 -21.1 -1.11 18.4
48.8 -21.1 -1.11 18.4
48.9 -20.4 -1.4 18.3
49.0 -20.4 -1.4 18.3
49.1 -19.8 -1.41 18.2
49.2 -19.8 -1.41 18.2
49.3 -19.2 -1.19 18.1
49.4 -19.2 -1.19 18.1
49.5 -19.2 -1.19 18.1
49.6 -19.2 -1.19 18.1
49.7 -19.3 -0.633 18.1
49.8 -19.6 0.759 18.1
49.9 -20.1 2.18 18.1
