0.0 0.104 -2.45e-06 -0.0561 0.118
0.1 0.2 -4.64e-06 -0.106 0.227
0.2 0.289 -3.98e-05 -0.151 0.326
0.3 0.362 -0.00423 -0.192 0.409
0.4 0.421 -0.0171 -0.228 0.479
0.5 0.475 -0.0291 -0.26 0.542
0.6 0.525 -0.0403 -0.289 0.601
0.7 0.569 -0.0502 -0.314 0.652
0.8 0.606 -0.0592 -0.336 0.695
0.9 0.636 -0.0672 -0.355 0.731
1.0 0.66 -0.0741 -0.37 0.76
1.1 0.677 -0.0801 -0.383 0.782
1.2 0.693 -0.0857 -0.394 0.802
1.3 0.704 -0.0903 -0.402 0.816
1.4 0.714 -0.0947 -0.406 0.827
1.5 0.718 -0.0981 -0.407 0.831
1.6 0.722 -0.101 -0.403 0.833
1.7 0.726 -0.104 -0.393 0.832
1.8 0.729 -0.107 -0.374 0.826
1.9 0.731 -0.11 -0.346 0.816
2.0 0.733 -0.112 -0.305 0.802
2.1 0.735 -0.114 -0.252 0.785
2.2 0.736 -0.116 -0.188 0.769
2.3 0.737 -0.118 -0.118 0.756
2.4 0.737 -0.12 -0.0448 0.748
2.5 0.738 -0.121 0.0242 0.748
2.6 0.738 -0.123 0.084 0.753
2.7 0.739 -0.124 0.131 0.76
2.8 0.739 -0.126 0.163 0.767
2.9 0.739 -0.127 0.18 0.771
3.0 0.74 -0.128 0.184 0.773
3.1 0.735 -0.129 0.177 0.767
3.2 0.73 -0.129 0.161 0.759
3.3 0.725 -0.13 0.14 0.75
3.4 0.72 -0.13 0.116 0.741
3.5 0.715 -0.13 0.0896 0.732
3.6 0.709 -0.13 0.0632 0.724
3.7 0.704 -0.13 0.0376 0.717
3.8 0.698 -0.13 0.0135 0.71
3.9 0.691 -0.13 -0.00845 0.703
4.0 0.684 -0.129 -0.0278 0.696
4.1 0.676 -0.129 -0.0444 0.69
4.2 0.668 -0.128 -0.0578 0.682
4.3 0.659 -0.127 -0.0679 0.675
4.4 0.65 -0.126 -0.0746 0.666
4.5 0.64 -0.124 -0.078 0.657
4.6 0.63 -0.123 -0.078 0.647
4.7 0.62 -0.122 -0.0749 0.637
4.8 0.61 -0.12 -0.0689 0.625
4.9 0.6 -0.118 -0.0604 0.614
5.0 0.589 -0.116 -0.0499 0.602
5.1 0.578 -0.114 -0.0381 0.591
5.2 0.568 -0.112 -0.0255 0.579
5.3 0.557 -0.11 -0.0129 0.568
5.4 0.546 -0.108 -0.000978 0.557
5.5 0.489 -0.0693 0.0228 0.495
5.6 0.436 -0.0332 0.043 0.44
5.7 0.38 0.00354 0.0611 0.385
5.8 0.298 0.0464 0.0831 0.313
5.9 0.216 0.087 0.101 0.254
6.0 0.127 0.125 0.117 0.213
6.1 0.025 0.157 0.134 0.208
6.2 -0.0692 0.183 0.15 0.247
6.3 -0.156 0.17 0.196 0.303
6.4 -0.236 0.158 0.232 0.367
6.5 -0.311 0.146 0.259 0.43
6.6 -0.38 0.129 0.281 0.49
6.7 -0.444 0.106 0.302 0.547
6.8 -0.503 0.0685 0.324 0.602
6.9 -0.558 0.0276 0.344 0.656
7.0 -0.601 -0.0252 0.366 0.704
7.1 -0.639 -0.0811 0.388 0.753
7.2 -0.668 -0.142 0.412 0.798
7.3 -0.69 -0.206 0.435 0.841
7.4 -0.703 -0.273 0.46 0.883
7.5 -0.685 -0.347 0.491 0.911
7.6 -0.667 -0.415 0.519 0.941
7.7 -0.642 -0.48 0.546 0.97
7.8 -0.609 -0.543 0.574 0.998
7.9 -0.568 -0.601 0.602 1.02
8.0 -0.518 -0.654 0.631 1.05
8.1 -0.447 -0.602 0.656 0.996
8.2 -0.381 -0.553 0.679 0.955
8.3 -0.32 -0.506 0.698 0.919
8.4 -0.263 -0.462 0.714 0.89
8.5 -0.21 -0.42 0.728 0.867
8.6 -0.162 -0.381 0.74 0.847
8.7 -0.117 -0.344 0.749 0.833
8.8 -0.076 -0.309 0.758 0.822
8.9 -0.0386 -0.276 0.764 0.813
9.0 -0.00412 -0.245 0.769 0.807
9.1 0.0219 -0.222 0.768 0.8
9.2 0.0223 -0.157 0.725 0.742
9.3 0.0225 -0.0966 0.686 0.693
9.4 0.0226 -0.0417 0.65 0.652
9.5 0.0227 0.00904 0.618 0.618
9.6 0.0225 0.0548 0.588 0.591
9.7 0.0223 0.0969 0.561 0.57
9.8 0.022 0.134 0.536 0.553
9.9 0.0216 0.169 0.513 0.541
10.0 0.021 0.199 0.492 0.531
10.1 0.0204 0.226 0.473 0.525
10.2 0.0197 0.25 0.455 0.52
10.3 0.0244 0.269 0.436 0.513
10.4 0.0408 0.282 0.412 0.501
10.5 0.0485 0.294 0.392 0.492
10.6 0.0514 0.306 0.373 0.485
10.7 -0.000406 0.313 0.341 0.462
10.8 -0.048 0.319 0.312 0.448
10.9 -0.0918 0.324 0.286 0.441
11.0 -0.132 0.328 0.262 0.44
11.1 -0.169 0.331 0.241 0.443
11.2 -0.213 0.323 0.22 0.445
11.3 -0.257 0.31 0.199 0.449
11.4 -0.304 0.281 0.177 0.451
11.5 -0.341 0.232 0.139 0.435
11.6 -0.375 0.185 0.106 0.431
11.7 -0.405 0.13 0.0762 0.433
11.8 -0.431 0.0701 0.0495 0.44
11.9 -0.454 0.00771 0.0257 0.455
12.0 -0.469 -0.0623 0.00433 0.473
12.1 -0.479 -0.134 -0.0149 0.497
12.2 -0.478 -0.211 -0.0322 0.523
12.3 -0.47 -0.288 -0.0479 0.554
12.4 -0.45 -0.367 -0.0623 0.584
12.5 -0.417 -0.445 -0.0754 0.615
12.6 -0.326 -0.457 -0.101 0.571
12.7 -0.242 -0.467 -0.125 0.541
12.8 -0.165 -0.476 -0.145 0.524
12.9 -0.0932 -0.484 -0.164 0.519
13.0 -0.0227 -0.49 -0.181 0.523
13.1 0.0444 -0.496 -0.196 0.535
13.2 0.109 -0.5 -0.209 0.553
13.3 0.205 -0.481 -0.233 0.573
13.4 0.293 -0.464 -0.255 0.605
13.5 0.376 -0.447 -0.274 0.645
13.6 0.452 -0.432 -0.292 0.69
13.7 0.523 -0.418 -0.307 0.736
13.8 0.588 -0.404 -0.321 0.782
13.9 0.653 -0.347 -0.34 0.814
14.0 0.542 -0.23 -0.338 0.679
14.1 0.44 -0.121 -0.335 0.566
14.2 0.346 -0.0179 -0.334 0.481
14.3 0.26 0.0776 -0.332 0.428
14.4 0.179 0.166 -0.33 0.411
14.5 0.105 0.248 -0.329 0.425
14.6 0.0365 0.323 -0.329 0.462
14.7 -0.027 0.393 -0.329 0.513
14.8 -0.0761 0.435 -0.352 0.565
14.9 -0.122 0.475 -0.372 0.615
15.0 -0.106 0.408 -0.39 0.574
15.1 -0.0974 0.349 -0.406 0.544
15.2 -0.0895 0.295 -0.42 0.521
15.3 -0.0848 0.246 -0.433 0.505
15.4 -0.0804 0.2 -0.445 0.494
15.5 -0.0798 0.158 -0.455 0.488
15.6 -0.0792 0.119 -0.465 0.486
15.7 -0.0815 0.0826 -0.473 0.487
15.8 -0.0833 0.0493 -0.48 0.49
15.9 -0.0847 0.0188 -0.487 0.495
16.0 -0.0855 -0.009 -0.493 0.5
16.1 -0.086 -0.0343 -0.498 0.507
16.2 -0.0863 -0.0577 -0.503 0.514
16.3 -0.0864 -0.0794 -0.507 0.521
16.4 -0.0866 -0.0996 -0.511 0.528
16.5 -0.0867 -0.118 -0.515 0.535
16.6 -0.0868 -0.136 -0.518 0.542
16.7 -0.0868 -0.152 -0.52 0.549
16.8 -0.0868 -0.167 -0.523 0.556
16.9 -0.109 -0.182 -0.525 0.566
17.0 -0.13 -0.196 -0.527 0.577
17.1 -0.122 -0.335 -0.506 0.619
17.2 -0.109 -0.475 -0.485 0.688
17.3 -0.0924 -0.598 -0.46 0.76
17.4 -0.076 -0.689 -0.428 0.815
17.5 -0.0555 -0.769 -0.398 0.868
17.6 -0.0257 -0.849 -0.369 0.926
17.7 0.00115 -0.915 -0.343 0.977
17.8 0.0258 -0.974 -0.319 1.03
17.9 0.0906 -0.828 -0.273 0.876
18.0 0.15 -0.691 -0.229 0.743
18.1 0.204 -0.563 -0.188 0.627
18.2 0.251 -0.443 -0.15 0.531
18.3 0.292 -0.332 -0.115 0.456
18.4 0.326 -0.229 -0.0823 0.407
18.5 0.355 -0.134 -0.052 0.383
18.6 0.376 -0.0492 -0.023 0.38
18.7 0.393 0.0279 0.00375 0.394
18.8 0.405 0.0964 0.0285 0.417
18.9 0.412 0.157 0.0513 0.444
19.0 0.415 0.21 0.072 0.471
19.1 0.416 0.256 0.0909 0.497
19.2 0.415 0.295 0.108 0.52
19.3 0.412 0.329 0.124 0.542
19.4 0.409 0.36 0.14 0.563
19.5 0.407 0.388 0.154 0.583
19.6 0.401 0.393 0.172 0.587
19.7 0.393 0.401 0.189 0.592
19.8 0.384 0.41 0.205 0.598
19.9 0.369 0.426 0.221 0.606
20.0 0.353 0.443 0.237 0.614
20.1 0.329 0.464 0.253 0.623
20.2 0.299 0.485 0.269 0.63
20.3 0.267 0.507 0.284 0.639
20.4 0.229 0.527 0.3 0.648
20.5 0.188 0.542 0.316 0.655
20.6 0.116 0.517 0.345 0.633
20.7 0.0494 0.493 0.371 0.619
20.8 -0.0116 0.471 0.394 0.614
20.9 -0.0674 0.449 0.414 0.614
21.0 -0.109 0.429 0.431 0.618
21.1 -0.142 0.413 0.445 0.623
21.2 -0.168 0.398 0.456 0.628
21.3 -0.187 0.387 0.465 0.633
21.4 -0.204 0.373 0.474 0.637
21.5 -0.217 0.355 0.482 0.637
21.6 -0.202 0.241 0.488 0.58
21.7 -0.184 0.143 0.491 0.544
21.8 -0.166 0.0563 0.493 0.523
21.9 -0.149 -0.0155 0.493 0.515
22.0 -0.13 -0.0324 0.462 0.481
22.1 -0.113 -0.0479 0.433 0.45
22.2 -0.0972 -0.0621 0.407 0.423
22.3 -0.0825 -0.075 0.384 0.4
22.4 -0.0688 -0.087 0.363 0.38
22.5 -0.0562 -0.0968 0.344 0.362
22.6 -0.0446 -0.106 0.326 0.346
22.7 -0.0338 -0.114 0.311 0.333
22.8 -0.0239 -0.122 0.296 0.321
22.9 -0.0147 -0.128 0.28 0.309
23.0 -0.00859 -0.123 0.195 0.231
23.1 -0.000428 -0.118 0.119 0.168
23.2 0.0132 -0.113 0.0523 0.125
23.3 0.0293 -0.107 -0.00656 0.111
23.4 0.0525 -0.0982 -0.0571 0.125
23.5 0.0767 -0.0887 -0.102 0.155
23.6 0.104 -0.0759 -0.14 0.19
23.7 0.132 -0.0621 -0.173 0.226
23.8 0.159 -0.0473 -0.202 0.262
23.9 0.188 -0.0277 -0.226 0.295
24.0 0.215 -0.00684 -0.246 0.327
24.1 0.241 0.02 -0.262 0.357
24.2 0.266 0.048 -0.275 0.386
24.3 0.288 0.0771 -0.286 0.413
24.4 0.275 0.0939 -0.276 0.401
24.5 0.261 0.113 -0.265 0.389
24.6 0.248 0.132 -0.255 0.38
24.7 0.234 0.151 -0.245 0.371
24.8 0.22 0.169 -0.236 0.364
24.9 0.205 0.188 -0.227 0.359
25.0 0.189 0.206 -0.218 0.355
25.1 0.172 0.224 -0.209 0.352
25.2 0.155 0.241 -0.201 0.35
25.3 0.134 0.256 -0.192 0.347
25.4 0.114 0.269 -0.183 0.345
25.5 0.0938 0.282 -0.175 0.345
25.6 0.0734 0.293 -0.167 0.345
25.7 0.052 0.302 -0.159 0.345
25.8 0.0306 0.31 -0.151 0.346
25.9 0.00968 0.316 -0.144 0.347
26.0 -0.0108 0.32 -0.137 0.349
26.1 -0.0309 0.324 -0.13 0.35
26.2 -0.0468 0.321 -0.122 0.347
26.3 -0.0561 0.32 -0.114 0.344
26.4 -0.06 0.319 -0.106 0.341
26.5 -0.0372 0.293 -0.0786 0.305
26.6 -0.0161 0.269 -0.0544 0.275
26.7 0.00342 0.246 -0.0327 0.249
26.8 0.0216 0.226 -0.0133 0.227
26.9 0.0384 0.206 0.00413 0.21
27.0 0.0629 0.21 0.0185 0.22
27.1 0.0856 0.214 0.0313 0.232
27.2 0.106 0.216 0.0427 0.244
27.3 0.124 0.218 0.0529 0.256
27.4 0.141 0.22 0.062 0.268
27.5 0.156 0.221 0.0701 0.279
27.6 0.17 0.222 0.0774 0.29
27.7 0.183 0.223 0.0838 0.3
27.8 0.194 0.223 0.0895 0.309
27.9 0.204 0.223 0.0945 0.316
28.0 0.213 0.223 0.099 0.323
28.1 0.221 0.222 0.103 0.33
28.2 0.227 0.221 0.106 0.335
28.3 0.233 0.22 0.109 0.339
28.4 0.238 0.219 0.112 0.342
28.5 0.242 0.217 0.114 0.345
28.6 0.246 0.216 0.116 0.347
28.7 0.248 0.214 0.118 0.348
28.8 0.25 0.212 0.12 0.349
28.9 0.251 0.209 0.121 0.349
29.0 0.252 0.207 0.122 0.348
29.1 0.252 0.204 0.123 0.347
29.2 0.247 0.196 0.123 0.338
29.3 0.241 0.188 0.123 0.329
29.4 0.234 0.178 0.123 0.318
29.5 0.225 0.164 0.123 0.304
29.6 0.217 0.152 0.122 0.291
29.7 0.209 0.139 0.122 0.279
29.8 0.201 0.125 0.122 0.266
29.9 0.194 0.112 0.121 0.254
30.0 0.187 0.1 0.12 0.244
30.1 0.18 0.0892 0.12 0.234
30.2 0.174 0.0786 0.119 0.225
30.3 0.168 0.0686 0.119 0.217
30.4 0.162 0.0593 0.118 0.209
30.5 0.157 0.0506 0.118 0.203
30.6 0.152 0.0425 0.117 0.197
30.7 0.147 0.0349 0.117 0.191
30.8 0.143 0.0279 0.116 0.186
30.9 0.139 0.0215 0.115 0.182
31.0 0.135 0.0155 0.115 0.178
31.1 0.131 0.0101 0.114 0.174
31.2 0.128 0.00509 0.114 0.171
31.3 0.124 0.000585 0.113 0.168
31.4 0.121 -0.00348 0.112 0.165
31.5 0.118 -0.00712 0.112 0.163
31.6 0.114 -0.0103 0.111 0.16
31.7 0.111 -0.0131 0.11 0.157
31.8 0.108 -0.0156 0.109 0.154
31.9 0.105 -0.0178 0.109 0.152
32.0 0.102 -0.0195 0.106 0.148
32.1 0.0984 -0.021 0.103 0.144
32.2 0.0809 -0.0231 0.0358 0.0914
32.3 0.0646 -0.0249 -0.0244 0.0734
32.4 0.0495 -0.0264 -0.0784 0.0964
32.5 0.0355 -0.0276 -0.127 0.135
32.6 0.0224 -0.0286 -0.17 0.174
32.7 0.0103 -0.0296 -0.209 0.212
32.8 -0.000875 -0.0302 -0.244 0.246
32.9 -0.011 -0.0305 -0.275 0.277
33.0 -0.0205 -0.0308 -0.303 0.306
33.1 -0.0294 -0.0311 -0.328 0.331
33.2 -0.04 -0.037 -0.351 0.355
33.3 -0.0498 -0.0424 -0.371 0.377
33.4 -0.059 -0.0475 -0.389 0.396
33.5 -0.0676 -0.0523 -0.405 0.414
33.6 -0.0752 -0.0565 -0.42 0.43
33.7 -0.0824 -0.0604 -0.433 0.445
33.8 -0.0886 -0.0638 -0.444 0.457
33.9 -0.0942 -0.0668 -0.455 0.469
34.0 -0.0991 -0.0694 -0.464 0.479
34.1 -0.103 -0.0719 -0.472 0.489
34.2 -0.108 -0.0744 -0.48 0.497
34.3 -0.113 -0.0781 -0.486 0.505
34.4 -0.117 -0.0813 -0.492 0.512
34.5 -0.12 -0.0843 -0.497 0.519
34.6 -0.124 -0.0872 -0.502 0.524
34.7 -0.127 -0.09 -0.506 0.53
34.8 -0.11 -0.0853 -0.509 0.528
34.9 -0.0935 -0.0811 -0.511 0.526
35.0 -0.0784 -0.0771 -0.513 0.525
35.1 -0.000442 -0.0669 -0.516 0.52
35.2 0.0718 -0.0574 -0.519 0.527
35.3 0.0109 -0.243 -0.521 0.575
35.4 -0.0454 -0.414 -0.523 0.669
35.5 -0.0974 -0.574 -0.524 0.784
35.6 -0.183 -0.635 -0.516 0.838
35.7 -0.26 -0.715 -0.496 0.908
35.8 -0.319 -0.719 -0.458 0.91
35.9 -0.372 -0.722 -0.423 0.916
36.0 -0.422 -0.726 -0.389 0.926
36.1 -0.446 -0.758 -0.339 0.943
36.2 -0.464 -0.783 -0.291 0.956
36.3 -0.457 -0.795 -0.238 0.947
36.4 -0.447 -0.811 -0.186 0.944
36.5 -0.428 -0.834 -0.129 0.947
36.6 -0.399 -0.862 -0.0699 0.952
36.7 -0.281 -0.858 0.0333 0.904
36.8 -0.173 -0.854 0.125 0.88
36.9 -0.0744 -0.845 0.205 0.872
37.0 0.016 -0.835 0.273 0.879
37.1 0.0619 -0.765 0.318 0.831
37.2 0.104 -0.699 0.356 0.791
37.3 0.146 -0.636 0.391 0.761
37.4 0.189 -0.573 0.423 0.737
37.5 0.229 -0.512 0.452 0.72
37.6 0.269 -0.453 0.479 0.712
37.7 0.306 -0.393 0.505 0.709
37.8 0.342 -0.335 0.529 0.713
37.9 0.372 -0.262 0.55 0.714
38.0 0.396 -0.18 0.568 0.715
38.1 0.324 -0.0158 0.549 0.638
38.2 0.257 0.136 0.532 0.606
38.3 0.184 0.276 0.512 0.61
38.4 0.104 0.407 0.487 0.643
38.5 0.00353 0.519 0.448 0.686
38.6 -0.0894 0.62 0.4 0.743
38.7 -0.175 0.669 0.303 0.755
38.8 -0.254 0.715 0.22 0.79
38.9 -0.183 0.64 0.218 0.701
39.0 -0.123 0.572 0.22 0.625
39.1 -0.0716 0.509 0.224 0.561
39.2 -0.0287 0.452 0.229 0.507
39.3 0.0064 0.398 0.235 0.463
39.4 0.0386 0.348 0.241 0.425
39.5 0.0674 0.301 0.246 0.395
39.6 0.0937 0.257 0.25 0.371
39.7 0.118 0.217 0.253 0.353
39.8 0.139 0.178 0.256 0.342
39.9 0.158 0.143 0.258 0.335
40.0 0.175 0.11 0.26 0.333
40.1 0.19 0.0796 0.261 0.333
40.2 0.204 0.0514 0.263 0.336
40.3 0.216 0.0253 0.263 0.341
40.4 0.226 0.00114 0.264 0.348
40.5 0.235 -0.0208 0.264 0.354
40.6 0.243 -0.0411 0.264 0.361
40.7 0.25 -0.0597 0.264 0.368
40.8 0.256 -0.0768 0.264 0.375
40.9 0.261 -0.0925 0.263 0.382
41.0 0.265 -0.107 0.263 0.388
41.1 0.269 -0.12 0.262 0.394
41.2 0.272 -0.132 0.262 0.4
41.3 0.275 -0.143 0.261 0.405
41.4 0.277 -0.152 0.26 0.409
41.5 0.278 -0.161 0.259 0.413
41.6 0.279 -0.169 0.258 0.416
41.7 0.28 -0.176 0.257 0.419
41.8 0.28 -0.182 0.257 0.421
41.9 0.28 -0.188 0.256 0.423
42.0 0.28 -0.192 0.255 0.424
42.1 0.279 -0.196 0.254 0.425
42.2 0.278 -0.2 0.252 0.425
42.3 0.26 -0.196 0.247 0.409
42.4 0.244 -0.192 0.242 0.394
42.5 0.223 -0.187 0.236 0.374
42.6 0.2 -0.182 0.229 0.354
42.7 0.174 -0.177 0.222 0.333
42.8 0.151 -0.172 0.215 0.315
42.9 0.129 -0.168 0.21 0.298
43.0 0.108 -0.163 0.204 0.283
43.1 0.088 -0.159 0.199 0.269
43.2 0.0694 -0.153 0.194 0.256
43.3 0.0504 -0.138 0.189 0.239
43.4 0.0277 -0.115 0.183 0.218
43.5 0.000625 -0.0862 0.175 0.195
43.6 -0.0297 -0.0548 0.167 0.179
43.7 -0.0653 -0.028 0.156 0.172
43.8 -0.102 -2.09e-05 0.146 0.178
43.9 -0.138 0.0278 0.136 0.196
44.0 -0.173 0.0534 0.127 0.221
44.1 -0.208 0.0744 0.116 0.25
44.2 -0.24 0.0905 0.105 0.278
44.3 -0.271 0.103 0.0939 0.304
44.4 -0.298 0.112 0.0817 0.328
44.5 -0.322 0.117 0.069 0.349
44.6 -0.379 0.148 0.0373 0.408
44.7 -0.431 0.177 0.00897 0.466
44.8 -0.48 0.205 -0.0164 0.522
44.9 -0.53 0.224 -0.0406 0.577
45.0 -0.572 0.237 -0.0627 0.622
45.1 -0.609 0.241 -0.0833 0.66
45.2 -0.642 0.234 -0.103 0.691
45.3 -0.583 0.154 -0.124 0.616
45.4 -0.527 0.0815 -0.143 0.552
45.5 -0.474 0.0144 -0.159 0.5
45.6 -0.424 -0.0462 -0.173 0.46
45.7 -0.377 -0.102 -0.185 0.433
45.8 -0.334 -0.153 -0.197 0.417
45.9 -0.293 -0.2 -0.206 0.411
46.0 -0.255 -0.243 -0.215 0.413
46.1 -0.22 -0.282 -0.223 0.421
46.2 -0.187 -0.317 -0.229 0.434
46.3 -0.156 -0.349 -0.235 0.449
46.4 -0.128 -0.377 -0.24 0.465
46.5 -0.102 -0.403 -0.245 0.482
46.6 -0.0774 -0.426 -0.248 0.499
46.7 -0.0549 -0.446 -0.252 0.515
46.8 -0.0342 -0.464 -0.254 0.531
46.9 -0.015 -0.481 -0.257 0.545
47.0 0.00271 -0.496 -0.259 0.559
47.1 0.0189 -0.508 -0.261 0.571
47.2 0.0339 -0.52 -0.262 0.583
47.3 0.0476 -0.53 -0.263 0.594
47.4 0.0657 -0.531 -0.265 0.597
47.5 0.106 -0.484 -0.275 0.567
47.6 0.142 -0.441 -0.283 0.543
47.7 0.176 -0.401 -0.29 0.525
47.8 0.207 -0.363 -0.297 0.513
47.9 0.229 -0.325 -0.301 0.499
48.0 0.249 -0.29 -0.305 0.489
48.1 0.268 -0.257 -0.308 0.482
48.2 0.284 -0.225 -0.311 0.477
48.3 0.295 -0.191 -0.314 0.471
48.4 0.264 -0.119 -0.318 0.43
48.5 0.235 -0.0521 -0.322 0.401
48.6 0.208 0.0095 -0.325 0.386
48.7 0.182 0.0667 -0.328 0.381
48.8 0.159 0.119 -0.33 0.385
48.9 0.137 0.168 -0.332 0.397
49.0 0.117 0.213 -0.334 0.413
49.1 0.0983 0.254 -0.336 0.432
49.2 0.0809 0.292 -0.337 0.453
49.3 0.0648 0.327 -0.338 0.475
49.4 0.0499 0.36 -0.339 0.497
49.5 0.0361 0.39 -0.34 0.518
49.6 0.0212 0.416 -0.341 0.538
49.7 0.00248 0.434 -0.341 0.552
49.8 -0.0192 0.444 -0.342 0.561
49.9 -0.0406 0.45 -0.343 0.567
