0.0 5.7 1.0
0.1 3.47 1.0
0.2 2.5 1.0
0.3 2.18 1.0
0.4 2.77 1.0
0.5 5.31 1.0
0.6 3.15 1.0
0.7 2.04 1.0
0.8 1.16 1.0
0.9 1.7 1.0
1.0 1.52 1.0
1.1 1.57 1.0
1.2 0.629 1.0
1.3 2.1 1.0
1.4 0.419 1.0
1.5 1.59 1.0
1.6 0.5 1.0
1.7 0.408 1.0
1.8 1.49 1.0
1.9 0.189 1.0
2.0 0.341 1.0
2.1 0.341 1.0
2.2 0.342 1.0
2.3 0.908 1.0
2.4 1.37 1.0
2.5 0.256 1.0
2.6 0.286 1.0
2.7 0.264 1.0
2.8 0.257 1.0
2.9 0.281 1.0
3.0 1.8 1.0
3.1 2.95 1.0
3.2 0.561 1.0
3.3 1.29 1.0
3.4 0.538 1.0
3.5 1.23 1.0
3.6 0.526 1.0
3.7 2.22 1.0
3.8 2.47 1.0
3.9 1.12 1.0
4.0 1.58 1.0
4.1 1.06 1.0
4.2 1.23 1.0
4.3 1.2 1.0
4.4 1.18 1.0
4.5 4.16 1.0
4.6 1.25 1.0
4.7 0.989 1.0
4.8 0.819 1.0
4.9 0.692 1.0
5.0 0.71 1.0
5.1 0.691 1.0
5.2 0.738 1.0
5.3 0.69 1.0
5.4 0.725 1.0
5.5 2.33 1.0
5.6 0.684 1.0
5.7 1.09 1.0
5.8 2.36 1.0
5.9 1.1 1.0
6.0 1.41 1.0
6.1 1.77 1.0
6.2 1.14 1.0
6.3 3.29 1.0
6.4 0.955 1.0
6.5 1.07 1.0
6.6 1.51 1.0
6.7 1.67 1.0
6.8 4.39 1.0
6.9 1.62 1.0
7.0 3.26 1.0
7.1 1.38 1.0
7.2 1.73 1.0
7.3 1.23 1.0
7.4 1.12 1.0
7.5 3.3 1.0
7.6 0.933 1.0
7.7 1.58 1.0
7.8 1.77 1.0
7.9 1.62 1.0
8.0 3.82 1.0
8.1 5.92 1.0
8.2 0.716 1.0
8.3 1.8 1.0
8.4 0.713 1.0
8.5 0.69 1.0
8.6 1.43 1.0
8.7 0.692 1.0
8.8 0.718 1.0
8.9 1.43 1.0
9.0 0.714 1.0
9.1 2.39 1.0
9.2 5.48 1.0
9.3 0.732 1.0
9.4 1.78 1.0
9.5 0.705 1.0
9.6 1.38 1.0
9.7 0.725 1.0
9.8 1.57 1.0
9.9 0.784 1.0
10.0 1.35 1.0
10.1 0.696 1.0
10.2 1.39 1.0
10.3 1.07 1.0
10.4 1.63 1.0
10.5 1.15 1.0
10.6 4.67 1.0
10.7 4.57 1.0
10.8 0.809 1.0
10.9 0.704 1.0
11.0 0.71 1.0
11.1 0.801 1.0
11.2 1.79 1.0
11.3 1.31 1.0
11.4 1.85 1.0
11.5 2.51 1.0
11.6 0.828 1.0
11.7 1.63 1.0
11.8 1.71 1.0
11.9 1.02 1.0
12.0 1.67 1.0
12.1 1.41 1.0
12.2 2.03 1.0
12.3 1.12 1.0
12.4 1.83 1.0
12.5 1.83 1.0
12.6 3.19 1.0
12.7 0.703 1.0
12.8 0.714 1.0
12.9 0.711 1.0
13.0 1.2 1.0
13.1 9.16 1.0
13.2 5.5 1.0
13.3 9.48 1.0
13.4 1.73 1.0
13.5 0.62 1.0
13.6 1.98 1.0
13.7 1.5 1.0
13.8 1.51 1.0
13.9 8.81 1.0
14.0 3.89 1.0
14.1 1.28 1.0
14.2 0.806 1.0
14.3 0.696 1.0
14.4 0.708 1.0
14.5 0.409 1.0
14.6 1.35 1.0
14.7 0.495 1.0
14.8 2.45 1.0
14.9 0.4 1.0
15.0 2.64 1.0
15.1 1.56 1.0
15.2 1.72 1.0
15.3 2.4 1.0
15.4 1.31 1.0
15.5 3.18 1.0
15.6 1.22 1.0
15.7 1.81 1.0
15.8 4.41 1.0
15.9 1.38 1.0
16.0 3.38 1.0
16.1 2.26 1.0
16.2 2.87 1.0
16.3 2.59 1.0
16.4 11.0 1.0
16.5 12.4 1.0
16.6 5.53 1.0
16.7 13.0 1.0
16.8 11.3 1.0
16.9 0.209 1.0
17.0 0.201 1.0
17.1 1.92 1.0
17.2 1.56 1.0
17.3 1.43 1.0
17.4 2.96 1.0
17.5 2.63 1.0
17.6 1.23 1.0
17.7 1.22 1.0
17.8 0.952 1.0
17.9 4.54 1.0
18.0 2.36 1.0
18.1 2.7 1.0
18.2 4.6 1.0
18.3 1.71 1.0
18.4 1.6 1.0
18.5 3.07 1.0
18.6 3.04 1.0
18.7 3.87 1.0
18.8 5.45 1.0
18.9 5.49 1.0
19.0 5.22 1.0
19.1 7.68 1.0
19.2 3.7 1.0
19.3 4.2 1.0
19.4 4.31 1.0
19.5 1.57 1.0
19.6 1.53 1.0
19.7 1.03 1.0
19.8 0.497 1.0
19.9 1.04 1.0
20.0 0.566 1.0
20.1 1.23 1.0
20.2 1.34 1.0
20.3 0.662 1.0
20.4 1.25 1.0
20.5 1.41 1.0
20.6 3.49 1.0
20.7 0.819 1.0
20.8 0.924 1.0
20.9 0.778 1.0
21.0 1.15 1.0
21.1 1.29 1.0
21.2 1.22 1.0
21.3 1.07 1.0
21.4 1.09 1.0
21.5 1.15 1.0
21.6 6.51 1.0
21.7 1.03 1.0
21.8 1.84 1.0
21.9 1.03 1.0
22.0 6.14 1.0
22.1 0.917 1.0
22.2 0.854 1.0
22.3 0.905 1.0
22.4 0.243 1.0
22.5 5.33 1.0
22.6 0.869 1.0
22.7 0.224 1.0
22.8 1.01 1.0
22.9 1.89 1.0
23.0 3.52 1.0
23.1 0.482 1.0
23.2 1.46 1.0
23.3 0.508 1.0
23.4 1.09 1.0
23.5 0.473 1.0
23.6 1.08 1.0
23.7 0.352 1.0
23.8 0.371 1.0
23.9 1.21 1.0
24.0 0.478 1.0
24.1 1.26 1.0
24.2 0.5 1.0
24.3 0.507 1.0
24.4 2.62 1.0
24.5 1.47 1.0
24.6 0.31 1.0
24.7 1.72 1.0
24.8 0.321 1.0
24.9 0.422 1.0
25.0 0.94 1.0
25.1 0.686 1.0
25.2 0.397 1.0
25.3 1.7 1.0
25.4 0.92 1.0
25.5 0.88 1.0
25.6 0.498 1.0
25.7 0.546 1.0
25.8 1.32 1.0
25.9 2.41 1.0
26.0 6.76 1.0
26.1 2.2 1.0
26.2 4.89 1.0
26.3 5.56 1.0
26.4 5.42 1.0
26.5 9.14 1.0
26.6 1.17 1.0
26.7 2.49 1.0
26.8 0.67 1.0
26.9 1.68 1.0
27.0 6.5 1.0
27.1 1.09 1.0
27.2 2.09 1.0
27.3 0.944 1.0
27.4 0.279 1.0
27.5 0.748 1.0
27.6 2.69 1.0
27.7 0.911 1.0
27.8 0.641 1.0
27.9 0.64 1.0
28.0 0.642 1.0
28.1 0.649 1.0
28.2 0.636 1.0
28.3 0.638 1.0
28.4 0.64 1.0
28.5 0.934 1.0
28.6 0.693 1.0
28.7 0.689 1.0
28.8 0.707 1.0
28.9 0.652 1.0
29.0 0.659 1.0
29.1 0.827 1.0
29.2 0.894 1.0
29.3 0.805 1.0
29.4 0.777 1.0
29.5 0.775 1.0
29.6 0.887 1.0
29.7 0.797 1.0
29.8 0.879 1.0
29.9 0.691 1.0
30.0 0.666 1.0
30.1 0.699 1.0
30.2 0.696 1.0
30.3 0.699 1.0
30.4 0.715 1.0
30.5 0.833 1.0
30.6 0.867 1.0
30.7 0.879 1.0
30.8 3.67 1.0
30.9 1.17 1.0
31.0 0.818 1.0
31.1 0.802 1.0
31.2 0.832 1.0
31.3 0.996 1.0
31.4 0.965 1.0
31.5 0.76 1.0
31.6 1.66 1.0
31.7 0.652 1.0
31.8 0.756 1.0
31.9 0.656 1.0
32.0 2.11 1.0
32.1 1.55 1.0
32.2 8.1 1.0
32.3 3.51 1.0
32.4 7.16 1.0
32.5 1.07 1.0
32.6 0.463 1.0
32.7 11.4 1.0
32.8 0.368 1.0
32.9 1.6 1.0
33.0 1.79 1.0
33.1 2.15 1.0
33.2 4.72 1.0
33.3 1.89 1.0
33.4 2.0 1.0
33.5 1.09 1.0
33.6 2.04 1.0
33.7 6.23 1.0
33.8 8.44 1.0
33.9 8.29 1.0
34.0 3.72 1.0
34.1 5.22 1.0
34.2 10.8 1.0
34.3 0.797 1.0
34.4 1.49 1.0
34.5 16.9 1.0
34.6 16.6 1.0
34.7 17.7 1.0
34.8 0.722 1.0
34.9 16.1 1.0
35.0 16.6 1.0
35.1 0.751 1.0
35.2 15.9 1.0
35.3 1.75 1.0
35.4 16.5 1.0
35.5 14.3 1.0
35.6 2.17 1.0
35.7 1.11 1.0
35.8 2.37 1.0
35.9 1.03 1.0
36.0 1.67 1.0
36.1 4.02 1.0
36.2 1.72 1.0
36.3 2.55 1.0
36.4 6.88 1.0
36.5 3.73 1.0
36.6 4.59 1.0
36.7 2.57 1.0
36.8 0.702 1.0
36.9 1.44 1.0
37.0 0.678 1.0
37.1 2.99 1.0
37.2 0.652 1.0
37.3 0.467 1.0
37.4 2.66 1.0
37.5 1.32 1.0
37.6 1.69 1.0
37.7 1.25 1.0
37.8 3.11 1.0
37.9 1.06 1.0
38.0 2.83 1.0
38.1 3.95 1.0
38.2 0.665 1.0
38.3 1.42 1.0
38.4 1.53 1.0
38.5 2.45 1.0
38.6 1.65 1.0
38.7 2.64 1.0
38.8 1.41 1.0
38.9 6.59 1.0
39.0 1.43 1.0
39.1 1.21 1.0
39.2 1.21 1.0
39.3 1.22 1.0
39.4 0.649 1.0
39.5 1.33 1.0
39.6 0.653 1.0
39.7 0.659 1.0
39.8 1.5 1.0
39.9 0.656 1.0
40.0 0.649 1.0
40.1 1.28 1.0
40.2 0.695 1.0
40.3 0.773 1.0
40.4 0.644 1.0
40.5 2.25 1.0
40.6 1.88 1.0
40.7 0.655 1.0
40.8 0.66 1.0
40.9 0.634 1.0
41.0 0.635 1.0
41.1 0.631 1.0
41.2 0.642 1.0
41.3 0.636 1.0
41.4 0.636 1.0
41.5 0.65 1.0
41.6 0.661 1.0
41.7 0.654 1.0
41.8 0.682 1.0
41.9 0.654 1.0
42.0 0.68 1.0
42.1 0.645 1.0
42.2 0.644 1.0
42.3 0.906 1.0
42.4 0.758 1.0
42.5 0.94 1.0
42.6 0.925 1.0
42.7 0.933 1.0
42.8 0.843 1.0
42.9 0.95 1.0
43.0 0.993 1.0
43.1 0.904 1.0
43.2 1.63 1.0
43.3 1.44 1.0
43.4 1.62 1.0
43.5 1.11 1.0
43.6 1.12 1.0
43.7 1.53 1.0
43.8 0.936 1.0
43.9 0.941 1.0
44.0 5.9 1.0
44.1 6.3 1.0
44.2 2.86 1.0
44.3 10.5 1.0
44.4 8.73 1.0
44.5 2.4 1.0
44.6 4.91 1.0
44.7 2.65 1.0
44.8 2.58 1.0
44.9 1.78 1.0
45.0 2.75 1.0
45.1 2.45 1.0
45.2 2.88 1.0
45.3 6.42 1.0
45.4 1.72 1.0
45.5 0.837 1.0
45.6 1.72 1.0
45.7 0.856 1.0
45.8 0.927 1.0
45.9 1.12 1.0
46.0 0.968 1.0
46.1 0.939 1.0
46.2 0.978 1.0
46.3 0.958 1.0
46.4 0.951 1.0
46.5 0.927 1.0
46.6 0.985 1.0
46.7 0.918 1.0
46.8 0.898 1.0
46.9 0.219 1.0
47.0 0.885 1.0
47.1 0.97 1.0
47.2 0.229 1.0
47.3 0.836 1.0
47.4 3.05 1.0
47.5 3.51 1.0
47.6 0.841 1.0
47.7 0.286 1.0
47.8 0.95 1.0
47.9 1.93 1.0
48.0 0.224 1.0
48.1 0.868 1.0
48.2 0.352 1.0
48.3 1.49 1.0
48.4 3.39 1.0
48.5 0.367 1.0
48.6 1.49 1.0
48.7 0.312 1.0
48.8 1.33 1.0
48.9 0.339 1.0
49.0 0.875 1.0
49.1 0.241 1.0
49.2 0.902 1.0
49.3 0.238 1.0
49.4 4.41 1.0
49.5 3.47 1.0
49.6 5.37 1.0
49.7 4.45 1.0
49.8 6.24 1.0
49.9 3.36 1.0
