0.0 2.51 -1.55e-06 0.997
0.1 2.52 -2.5e-05 0.989
0.2 2.55 -0.000142 0.976
0.3 2.58 -0.000701 0.959
0.4 2.62 -0.00255 0.938
0.5 2.66 -0.00634 0.913
0.6 2.71 -0.0123 0.886
0.7 2.77 -0.0208 0.856
0.8 2.82 -0.0322 0.823
0.9 2.88 -0.0467 0.789
1.0 2.95 -0.0647 0.752
1.1 3.01 -0.0866 0.715
1.2 3.07 -0.113 0.676
1.3 3.14 -0.143 0.636
1.4 3.2 -0.178 0.596
1.5 3.26 -0.218 0.555
1.6 3.32 -0.263 0.514
1.7 3.37 -0.313 0.475
1.8 3.42 -0.368 0.436
1.9 3.46 -0.427 0.4
2.0 3.5 -0.49 0.367
2.1 3.53 -0.557 0.339
2.2 3.56 -0.627 0.317
2.3 3.58 -0.7 0.302
2.4 3.58 -0.774 0.294
2.5 3.59 -0.849 0.293
2.6 3.58 -0.923 0.298
2.7 3.56 -0.996 0.309
2.8 3.54 -1.07 0.324
2.9 3.5 -1.13 0.341
3.0 3.46 -1.2 0.36
3.1 3.41 -1.25 0.378
3.2 3.36 -1.31 0.395
3.3 3.3 -1.35 0.41
3.4 3.24 -1.39 0.423
3.5 3.17 -1.41 0.433
3.6 3.1 -1.43 0.441
3.7 3.03 -1.44 0.446
3.8 2.96 -1.44 0.448
3.9 2.89 -1.44 0.448
4.0 2.82 -1.42 0.446
4.1 2.75 -1.4 0.443
4.2 2.69 -1.37 0.438
4.3 2.64 -1.33 0.431
4.4 2.59 -1.28 0.424
4.5 2.55 -1.23 0.417
4.6 2.51 -1.18 0.409
4.7 2.48 -1.12 0.401
4.8 2.46 -1.06 0.394
4.9 2.45 -1.0 0.387
5.0 2.44 -0.944 0.382
5.1 2.44 -0.884 0.377
5.2 2.45 -0.827 0.374
5.3 2.47 -0.772 0.372
5.4 2.49 -0.72 0.372
5.5 2.51 -0.674 0.373
5.6 2.54 -0.635 0.376
5.7 2.56 -0.601 0.381
5.8 2.58 -0.574 0.389
5.9 2.6 -0.552 0.398
6.0 2.61 -0.533 0.409
6.1 2.61 -0.517 0.421
6.2 2.6 -0.502 0.436
6.3 2.58 -0.487 0.453
6.4 2.56 -0.473 0.475
6.5 2.53 -0.457 0.499
6.6 2.5 -0.439 0.526
6.7 2.46 -0.417 0.555
6.8 2.42 -0.391 0.587
6.9 2.38 -0.361 0.62
7.0 2.33 -0.326 0.656
7.1 2.28 -0.287 0.693
7.2 2.23 -0.243 0.733
7.3 2.18 -0.195 0.776
7.4 2.13 -0.142 0.821
7.5 2.08 -0.0852 0.868
7.6 2.03 -0.0258 0.919
7.7 1.98 0.0369 0.972
7.8 1.94 0.103 1.03
7.9 1.89 0.171 1.09
8.0 1.85 0.242 1.15
8.1 1.81 0.313 1.21
8.2 1.79 0.378 1.28
8.3 1.77 0.439 1.35
8.4 1.76 0.494 1.42
8.5 1.75 0.544 1.49
8.6 1.75 0.588 1.56
8.7 1.74 0.627 1.64
8.8 1.75 0.661 1.71
8.9 1.75 0.69 1.79
9.0 1.75 0.716 1.87
9.1 1.75 0.74 1.94
9.2 1.75 0.759 2.02
9.3 1.76 0.771 2.09
9.4 1.76 0.778 2.16
9.5 1.76 0.781 2.22
9.6 1.75 0.78 2.28
9.7 1.75 0.777 2.34
9.8 1.73 0.773 2.39
9.9 1.72 0.768 2.44
10.0 1.7 0.764 2.49
10.1 1.68 0.762 2.54
10.2 1.66 0.762 2.59
10.3 1.63 0.766 2.63
10.4 1.6 0.774 2.68
10.5 1.58 0.786 2.72
10.6 1.55 0.803 2.75
10.7 1.53 0.822 2.79
10.8 1.5 0.839 2.82
10.9 1.47 0.857 2.85
11.0 1.45 0.877 2.88
11.1 1.42 0.897 2.9
11.2 1.38 0.92 2.93
11.3 1.35 0.944 2.95
11.4 1.32 0.969 2.97
11.5 1.29 0.993 2.98
11.6 1.25 1.02 3.0
11.7 1.22 1.04 3.0
11.8 1.18 1.06 3.01
11.9 1.15 1.09 3.01
12.0 1.11 1.11 3.02
12.1 1.06 1.14 3.02
12.2 1.02 1.16 3.01
12.3 0.971 1.18 3.01
12.4 0.921 1.21 3.0
12.5 0.868 1.24 3.0
12.6 0.815 1.26 2.99
12.7 0.766 1.29 2.98
12.8 0.719 1.31 2.96
12.9 0.674 1.33 2.95
13.0 0.628 1.34 2.93
13.1 0.582 1.36 2.91
13.2 0.535 1.38 2.89
13.3 0.486 1.4 2.87
13.4 0.435 1.41 2.84
13.5 0.38 1.43 2.82
13.6 0.322 1.44 2.79
13.7 0.26 1.46 2.76
13.8 0.194 1.48 2.73
13.9 0.126 1.51 2.7
14.0 0.0648 1.53 2.66
14.1 0.0169 1.55 2.63
14.2 -0.0205 1.57 2.59
14.3 -0.0504 1.57 2.56
14.4 -0.0755 1.57 2.53
14.5 -0.0986 1.56 2.5
14.6 -0.122 1.54 2.46
14.7 -0.148 1.52 2.43
14.8 -0.179 1.49 2.4
14.9 -0.213 1.46 2.36
15.0 -0.25 1.43 2.32
15.1 -0.284 1.41 2.28
15.2 -0.314 1.4 2.24
15.3 -0.341 1.39 2.2
15.4 -0.364 1.38 2.15
15.5 -0.383 1.38 2.11
15.6 -0.399 1.38 2.06
15.7 -0.411 1.37 2.02
15.8 -0.422 1.37 1.97
15.9 -0.43 1.37 1.92
16.0 -0.436 1.36 1.87
16.1 -0.442 1.36 1.82
16.2 -0.448 1.35 1.77
16.3 -0.454 1.34 1.72
16.4 -0.461 1.33 1.67
16.5 -0.468 1.32 1.62
16.6 -0.477 1.3 1.57
16.7 -0.488 1.29 1.51
16.8 -0.501 1.28 1.46
16.9 -0.517 1.27 1.41
17.0 -0.537 1.26 1.36
17.1 -0.563 1.24 1.31
17.2 -0.6 1.22 1.26
17.3 -0.649 1.2 1.21
17.4 -0.709 1.17 1.16
17.5 -0.778 1.15 1.12
17.6 -0.857 1.13 1.08
17.7 -0.944 1.12 1.05
17.8 -1.04 1.11 1.02
17.9 -1.13 1.12 0.987
18.0 -1.21 1.12 0.962
18.1 -1.27 1.12 0.941
18.2 -1.33 1.13 0.924
18.3 -1.37 1.12 0.911
18.4 -1.41 1.12 0.901
18.5 -1.45 1.11 0.894
18.6 -1.49 1.1 0.891
18.7 -1.52 1.08 0.89
18.8 -1.56 1.06 0.891
18.9 -1.59 1.03 0.895
19.0 -1.63 1.01 0.901
19.1 -1.67 0.984 0.91
19.2 -1.71 0.96 0.92
19.3 -1.76 0.938 0.931
19.4 -1.81 0.918 0.944
19.5 -1.86 0.902 0.959
19.6 -1.92 0.891 0.975
19.7 -1.97 0.886 0.994
19.8 -2.03 0.887 1.01
19.9 -2.09 0.892 1.03
20.0 -2.14 0.903 1.06
20.1 -2.2 0.917 1.08
20.2 -2.25 0.936 1.11
20.3 -2.3 0.957 1.14
20.4 -2.36 0.981 1.16
20.5 -2.41 1.01 1.2
20.6 -2.45 1.03 1.23
20.7 -2.5 1.06 1.26
20.8 -2.54 1.08 1.3
20.9 -2.58 1.11 1.34
21.0 -2.62 1.13 1.39
21.1 -2.66 1.15 1.43
21.2 -2.69 1.18 1.47
21.3 -2.73 1.21 1.52
21.4 -2.76 1.24 1.57
21.5 -2.78 1.27 1.62
21.6 -2.81 1.29 1.66
21.7 -2.83 1.31 1.71
21.8 -2.84 1.33 1.76
21.9 -2.86 1.33 1.81
22.0 -2.87 1.34 1.86
22.1 -2.88 1.34 1.9
22.2 -2.9 1.34 1.95
22.3 -2.91 1.34 1.99
22.4 -2.92 1.34 2.02
22.5 -2.93 1.34 2.06
22.6 -2.94 1.35 2.09
22.7 -2.95 1.35 2.12
22.8 -2.96 1.35 2.15
22.9 -2.98 1.35 2.18
23.0 -2.99 1.35 2.21
23.1 -3.0 1.35 2.22
23.2 -3.01 1.36 2.23
23.3 -3.02 1.36 2.23
23.4 -3.03 1.36 2.23
23.5 -3.04 1.36 2.22
23.6 -3.06 1.36 2.21
23.7 -3.07 1.36 2.19
23.8 -3.09 1.36 2.18
23.9 -3.1 1.36 2.15
24.0 -3.12 1.36 2.13
24.1 -3.15 1.35 2.1
24.2 -3.17 1.35 2.08
24.3 -3.2 1.35 2.05
24.4 -3.23 1.35 2.02
24.5 -3.26 1.35 1.99
24.6 -3.29 1.35 1.97
24.7 -3.31 1.35 1.94
24.8 -3.34 1.36 1.92
24.9 -3.37 1.36 1.9
25.0 -3.4 1.37 1.87
25.1 -3.42 1.38 1.85
25.2 -3.45 1.38 1.83
25.3 -3.48 1.39 1.81
25.4 -3.5 1.41 1.79
25.5 -3.53 1.42 1.78
25.6 -3.56 1.43 1.76
25.7 -3.58 1.45 1.74
25.8 -3.61 1.46 1.73
25.9 -3.63 1.48 1.71
26.0 -3.66 1.5 1.7
26.1 -3.68 1.52 1.68
26.2 -3.71 1.55 1.67
26.3 -3.73 1.57 1.66
26.4 -3.75 1.6 1.65
26.5 -3.76 1.62 1.64
26.6 -3.77 1.65 1.63
26.7 -3.78 1.67 1.63
26.8 -3.78 1.7 1.63
26.9 -3.78 1.72 1.63
27.0 -3.78 1.74 1.63
27.1 -3.77 1.76 1.63
27.2 -3.75 1.78 1.63
27.3 -3.73 1.8 1.64
27.4 -3.71 1.81 1.64
27.5 -3.69 1.82 1.65
27.6 -3.67 1.83 1.66
27.7 -3.64 1.84 1.67
27.8 -3.61 1.84 1.68
27.9 -3.58 1.84 1.68
28.0 -3.55 1.84 1.69
28.1 -3.52 1.83 1.7
28.2 -3.49 1.81 1.71
28.3 -3.46 1.79 1.73
28.4 -3.44 1.77 1.74
28.5 -3.42 1.75 1.75
28.6 -3.4 1.72 1.76
28.7 -3.38 1.69 1.77
28.8 -3.37 1.66 1.78
28.9 -3.37 1.63 1.79
29.0 -3.36 1.6 1.81
29.1 -3.36 1.57 1.82
29.2 -3.37 1.53 1.83
29.3 -3.38 1.5 1.84
29.4 -3.39 1.48 1.86
29.5 -3.41 1.45 1.87
29.6 -3.43 1.43 1.88
29.7 -3.44 1.42 1.89
29.8 -3.47 1.4 1.91
29.9 -3.49 1.39 1.92
30.0 -3.51 1.39 1.93
30.1 -3.53 1.39 1.94
30.2 -3.55 1.39 1.95
30.3 -3.57 1.39 1.97
30.4 -3.58 1.4 1.98
30.5 -3.6 1.41 1.99
30.6 -3.61 1.42 2.0
30.7 -3.62 1.43 2.01
30.8 -3.63 1.44 2.02
30.9 -3.63 1.46 2.04
31.0 -3.63 1.47 2.05
31.1 -3.63 1.48 2.06
31.2 -3.63 1.5 2.07
31.3 -3.63 1.51 2.08
31.4 -3.62 1.52 2.09
31.5 -3.62 1.53 2.1
31.6 -3.61 1.54 2.11
31.7 -3.6 1.54 2.13
31.8 -3.59 1.55 2.14
31.9 -3.58 1.55 2.15
32.0 -3.57 1.56 2.16
32.1 -3.56 1.56 2.17
32.2 -3.55 1.56 2.18
32.3 -3.54 1.55 2.18
32.4 -3.54 1.55 2.17
32.5 -3.53 1.55 2.16
32.6 -3.53 1.54 2.15
32.7 -3.53 1.54 2.13
32.8 -3.53 1.54 2.1
32.9 -3.54 1.54 2.08
33.0 -3.54 1.53 2.05
33.1 -3.54 1.53 2.02
33.2 -3.55 1.54 1.98
33.3 -3.55 1.54 1.95
33.4 -3.56 1.54 1.91
33.5 -3.56 1.55 1.87
33.6 -3.57 1.56 1.83
33.7 -3.57 1.57 1.79
33.8 -3.58 1.58 1.74
33.9 -3.58 1.59 1.7
34.0 -3.58 1.6 1.65
34.1 -3.58 1.61 1.6
34.2 -3.58 1.62 1.56
34.3 -3.57 1.64 1.51
34.4 -3.57 1.65 1.46
34.5 -3.56 1.66 1.41
34.6 -3.55 1.67 1.36
34.7 -3.54 1.68 1.31
34.8 -3.53 1.69 1.26
34.9 -3.52 1.7 1.21
35.0 -3.51 1.71 1.16
35.1 -3.5 1.71 1.11
35.2 -3.5 1.72 1.05
35.3 -3.5 1.73 1.0
35.4 -3.47 1.76 0.949
35.5 -3.43 1.78 0.897
35.6 -3.37 1.81 0.845
35.7 -3.3 1.82 0.794
35.8 -3.23 1.81 0.747
35.9 -3.15 1.8 0.703
36.0 -3.07 1.77 0.662
36.1 -3.0 1.72 0.626
36.2 -2.93 1.66 0.594
36.3 -2.87 1.6 0.568
36.4 -2.81 1.53 0.547
36.5 -2.76 1.45 0.531
36.6 -2.72 1.36 0.521
36.7 -2.68 1.28 0.519
36.8 -2.64 1.2 0.527
36.9 -2.61 1.12 0.544
37.0 -2.58 1.04 0.568
37.1 -2.55 0.966 0.598
37.2 -2.53 0.895 0.632
37.3 -2.51 0.829 0.669
37.4 -2.5 0.768 0.71
37.5 -2.49 0.711 0.753
37.6 -2.48 0.657 0.8
37.7 -2.47 0.606 0.849
37.8 -2.46 0.558 0.901
37.9 -2.46 0.512 0.955
38.0 -2.45 0.469 1.01
38.1 -2.43 0.434 1.07
38.2 -2.41 0.412 1.12
38.3 -2.38 0.399 1.17
38.4 -2.35 0.394 1.22
38.5 -2.3 0.394 1.27
38.6 -2.24 0.399 1.31
38.7 -2.18 0.404 1.35
38.8 -2.11 0.408 1.37
38.9 -2.04 0.404 1.39
39.0 -1.97 0.389 1.42
39.1 -1.93 0.365 1.44
39.2 -1.89 0.336 1.46
39.3 -1.86 0.305 1.48
39.4 -1.84 0.272 1.51
39.5 -1.83 0.241 1.53
39.6 -1.83 0.212 1.56
39.7 -1.83 0.187 1.58
39.8 -1.85 0.166 1.61
39.9 -1.86 0.151 1.63
40.0 -1.88 0.141 1.66
40.1 -1.9 0.138 1.69
40.2 -1.92 0.14 1.71
40.3 -1.94 0.147 1.74
40.4 -1.96 0.16 1.76
40.5 -1.97 0.177 1.79
40.6 -1.99 0.198 1.82
40.7 -1.99 0.222 1.84
40.8 -2.0 0.248 1.87
40.9 -2.0 0.275 1.9
41.0 -1.99 0.303 1.92
41.1 -1.98 0.33 1.95
41.2 -1.96 0.355 1.98
41.3 -1.94 0.379 2.0
41.4 -1.92 0.4 2.03
41.5 -1.89 0.417 2.05
41.6 -1.87 0.43 2.08
41.7 -1.83 0.44 2.11
41.8 -1.8 0.445 2.13
41.9 -1.77 0.445 2.16
42.0 -1.73 0.441 2.18
42.1 -1.7 0.432 2.21
42.2 -1.67 0.418 2.23
42.3 -1.64 0.401 2.26
42.4 -1.62 0.381 2.28
42.5 -1.6 0.359 2.31
42.6 -1.58 0.335 2.33
42.7 -1.57 0.311 2.35
42.8 -1.57 0.288 2.37
42.9 -1.57 0.266 2.39
43.0 -1.57 0.246 2.42
43.1 -1.58 0.228 2.44
43.2 -1.58 0.213 2.46
43.3 -1.6 0.202 2.47
43.4 -1.61 0.195 2.49
43.5 -1.62 0.192 2.51
43.6 -1.62 0.193 2.53
43.7 -1.63 0.198 2.54
43.8 -1.63 0.207 2.56
43.9 -1.62 0.217 2.57
44.0 -1.61 0.229 2.59
44.1 -1.59 0.242 2.6
44.2 -1.57 0.253 2.61
44.3 -1.55 0.264 2.62
44.4 -1.52 0.272 2.63
44.5 -1.49 0.277 2.64
44.6 -1.45 0.278 2.64
44.7 -1.41 0.274 2.64
44.8 -1.36 0.263 2.64
44.9 -1.31 0.244 2.64
45.0 -1.25 0.218 2.64
45.1 -1.2 0.184 2.63
45.2 -1.15 0.144 2.62
45.3 -1.1 0.102 2.61
45.4 -1.05 0.064 2.59
45.5 -1.02 0.0302 2.58
45.6 -0.983 0.000364 2.56
45.7 -0.952 -0.0259 2.54
45.8 -0.922 -0.049 2.53
45.9 -0.893 -0.0696 2.5
46.0 -0.863 -0.0886 2.48
46.1 -0.832 -0.107 2.46
46.2 -0.801 -0.125 2.44
46.3 -0.769 -0.143 2.42
46.4 -0.735 -0.163 2.39
46.5 -0.701 -0.186 2.37
46.6 -0.667 -0.211 2.34
46.7 -0.633 -0.239 2.32
46.8 -0.599 -0.27 2.29
46.9 -0.568 -0.305 2.27
47.0 -0.538 -0.344 2.24
47.1 -0.512 -0.387 2.22
47.2 -0.489 -0.433 2.19
47.3 -0.47 -0.482 2.16
47.4 -0.456 -0.534 2.14
47.5 -0.446 -0.584 2.11
47.6 -0.437 -0.631 2.08
47.7 -0.431 -0.676 2.05
47.8 -0.425 -0.718 2.02
47.9 -0.421 -0.759 1.99
48.0 -0.418 -0.797 1.96
48.1 -0.416 -0.835 1.93
48.2 -0.416 -0.872 1.9
48.3 -0.416 -0.907 1.87
48.4 -0.417 -0.939 1.84
48.5 -0.416 -0.966 1.81
48.6 -0.413 -0.988 1.78
48.7 -0.407 -1.01 1.74
48.8 -0.398 -1.02 1.71
48.9 -0.385 -1.04 1.68
49.0 -0.37 -1.06 1.64
49.1 -0.353 -1.08 1.61
49.2 -0.333 -1.1 1.58
49.3 -0.313 -1.12 1.54
49.4 -0.292 -1.15 1.51
49.5 -0.272 -1.18 1.47
49.6 -0.253 -1.22 1.44
49.7 -0.236 -1.26 1.41
49.8 -0.222 -1.3 1.37
49.9 -0.211 -1.34 1.34
