0.0 -0.0138 -0.000104 -0.0375 0.04
0.1 -0.0264 -0.000204 -0.0707 0.0755
0.2 -0.0379 -0.000304 -0.1 0.107
0.3 -0.0484 -0.000408 -0.126 0.135
0.4 -0.0578 -0.000529 -0.149 0.159
0.5 -0.0664 -0.000665 -0.168 0.181
0.6 -0.0737 -0.000874 -0.185 0.199
0.7 -0.0679 -0.00414 -0.091 0.114
0.8 -0.0681 -0.00759 -0.0198 0.0713
0.9 -0.0658 -0.0112 0.0294 0.0729
1.0 -0.0647 -0.0154 0.0632 0.0918
1.1 -0.0651 -0.0205 0.0852 0.109
1.2 -0.0655 -0.0252 0.105 0.126
1.3 -0.0676 -0.0326 0.11 0.133
1.4 -0.0695 -0.0394 0.114 0.139
1.5 -0.0713 -0.0487 0.11 0.14
1.6 -0.0729 -0.0574 0.107 0.142
1.7 -0.0744 -0.0655 0.104 0.144
1.8 -0.0711 -0.0781 0.1 0.146
1.9 -0.068 -0.0899 0.0972 0.149
2.0 -0.0652 -0.101 0.0943 0.153
2.1 -0.0625 -0.111 0.0918 0.157
2.2 -0.06 -0.12 0.0894 0.161
2.3 -0.0426 -0.131 0.0881 0.163
2.4 -0.0263 -0.14 0.0871 0.167
2.5 -0.0112 -0.149 0.0861 0.173
2.6 0.00281 -0.158 0.0852 0.179
2.7 0.0157 -0.165 0.0845 0.186
2.8 0.0277 -0.173 0.0838 0.194
2.9 0.0387 -0.179 0.0831 0.201
3.0 0.0489 -0.185 0.0825 0.209
3.1 0.0819 -0.162 0.114 0.214
3.2 0.112 -0.139 0.142 0.228
3.3 0.137 -0.116 0.165 0.244
3.4 0.16 -0.0951 0.187 0.263
3.5 0.178 -0.0715 0.204 0.28
3.6 0.195 -0.0496 0.22 0.298
3.7 0.207 -0.0251 0.234 0.313
3.8 0.216 8.94e-05 0.246 0.327
3.9 0.221 0.0259 0.258 0.34
4.0 0.223 0.0523 0.269 0.353
4.1 0.22 0.079 0.281 0.365
4.2 0.215 0.106 0.293 0.378
4.3 0.205 0.132 0.306 0.391
4.4 0.192 0.157 0.32 0.405
4.5 0.176 0.181 0.334 0.419
4.6 0.156 0.204 0.349 0.433
4.7 0.133 0.224 0.364 0.448
4.8 0.108 0.242 0.379 0.462
4.9 0.0795 0.256 0.395 0.477
5.0 0.049 0.267 0.411 0.493
5.1 0.0168 0.275 0.426 0.508
5.2 -0.0168 0.279 0.442 0.523
5.3 -0.0512 0.278 0.458 0.538
5.4 -0.0858 0.273 0.473 0.553
5.5 -0.12 0.264 0.491 0.57
5.6 -0.153 0.251 0.507 0.586
5.7 -0.184 0.232 0.519 0.597
5.8 -0.214 0.211 0.532 0.611
5.9 -0.24 0.184 0.542 0.621
6.0 -0.263 0.152 0.55 0.628
6.1 -0.284 0.121 0.562 0.641
6.2 -0.296 0.0846 0.568 0.646
6.3 -0.31 0.0472 0.581 0.661
6.4 -0.318 0.00781 0.593 0.673
6.5 -0.32 -0.0322 0.603 0.684
6.6 -0.316 -0.0722 0.609 0.69
6.7 -0.306 -0.112 0.612 0.693
6.8 -0.295 -0.153 0.616 0.7
6.9 -0.276 -0.189 0.618 0.703
7.0 -0.253 -0.225 0.623 0.71
7.1 -0.225 -0.256 0.624 0.711
7.2 -0.194 -0.287 0.623 0.712
7.3 -0.158 -0.309 0.619 0.709
7.4 -0.119 -0.328 0.612 0.704
7.5 -0.0769 -0.344 0.611 0.705
7.6 -0.0326 -0.354 0.608 0.704
7.7 0.0118 -0.358 0.6 0.699
7.8 0.0564 -0.356 0.589 0.691
7.9 0.101 -0.349 0.576 0.681
8.0 0.144 -0.336 0.56 0.669
8.1 0.187 -0.318 0.546 0.659
8.2 0.227 -0.295 0.533 0.65
8.3 0.264 -0.267 0.513 0.636
8.4 0.297 -0.234 0.495 0.623
8.5 0.325 -0.196 0.476 0.609
8.6 0.349 -0.155 0.451 0.591
8.7 0.367 -0.112 0.428 0.575
8.8 0.379 -0.0648 0.404 0.558
8.9 0.387 -0.0173 0.374 0.539
9.0 0.388 0.0308 0.347 0.521
9.1 0.383 0.0787 0.314 0.501
9.2 0.371 0.126 0.284 0.484
9.3 0.353 0.172 0.254 0.468
9.4 0.33 0.216 0.22 0.452
9.5 0.302 0.257 0.187 0.438
9.6 0.269 0.293 0.151 0.425
9.7 0.23 0.326 0.117 0.416
9.8 0.189 0.353 0.0787 0.408
9.9 0.143 0.375 0.0437 0.404
10.0 0.0962 0.392 0.00486 0.403
10.1 0.0462 0.402 -0.031 0.406
10.2 -0.00366 0.406 -0.0703 0.412
10.3 -0.0551 0.403 -0.107 0.421
10.4 -0.105 0.395 -0.147 0.434
10.5 -0.152 0.379 -0.183 0.447
10.6 -0.19 0.364 -0.217 0.464
10.7 -0.237 0.335 -0.252 0.481
10.8 -0.279 0.301 -0.283 0.498
10.9 -0.316 0.262 -0.31 0.515
11.0 -0.349 0.22 -0.335 0.531
11.1 -0.374 0.175 -0.358 0.546
11.2 -0.395 0.126 -0.377 0.561
11.3 -0.405 0.0775 -0.395 0.571
11.4 -0.414 0.0248 -0.411 0.584
11.5 -0.415 -0.028 -0.426 0.595
11.6 -0.41 -0.0794 -0.438 0.605
11.7 -0.398 -0.131 -0.45 0.615
11.8 -0.379 -0.18 -0.46 0.623
11.9 -0.354 -0.224 -0.469 0.629
12.0 -0.324 -0.267 -0.478 0.636
12.1 -0.288 -0.303 -0.485 0.641
12.2 -0.248 -0.338 -0.492 0.646
12.3 -0.204 -0.365 -0.498 0.65
12.4 -0.157 -0.389 -0.503 0.655
12.5 -0.106 -0.407 -0.508 0.659
12.6 -0.0545 -0.418 -0.512 0.663
12.7 -0.00189 -0.422 -0.516 0.666
12.8 0.0506 -0.419 -0.519 0.669
12.9 0.102 -0.409 -0.522 0.671
13.0 0.15 -0.393 -0.525 0.672
13.1 0.192 -0.378 -0.527 0.676
13.2 0.23 -0.364 -0.529 0.682
13.3 0.272 -0.324 -0.531 0.679
13.4 0.311 -0.287 -0.533 0.681
13.5 0.348 -0.253 -0.534 0.686
13.6 0.382 -0.222 -0.536 0.694
13.7 0.413 -0.192 -0.537 0.704
13.8 0.442 -0.165 -0.538 0.716
13.9 0.426 -0.0886 -0.539 0.693
14.0 0.408 -0.0159 -0.54 0.677
14.1 0.389 0.0516 -0.541 0.668
14.2 0.368 0.112 -0.541 0.664
14.3 0.343 0.167 -0.542 0.663
14.4 0.315 0.218 -0.543 0.664
14.5 0.288 0.253 -0.543 0.665
14.6 0.252 0.274 -0.543 0.659
14.7 0.221 0.284 -0.544 0.652
14.8 0.189 0.29 -0.544 0.645
14.9 0.162 0.291 -0.544 0.638
15.0 0.136 0.313 -0.545 0.643
15.1 0.112 0.33 -0.545 0.647
15.2 0.0823 0.334 -0.545 0.645
15.3 0.0544 0.336 -0.545 0.643
15.4 0.0247 0.324 -0.546 0.635
15.5 -0.00388 0.311 -0.546 0.628
15.6 -0.0318 0.294 -0.546 0.621
15.7 -0.0575 0.266 -0.546 0.61
15.8 -0.0819 0.243 -0.536 0.594
15.9 -0.103 0.222 -0.5 0.557
16.0 -0.114 0.184 -0.449 0.499
16.1 -0.12 0.15 -0.388 0.433
16.2 -0.13 0.122 -0.33 0.375
16.3 -0.135 0.0904 -0.274 0.319
16.4 -0.14 0.061 -0.224 0.271
16.5 -0.145 0.0338 -0.178 0.232
16.6 -0.15 0.00868 -0.138 0.204
16.7 -0.154 -0.0146 -0.101 0.185
16.8 -0.158 -0.0362 -0.0688 0.176
16.9 -0.238 -0.091 0.0276 0.256
17.0 -0.312 -0.142 0.114 0.361
17.1 -0.218 -0.292 0.194 0.413
17.2 -0.162 -0.444 0.269 0.543
17.3 -0.096 -0.555 0.336 0.656
17.4 -0.0299 -0.625 0.391 0.738
17.5 0.0315 -0.661 0.431 0.79
17.6 0.0879 -0.669 0.465 0.819
17.7 0.139 -0.656 0.486 0.828
17.8 0.183 -0.627 0.505 0.826
17.9 0.221 -0.586 0.517 0.812
18.0 0.253 -0.537 0.527 0.794
18.1 0.281 -0.483 0.534 0.773
18.2 0.304 -0.433 0.54 0.756
18.3 0.321 -0.387 0.545 0.742
18.4 0.335 -0.345 0.549 0.729
18.5 0.344 -0.305 0.551 0.718
18.6 0.343 -0.23 0.55 0.688
18.7 0.341 -0.162 0.549 0.666
18.8 0.338 -0.0988 0.548 0.651
18.9 0.334 -0.0407 0.546 0.641
19.0 0.33 0.0127 0.545 0.637
19.1 0.325 0.062 0.544 0.637
19.2 0.321 0.107 0.542 0.639
19.3 0.316 0.146 0.541 0.643
19.4 0.311 0.182 0.539 0.648
19.5 0.306 0.214 0.537 0.654
19.6 0.248 0.215 0.527 0.621
19.7 0.198 0.218 0.515 0.593
19.8 0.153 0.219 0.503 0.569
19.9 0.108 0.221 0.491 0.549
20.0 0.0701 0.221 0.479 0.532
20.1 0.0312 0.221 0.468 0.518
20.2 -0.00487 0.218 0.46 0.509
20.3 -0.0344 0.215 0.452 0.501
20.4 -0.0634 0.207 0.443 0.493
20.5 -0.0905 0.197 0.433 0.484
20.6 -0.116 0.187 0.427 0.48
20.7 -0.137 0.172 0.42 0.474
20.8 -0.156 0.155 0.412 0.467
20.9 -0.172 0.135 0.403 0.458
21.0 -0.184 0.114 0.393 0.448
21.1 -0.193 0.0912 0.382 0.437
21.2 -0.199 0.0681 0.37 0.426
21.3 -0.203 0.0446 0.359 0.414
21.4 -0.202 0.0217 0.346 0.401
21.5 -0.198 -0.000906 0.332 0.386
21.6 -0.194 -0.0231 0.32 0.375
21.7 -0.185 -0.0446 0.309 0.363
21.8 -0.174 -0.0646 0.298 0.351
21.9 -0.16 -0.0826 0.287 0.339
22.0 -0.145 -0.0988 0.274 0.325
22.1 -0.128 -0.112 0.262 0.312
22.2 -0.11 -0.123 0.251 0.3
22.3 -0.0907 -0.131 0.24 0.288
22.4 -0.073 -0.138 0.23 0.278
22.5 -0.0542 -0.14 0.216 0.263
22.6 -0.0347 -0.14 0.204 0.25
22.7 -0.0166 -0.139 0.193 0.239
22.8 0.000413 -0.134 0.183 0.227
22.9 0.016 -0.127 0.17 0.212
23.0 0.0312 -0.118 0.16 0.201
23.1 0.0428 -0.11 0.152 0.192
23.2 0.051 -0.0976 0.142 0.18
23.3 0.0553 -0.0874 0.133 0.168
23.4 0.0613 -0.0729 0.123 0.155
23.5 0.0645 -0.0613 0.113 0.144
23.6 0.0667 -0.0472 0.103 0.132
23.7 0.067 -0.0362 0.094 0.121
23.8 0.066 -0.0284 0.0849 0.111
23.9 0.0614 -0.0169 0.0761 0.0992
24.0 0.0565 -0.00907 0.0673 0.0884
24.1 0.0514 0.000883 0.0592 0.0785
24.2 0.0469 0.00707 0.0511 0.0697
24.3 0.0435 0.00969 0.0428 0.0617
24.4 0.0349 0.0122 0.0386 0.0534
24.5 0.0268 0.0143 0.0325 0.0445
24.6 0.0199 0.0153 0.0267 0.0367
24.7 0.0134 0.0128 0.0201 0.0274
24.8 0.00825 0.00982 0.0139 0.0189
24.9 0.00536 0.00595 0.00761 0.011
25.0 0.00249 -0.00111 -0.000429 0.00276
25.1 0.0018 -0.00811 -0.00829 0.0117
25.2 0.00266 -0.0147 -0.0158 0.0218
25.3 0.00418 -0.0205 -0.0269 0.0341
25.4 0.00691 -0.0261 -0.0367 0.0455
25.5 0.0121 -0.0305 -0.0464 0.0568
25.6 0.0182 -0.034 -0.0554 0.0675
25.7 0.0261 -0.0358 -0.0644 0.0782
25.8 0.035 -0.0362 -0.0731 0.0887
25.9 0.0441 -0.0354 -0.0813 0.0991
26.0 0.0534 -0.0334 -0.0892 0.109
26.1 0.0625 -0.0302 -0.0967 0.119
26.2 0.074 -0.0232 -0.104 0.13
26.3 0.0853 -0.0114 -0.112 0.142
26.4 0.0951 0.00422 -0.122 0.154
26.5 0.103 0.00827 -0.131 0.167
26.6 0.111 0.0121 -0.139 0.178
26.7 0.118 0.0157 -0.147 0.189
26.8 0.124 0.0191 -0.154 0.198
26.9 0.129 0.0223 -0.16 0.207
27.0 0.116 0.0338 -0.161 0.201
27.1 0.103 0.0446 -0.162 0.197
27.2 0.0874 0.0731 -0.188 0.219
27.3 0.0706 0.0979 -0.21 0.242
27.4 0.055 0.121 -0.23 0.265
27.5 0.0366 0.138 -0.247 0.285
27.6 0.0174 0.152 -0.261 0.303
27.7 -0.00245 0.163 -0.275 0.319
27.8 -0.023 0.17 -0.286 0.334
27.9 -0.0441 0.174 -0.297 0.347
28.0 -0.0657 0.174 -0.307 0.359
28.1 -0.0875 0.171 -0.317 0.371
28.2 -0.109 0.165 -0.327 0.382
28.3 -0.13 0.155 -0.337 0.393
28.4 -0.15 0.142 -0.347 0.404
28.5 -0.169 0.126 -0.358 0.415
28.6 -0.186 0.107 -0.369 0.427
28.7 -0.2 0.0854 -0.38 0.438
28.8 -0.213 0.0618 -0.391 0.45
28.9 -0.222 0.0362 -0.402 0.461
29.0 -0.229 0.00893 -0.414 0.473
29.1 -0.232 -0.0195 -0.424 0.484
29.2 -0.231 -0.0489 -0.435 0.495
29.3 -0.227 -0.0785 -0.446 0.506
29.4 -0.219 -0.108 -0.456 0.517
29.5 -0.208 -0.137 -0.465 0.528
29.6 -0.192 -0.164 -0.474 0.537
29.7 -0.173 -0.19 -0.482 0.546
29.8 -0.151 -0.213 -0.489 0.554
29.9 -0.125 -0.234 -0.495 0.562
30.0 -0.0965 -0.252 -0.501 0.569
30.1 -0.0653 -0.266 -0.506 0.575
30.2 -0.0321 -0.276 -0.51 0.581
30.3 0.00253 -0.282 -0.514 0.586
30.4 0.0381 -0.283 -0.518 0.591
30.5 0.074 -0.28 -0.521 0.596
30.6 0.11 -0.272 -0.524 0.6
30.7 0.144 -0.26 -0.526 0.604
30.8 0.178 -0.243 -0.529 0.608
30.9 0.209 -0.221 -0.53 0.611
31.0 0.237 -0.195 -0.53 0.612
31.1 0.262 -0.165 -0.528 0.612
31.2 0.284 -0.132 -0.524 0.61
31.3 0.301 -0.0964 -0.518 0.607
31.4 0.313 -0.0584 -0.51 0.602
31.5 0.321 -0.0188 -0.501 0.595
31.6 0.326 0.0212 -0.487 0.586
31.7 0.324 0.0614 -0.473 0.577
31.8 0.317 0.102 -0.46 0.568
31.9 0.304 0.142 -0.446 0.558
32.0 0.285 0.172 -0.428 0.542
32.1 0.259 0.193 -0.411 0.523
32.2 0.232 0.211 -0.392 0.502
32.3 0.206 0.223 -0.375 0.483
32.4 0.179 0.229 -0.357 0.46
32.5 0.153 0.23 -0.335 0.434
32.6 0.131 0.229 -0.315 0.411
32.7 0.11 0.229 -0.297 0.391
32.8 0.0947 0.233 -0.275 0.373
32.9 0.0772 0.231 -0.245 0.345
33.0 0.0593 0.226 -0.218 0.32
33.1 0.0406 0.217 -0.194 0.294
33.2 0.0222 0.203 -0.162 0.26
33.3 0.00436 0.188 -0.132 0.23
33.4 -0.0128 0.174 -0.106 0.204
33.5 -0.0293 0.161 -0.0817 0.183
33.6 -0.0427 0.144 -0.0426 0.157
33.7 -0.0556 0.129 -0.00754 0.141
33.8 -0.0655 0.112 0.0302 0.133
33.9 -0.0754 0.0955 0.0657 0.138
34.0 -0.0852 0.0813 0.101 0.155
34.1 -0.0887 0.0637 0.133 0.172
34.2 -0.0918 0.0474 0.162 0.192
34.3 -0.1 0.0342 0.195 0.222
34.4 -0.0997 0.0197 0.233 0.254
34.5 -0.0992 0.0062 0.267 0.284
34.6 -0.0987 -0.00629 0.297 0.313
34.7 -0.0982 -0.0179 0.324 0.339
34.8 -0.0997 -0.0358 0.358 0.373
34.9 -0.101 -0.0524 0.388 0.405
35.0 -0.102 -0.0677 0.415 0.433
35.1 -0.126 -0.123 0.451 0.484
35.2 -0.148 -0.175 0.482 0.534
35.3 -0.0876 -0.347 0.509 0.622
35.4 -0.0315 -0.507 0.532 0.736
35.5 0.0204 -0.656 0.554 0.859
35.6 0.305 -0.743 0.603 1.0
35.7 0.563 -0.797 0.639 1.17
35.8 0.717 -0.701 0.687 1.22
35.9 0.828 -0.592 0.731 1.25
36.0 0.93 -0.49 0.77 1.3
36.1 0.945 -0.389 0.797 1.3
36.2 0.934 -0.29 0.813 1.27
36.3 0.905 -0.199 0.824 1.24
36.4 0.871 -0.113 0.83 1.21
36.5 0.825 -0.0321 0.827 1.17
36.6 0.77 0.0407 0.818 1.12
36.7 0.703 0.103 0.817 1.08
36.8 0.635 0.158 0.815 1.05
36.9 0.571 0.207 0.806 1.01
37.0 0.507 0.25 0.797 0.977
37.1 0.445 0.288 0.786 0.948
37.2 0.385 0.321 0.775 0.923
37.3 0.327 0.348 0.763 0.9
37.4 0.272 0.373 0.744 0.876
37.5 0.216 0.393 0.725 0.853
37.6 0.161 0.408 0.706 0.831
37.7 0.107 0.418 0.685 0.81
37.8 0.0536 0.423 0.663 0.789
37.9 0.00217 0.423 0.639 0.767
38.0 -0.0479 0.419 0.612 0.743
38.1 -0.0969 0.41 0.587 0.722
38.2 -0.144 0.394 0.561 0.701
38.3 -0.189 0.373 0.531 0.676
38.4 -0.231 0.348 0.496 0.649
38.5 -0.269 0.319 0.466 0.626
38.6 -0.304 0.283 0.426 0.595
38.7 -0.336 0.246 0.396 0.574
38.8 -0.362 0.204 0.364 0.552
38.9 -0.383 0.16 0.33 0.53
39.0 -0.397 0.113 0.296 0.508
39.1 -0.406 0.064 0.261 0.487
39.2 -0.409 0.0136 0.225 0.468
39.3 -0.406 -0.0367 0.189 0.45
39.4 -0.397 -0.0861 0.153 0.434
39.5 -0.384 -0.134 0.113 0.422
39.6 -0.363 -0.18 0.0761 0.412
39.7 -0.337 -0.222 0.0403 0.406
39.8 -0.307 -0.262 -0.000179 0.403
39.9 -0.271 -0.297 -0.0374 0.404
40.0 -0.231 -0.327 -0.0728 0.407
40.1 -0.189 -0.352 -0.112 0.415
40.2 -0.143 -0.372 -0.147 0.425
40.3 -0.0952 -0.386 -0.181 0.437
40.4 -0.0459 -0.393 -0.213 0.449
40.5 0.00258 -0.394 -0.248 0.466
40.6 0.0514 -0.39 -0.28 0.483
40.7 0.0989 -0.379 -0.308 0.499
40.8 0.145 -0.363 -0.333 0.513
40.9 0.187 -0.34 -0.356 0.527
41.0 0.227 -0.313 -0.376 0.539
41.1 0.263 -0.281 -0.394 0.551
41.2 0.294 -0.245 -0.411 0.561
41.3 0.32 -0.205 -0.425 0.57
41.4 0.341 -0.163 -0.438 0.579
41.5 0.356 -0.118 -0.45 0.586
41.6 0.366 -0.0726 -0.46 0.592
41.7 0.37 -0.0262 -0.47 0.598
41.8 0.368 0.0201 -0.478 0.603
41.9 0.36 0.0655 -0.486 0.608
42.0 0.346 0.109 -0.492 0.612
42.1 0.328 0.151 -0.498 0.615
42.2 0.304 0.19 -0.504 0.618
42.3 0.275 0.225 -0.508 0.62
42.4 0.244 0.256 -0.513 0.623
42.5 0.208 0.282 -0.516 0.624
42.6 0.171 0.304 -0.52 0.626
42.7 0.13 0.321 -0.523 0.627
42.8 0.0889 0.332 -0.526 0.628
42.9 0.0468 0.338 -0.528 0.629
43.0 0.00453 0.339 -0.53 0.629
43.1 -0.037 0.334 -0.532 0.629
43.2 -0.0771 0.323 -0.534 0.629
43.3 -0.115 0.307 -0.535 0.628
43.4 -0.15 0.285 -0.537 0.626
43.5 -0.182 0.261 -0.538 0.625
43.6 -0.211 0.233 -0.539 0.624
43.7 -0.235 0.204 -0.54 0.623
43.8 -0.256 0.171 -0.541 0.622
43.9 -0.274 0.137 -0.541 0.622
44.0 -0.287 0.105 -0.542 0.622
44.1 -0.297 0.0768 -0.543 0.623
44.2 -0.303 0.0517 -0.543 0.624
44.3 -0.307 0.0292 -0.543 0.624
44.4 -0.308 0.00932 -0.543 0.624
44.5 -0.307 -0.00739 -0.542 0.623
44.6 -0.272 -0.0599 -0.543 0.61
44.7 -0.24 -0.108 -0.543 0.603
44.8 -0.21 -0.154 -0.543 0.602
44.9 -0.174 -0.186 -0.544 0.6
45.0 -0.14 -0.211 -0.536 0.593
45.1 -0.107 -0.23 -0.52 0.578
45.2 -0.0744 -0.243 -0.497 0.558
45.3 -0.0422 -0.252 -0.474 0.538
45.4 -0.0117 -0.254 -0.446 0.513
45.5 0.0181 -0.251 -0.419 0.488
45.6 0.0458 -0.245 -0.388 0.461
45.7 0.072 -0.235 -0.359 0.435
45.8 0.096 -0.221 -0.332 0.41
45.9 0.118 -0.204 -0.306 0.386
46.0 0.137 -0.184 -0.281 0.363
46.1 0.153 -0.163 -0.257 0.341
46.2 0.167 -0.141 -0.235 0.321
46.3 0.178 -0.117 -0.214 0.302
46.4 0.185 -0.0931 -0.194 0.284
46.5 0.19 -0.0686 -0.177 0.268
46.6 0.191 -0.0441 -0.16 0.253
46.7 0.19 -0.02 -0.145 0.24
46.8 0.185 0.00312 -0.132 0.227
46.9 0.181 0.0246 -0.119 0.218
47.0 0.171 0.0448 -0.108 0.207
47.1 0.158 0.0631 -0.0974 0.196
47.2 0.146 0.0801 -0.0881 0.189
47.3 0.13 0.0939 -0.0793 0.179
47.4 0.112 0.105 -0.0703 0.169
47.5 0.0964 0.114 -0.0622 0.162
47.6 0.078 0.121 -0.0551 0.154
47.7 0.0611 0.126 -0.0486 0.148
47.8 0.0429 0.126 -0.043 0.14
47.9 0.0262 0.125 -0.0378 0.133
48.0 0.0107 0.123 -0.0333 0.128
48.1 -0.00413 0.117 -0.0291 0.12
48.2 -0.0168 0.11 -0.0253 0.114
48.3 -0.0274 0.0997 -0.0214 0.106
48.4 -0.0375 0.0898 -0.0173 0.0989
48.5 -0.0469 0.0808 -0.0137 0.0944
48.6 -0.0519 0.0689 -0.0109 0.087
48.7 -0.0565 0.058 -0.00841 0.0815
48.8 -0.0573 0.0465 -0.00661 0.0741
48.9 -0.058 0.0359 -0.005 0.0684
49.0 -0.0552 0.026 -0.00393 0.0612
49.1 -0.0526 0.0169 -0.00298 0.0554
49.2 -0.0473 0.00972 -0.00243 0.0483
49.3 -0.0423 0.00311 -0.00195 0.0425
49.4 -0.0378 -0.00294 -0.00152 0.038
49.5 -0.0337 -0.00846 -0.00115 0.0347
49.6 -0.0301 -0.0107 -0.000778 0.032
49.7 -0.0287 -0.00542 -0.000366 0.0292
49.8 -0.0304 0.00685 5.09e-05 0.0311
49.9 -0.0335 0.0209 0.00043 0.0395
