0.0 0.0007 5.06e-06 0.00191
0.1 0.00239 1.74e-05 0.00735
0.2 0.00461 2.74e-05 0.0159
0.3 0.00727 1.58e-05 0.0273
0.4 0.0103 -4.66e-05 0.041
0.5 0.0135 -0.0002 0.0569
0.6 0.0169 -0.000491 0.0747
0.7 0.0197 -0.000772 0.0885
0.8 0.0217 -0.000892 0.0942
0.9 0.0229 -0.00088 0.094
1.0 0.0234 -0.000723 0.0898
1.1 0.0234 -0.000409 0.0829
1.2 0.0229 2e-05 0.0741
1.3 0.0222 0.000584 0.0643
1.4 0.0213 0.00127 0.0544
1.5 0.0204 0.00206 0.0446
1.6 0.0196 0.0029 0.0355
1.7 0.0188 0.00361 0.0271
1.8 0.018 0.00434 0.0194
1.9 0.0174 0.00521 0.0125
2.0 0.0169 0.00598 0.00634
2.1 0.0166 0.0064 0.000978
2.2 0.0165 0.00622 -0.00357
2.3 0.0163 0.00597 -0.00732
2.4 0.016 0.00614 -0.0103
2.5 0.0158 0.00647 -0.0124
2.6 0.0158 0.00665 -0.0137
2.7 0.0161 0.00637 -0.0141
2.8 0.0166 0.0053 -0.0136
2.9 0.0174 0.00316 -0.0121
3.0 0.0184 -0.000342 -0.00954
3.1 0.0186 -0.00366 -0.00752
3.2 0.018 -0.00521 -0.00738
3.3 0.0169 -0.00534 -0.00869
3.4 0.0156 -0.00442 -0.0111
3.5 0.0144 -0.00272 -0.0142
3.6 0.0135 -0.000506 -0.0178
3.7 0.0128 0.00196 -0.0215
3.8 0.0124 0.00456 -0.0252
3.9 0.0123 0.00716 -0.0286
4.0 0.0123 0.00965 -0.0318
4.1 0.0125 0.012 -0.0346
4.2 0.0128 0.0142 -0.0371
4.3 0.0131 0.0161 -0.0394
4.4 0.0135 0.0179 -0.0414
4.5 0.0139 0.0194 -0.0433
4.6 0.0143 0.0208 -0.045
4.7 0.0147 0.022 -0.0465
4.8 0.015 0.023 -0.048
4.9 0.0154 0.0238 -0.0494
5.0 0.0156 0.0246 -0.0507
5.1 0.0159 0.0252 -0.052
5.2 0.0161 0.0257 -0.0532
5.3 0.0163 0.0261 -0.0543
5.4 0.0165 0.0265 -0.0554
5.5 0.0166 0.0267 -0.0567
5.6 0.0167 0.0269 -0.058
5.7 0.0168 0.0271 -0.0593
5.8 0.0168 0.0271 -0.0604
5.9 0.0168 0.0271 -0.0612
6.0 0.0166 0.0272 -0.0615
6.1 0.0164 0.0273 -0.0616
6.2 0.016 0.0273 -0.0614
6.3 0.0156 0.0274 -0.061
6.4 0.0153 0.0275 -0.0609
6.5 0.0151 0.0277 -0.0609
6.6 0.0149 0.0278 -0.0608
6.7 0.0145 0.0279 -0.0604
6.8 0.0143 0.0282 -0.0597
6.9 0.0143 0.0284 -0.0589
7.0 0.0142 0.0286 -0.058
7.1 0.0141 0.0287 -0.0571
7.2 0.0141 0.0289 -0.056
7.3 0.0141 0.0291 -0.0546
7.4 0.014 0.0292 -0.0529
7.5 0.0139 0.0293 -0.051
7.6 0.0138 0.0296 -0.0493
7.7 0.0138 0.0299 -0.0478
7.8 0.0138 0.0301 -0.046
7.9 0.0138 0.0304 -0.044
8.0 0.0137 0.0306 -0.0415
8.1 0.0137 0.0308 -0.0388
8.2 0.0138 0.031 -0.0361
8.3 0.014 0.0312 -0.0333
8.4 0.0142 0.0314 -0.0304
8.5 0.0145 0.0315 -0.0275
8.6 0.0147 0.0317 -0.0244
8.7 0.015 0.0318 -0.0211
8.8 0.0151 0.0318 -0.0179
8.9 0.0153 0.0319 -0.0144
9.0 0.0154 0.0319 -0.0108
9.1 0.0156 0.0319 -0.00692
9.2 0.0157 0.0319 -0.00284
9.3 0.0157 0.0319 0.00119
9.4 0.0157 0.0319 0.00524
9.5 0.0157 0.0319 0.00936
9.6 0.0157 0.0319 0.0135
9.7 0.0157 0.032 0.0177
9.8 0.0156 0.032 0.0219
9.9 0.0156 0.0321 0.0261
10.0 0.0155 0.0322 0.0302
10.1 0.0154 0.0322 0.0343
10.2 0.0154 0.0323 0.0384
10.3 0.0154 0.0324 0.0423
10.4 0.0153 0.0324 0.0462
10.5 0.0152 0.0324 0.05
10.6 0.0151 0.0318 0.0534
10.7 0.015 0.0309 0.0564
10.8 0.0147 0.0304 0.0589
10.9 0.0145 0.0301 0.0604
11.0 0.0142 0.03 0.0608
11.1 0.014 0.03 0.0599
11.2 0.0138 0.0301 0.0575
11.3 0.0135 0.0302 0.0535
11.4 0.0132 0.0302 0.0478
11.5 0.013 0.0304 0.0403
11.6 0.0129 0.0306 0.031
11.7 0.0128 0.0308 0.0198
11.8 0.0129 0.031 0.00692
11.9 0.0129 0.0312 -0.00773
12.0 0.0128 0.0313 -0.0241
12.1 0.0127 0.0313 -0.042
12.2 0.0126 0.0313 -0.0614
12.3 0.0124 0.0312 -0.0821
12.4 0.0122 0.0312 -0.104
12.5 0.0121 0.0313 -0.127
12.6 0.0122 0.0314 -0.151
12.7 0.0123 0.0316 -0.176
12.8 0.0124 0.0318 -0.201
12.9 0.0125 0.0319 -0.227
13.0 0.0127 0.0319 -0.253
13.1 0.0129 0.0314 -0.279
13.2 0.0137 0.0298 -0.304
13.3 0.0144 0.0277 -0.33
13.4 0.0149 0.0259 -0.354
13.5 0.0157 0.024 -0.378
13.6 0.0175 0.0214 -0.401
13.7 0.0205 0.0174 -0.423
13.8 0.0248 0.0114 -0.443
13.9 0.028 0.00497 -0.462
14.0 0.0284 0.000473 -0.479
14.1 0.027 -0.00204 -0.494
14.2 0.0245 -0.00284 -0.507
14.3 0.0216 -0.00224 -0.517
14.4 0.0186 -0.000484 -0.526
14.5 0.0159 0.00158 -0.531
14.6 0.0127 0.00307 -0.534
14.7 0.00856 0.0034 -0.534
14.8 0.00318 0.00224 -0.531
14.9 -0.00352 -0.000517 -0.525
15.0 -0.0105 -0.00462 -0.515
15.1 -0.0167 -0.00996 -0.503
15.2 -0.0229 -0.0167 -0.487
15.3 -0.0296 -0.0248 -0.467
15.4 -0.0376 -0.034 -0.444
15.5 -0.0471 -0.044 -0.418
15.6 -0.0582 -0.0545 -0.388
15.7 -0.0712 -0.065 -0.354
15.8 -0.0859 -0.0751 -0.318
15.9 -0.102 -0.0851 -0.28
16.0 -0.12 -0.0945 -0.243
16.1 -0.14 -0.103 -0.208
16.2 -0.161 -0.11 -0.175
16.3 -0.184 -0.117 -0.145
16.4 -0.207 -0.122 -0.117
16.5 -0.23 -0.126 -0.0899
16.6 -0.254 -0.13 -0.0641
16.7 -0.276 -0.133 -0.0389
16.8 -0.298 -0.136 -0.0141
16.9 -0.314 -0.139 0.00727
17.0 -0.321 -0.145 0.0223
17.1 -0.323 -0.146 0.0319
17.2 -0.319 -0.135 0.0364
17.3 -0.307 -0.118 0.0364
17.4 -0.287 -0.0962 0.0326
17.5 -0.262 -0.0739 0.0264
17.6 -0.234 -0.053 0.0187
17.7 -0.204 -0.0348 0.0103
17.8 -0.174 -0.0201 0.00184
17.9 -0.145 -0.00893 -0.00645
18.0 -0.119 -0.0011 -0.0142
18.1 -0.0952 0.00392 -0.0213
18.2 -0.0743 0.00652 -0.0277
18.3 -0.0559 0.00679 -0.0334
18.4 -0.0396 0.00483 -0.0385
18.5 -0.0253 0.000674 -0.0429
18.6 -0.0142 -0.00414 -0.0466
18.7 -0.00669 -0.00785 -0.0495
18.8 -0.00186 -0.0102 -0.0517
18.9 0.00131 -0.0112 -0.0533
19.0 0.00372 -0.011 -0.0545
19.1 0.00622 -0.00967 -0.0554
19.2 0.00948 -0.00781 -0.056
19.3 0.0139 -0.006 -0.0566
19.4 0.0199 -0.00489 -0.0571
19.5 0.0275 -0.00509 -0.0576
19.6 0.0339 -0.00652 -0.0578
19.7 0.0367 -0.00817 -0.0574
19.8 0.0368 -0.00968 -0.0562
19.9 0.0349 -0.0107 -0.0545
20.0 0.0316 -0.011 -0.0522
20.1 0.0276 -0.0105 -0.0495
20.2 0.0233 -0.00913 -0.0466
20.3 0.0191 -0.00726 -0.0438
20.4 0.0152 -0.00512 -0.0411
20.5 0.0117 -0.00275 -0.0384
20.6 0.00881 -0.00028 -0.0359
20.7 0.00649 0.00214 -0.0338
20.8 0.00464 0.0044 -0.032
20.9 0.00316 0.00642 -0.0306
21.0 0.00199 0.00819 -0.0293
21.1 0.00105 0.00968 -0.0281
21.2 0.000324 0.0109 -0.027
21.3 -0.000233 0.0118 -0.0259
21.4 -0.000686 0.0124 -0.0248
21.5 -0.00112 0.0127 -0.0236
21.6 -0.00148 0.0127 -0.0223
21.7 -0.00172 0.0126 -0.0211
21.8 -0.00195 0.0124 -0.02
21.9 -0.0022 0.012 -0.019
22.0 -0.00244 0.0116 -0.0181
22.1 -0.00266 0.0112 -0.017
22.2 -0.0029 0.0107 -0.0161
22.3 -0.00317 0.0102 -0.0152
22.4 -0.00335 0.00965 -0.0144
22.5 -0.00344 0.00903 -0.0136
22.6 -0.00361 0.00837 -0.0126
22.7 -0.00374 0.00775 -0.0115
22.8 -0.00384 0.00711 -0.0105
22.9 -0.00402 0.00647 -0.00939
23.0 -0.00422 0.00589 -0.0082
23.1 -0.00433 0.00531 -0.00713
23.2 -0.00446 0.00459 -0.00616
23.3 -0.00478 0.00363 -0.00523
23.4 -0.00527 0.00256 -0.0043
23.5 -0.0059 0.00156 -0.00329
23.6 -0.00662 0.00065 -0.00223
23.7 -0.00736 -0.00013 -0.00113
23.8 -0.008 -0.00101 3.71e-06
23.9 -0.00867 -0.0019 0.00117
24.0 -0.00944 -0.0027 0.00236
24.1 -0.0102 -0.00332 0.00357
24.2 -0.0108 -0.00374 0.00476
24.3 -0.0111 -0.00424 0.00596
24.4 -0.0114 -0.00482 0.00699
24.5 -0.0117 -0.00526 0.00774
24.6 -0.0119 -0.00554 0.0083
24.7 -0.012 -0.00572 0.0087
24.8 -0.0121 -0.00589 0.00896
24.9 -0.0121 -0.00607 0.00906
25.0 -0.0121 -0.00633 0.0091
25.1 -0.0121 -0.00665 0.00916
25.2 -0.0122 -0.00704 0.00919
25.3 -0.0123 -0.00743 0.00938
25.4 -0.0124 -0.00775 0.00983
25.5 -0.0124 -0.00805 0.0105
25.6 -0.0123 -0.00838 0.0113
25.7 -0.0122 -0.00877 0.0122
25.8 -0.012 -0.00927 0.0132
25.9 -0.0118 -0.00987 0.0142
26.0 -0.0116 -0.0105 0.0152
26.1 -0.0114 -0.0112 0.0162
26.2 -0.0114 -0.0119 0.017
26.3 -0.0115 -0.013 0.0178
26.4 -0.0118 -0.0146 0.0185
26.5 -0.0124 -0.0162 0.0193
26.6 -0.0134 -0.017 0.0201
26.7 -0.0145 -0.0166 0.0207
26.8 -0.0157 -0.015 0.021
26.9 -0.0166 -0.012 0.021
27.0 -0.0165 -0.00825 0.0204
27.1 -0.015 -0.00475 0.0189
27.2 -0.0127 -0.0023 0.0177
27.3 -0.0106 -0.00142 0.0178
27.4 -0.00892 -0.00171 0.0189
27.5 -0.00778 -0.00281 0.0207
27.6 -0.00708 -0.00445 0.023
27.7 -0.0068 -0.00637 0.0256
27.8 -0.00692 -0.00839 0.0282
27.9 -0.00737 -0.0104 0.0308
28.0 -0.00805 -0.0122 0.0332
28.1 -0.00889 -0.0139 0.0354
28.2 -0.00979 -0.0153 0.0374
28.3 -0.0107 -0.0166 0.0392
28.4 -0.0116 -0.0176 0.0408
28.5 -0.0124 -0.0185 0.0422
28.6 -0.0131 -0.0193 0.0435
28.7 -0.0137 -0.0199 0.0447
28.8 -0.0142 -0.0204 0.0457
28.9 -0.0146 -0.0209 0.0467
29.0 -0.015 -0.0212 0.0476
29.1 -0.0152 -0.0216 0.0484
29.2 -0.0154 -0.0219 0.0492
29.3 -0.0155 -0.0221 0.0499
29.4 -0.0155 -0.0224 0.0505
29.5 -0.0156 -0.0227 0.0511
29.6 -0.0156 -0.0229 0.0516
29.7 -0.0156 -0.0232 0.052
29.8 -0.0157 -0.0234 0.0522
29.9 -0.0157 -0.0237 0.0521
30.0 -0.0158 -0.0239 0.0519
30.1 -0.0158 -0.0241 0.0515
30.2 -0.0159 -0.0244 0.0509
30.3 -0.016 -0.0246 0.0501
30.4 -0.0161 -0.0249 0.0492
30.5 -0.0162 -0.0251 0.0482
30.6 -0.0163 -0.0254 0.0472
30.7 -0.0164 -0.0256 0.0462
30.8 -0.0164 -0.0258 0.0453
30.9 -0.0165 -0.026 0.0446
31.0 -0.0166 -0.0262 0.044
31.1 -0.0166 -0.0264 0.0436
31.2 -0.0165 -0.0267 0.0431
31.3 -0.0164 -0.027 0.0426
31.4 -0.0162 -0.0273 0.0419
31.5 -0.0161 -0.0277 0.0411
31.6 -0.016 -0.0281 0.0399
31.7 -0.016 -0.0284 0.0382
31.8 -0.016 -0.0286 0.0363
31.9 -0.016 -0.0288 0.0343
32.0 -0.0156 -0.0287 0.032
32.1 -0.0144 -0.0279 0.0294
32.2 -0.0118 -0.0262 0.0267
32.3 -0.00797 -0.0236 0.0239
32.4 -0.00253 -0.0198 0.0214
32.5 0.00474 -0.0149 0.0188
32.6 0.0138 -0.00889 0.0164
32.7 0.0246 -0.00174 0.0143
32.8 0.0367 0.00665 0.0126
32.9 0.0501 0.0163 0.0109
33.0 0.0652 0.0269 0.00904
33.1 0.0822 0.0382 0.0074
33.2 0.101 0.0496 0.00579
33.3 0.122 0.0609 0.00411
33.4 0.145 0.0718 0.00271
33.5 0.17 0.0823 0.00196
33.6 0.195 0.0922 0.00131
33.7 0.222 0.102 0.000287
33.8 0.25 0.11 -0.000987
33.9 0.279 0.118 -0.00248
34.0 0.308 0.126 -0.004
34.1 0.338 0.133 -0.00536
34.2 0.369 0.139 -0.00622
34.3 0.4 0.146 -0.00661
34.4 0.43 0.151 -0.00699
34.5 0.462 0.157 -0.00737
34.6 0.493 0.163 -0.00743
34.7 0.525 0.168 -0.00684
34.8 0.556 0.174 -0.00585
34.9 0.587 0.18 -0.00466
35.0 0.617 0.186 -0.003
35.1 0.645 0.194 -0.00121
35.2 0.668 0.204 0.000421
35.3 0.681 0.213 0.00222
35.4 0.679 0.221 0.00446
35.5 0.663 0.231 0.00727
35.6 0.632 0.234 0.00921
35.7 0.585 0.224 0.00946
35.8 0.529 0.206 0.00788
35.9 0.472 0.183 0.0039
36.0 0.413 0.157 -0.00213
36.1 0.354 0.131 -0.00958
36.2 0.299 0.108 -0.0175
36.3 0.247 0.0889 -0.0253
36.4 0.2 0.0727 -0.0326
36.5 0.158 0.0593 -0.039
36.6 0.121 0.0484 -0.044
36.7 0.0889 0.04 -0.0478
36.8 0.0628 0.0336 -0.0511
36.9 0.0419 0.0287 -0.0536
37.0 0.0254 0.0247 -0.0553
37.1 0.0128 0.0213 -0.0562
37.2 0.00333 0.0181 -0.0565
37.3 -0.00349 0.0151 -0.0563
37.4 -0.00832 0.012 -0.0555
37.5 -0.0117 0.00877 -0.054
37.6 -0.0139 0.00539 -0.052
37.7 -0.0152 0.0019 -0.0495
37.8 -0.0159 -0.00163 -0.0467
37.9 -0.0163 -0.00509 -0.0436
38.0 -0.0164 -0.0084 -0.0401
38.1 -0.0165 -0.0115 -0.0363
38.2 -0.0164 -0.0144 -0.0326
38.3 -0.0163 -0.017 -0.0287
38.4 -0.0162 -0.0193 -0.0245
38.5 -0.0161 -0.0214 -0.02
38.6 -0.016 -0.0231 -0.0153
38.7 -0.0158 -0.0247 -0.0103
38.8 -0.0158 -0.0259 -0.00551
38.9 -0.0157 -0.027 -0.000972
39.0 -0.0156 -0.0277 0.00336
39.1 -0.0154 -0.0283 0.00744
39.2 -0.0151 -0.0287 0.0113
39.3 -0.0148 -0.0291 0.015
39.4 -0.0144 -0.0294 0.0184
39.5 -0.014 -0.0296 0.0217
39.6 -0.0137 -0.0298 0.025
39.7 -0.0133 -0.0299 0.028
39.8 -0.0129 -0.03 0.031
39.9 -0.0126 -0.03 0.034
40.0 -0.0123 -0.03 0.0368
40.1 -0.012 -0.03 0.0395
40.2 -0.0118 -0.0299 0.0422
40.3 -0.0116 -0.0299 0.0448
40.4 -0.0114 -0.0298 0.047
40.5 -0.0111 -0.0298 0.0491
40.6 -0.011 -0.0296 0.0511
40.7 -0.0109 -0.0295 0.0528
40.8 -0.0108 -0.0293 0.054
40.9 -0.0107 -0.0291 0.0546
41.0 -0.0106 -0.0289 0.0543
41.1 -0.0105 -0.0286 0.0531
41.2 -0.0104 -0.0283 0.0511
41.3 -0.0102 -0.028 0.048
41.4 -0.0101 -0.0277 0.044
41.5 -0.00985 -0.0273 0.039
41.6 -0.00962 -0.027 0.0331
41.7 -0.00937 -0.0266 0.0262
41.8 -0.00911 -0.0263 0.0186
41.9 -0.00883 -0.026 0.0101
42.0 -0.00856 -0.0257 0.00102
42.1 -0.00828 -0.0255 -0.0087
42.2 -0.00802 -0.0252 -0.0189
42.3 -0.00773 -0.0251 -0.0295
42.4 -0.00744 -0.0249 -0.0405
42.5 -0.0072 -0.0248 -0.0516
42.6 -0.00699 -0.0247 -0.0628
42.7 -0.00682 -0.0246 -0.0739
42.8 -0.00669 -0.0245 -0.0849
42.9 -0.0066 -0.0243 -0.0957
43.0 -0.00653 -0.0241 -0.106
43.1 -0.00648 -0.0239 -0.116
43.2 -0.00643 -0.0237 -0.125
43.3 -0.00628 -0.0234 -0.134
43.4 -0.00592 -0.023 -0.142
43.5 -0.00542 -0.0228 -0.149
43.6 -0.00487 -0.0226 -0.155
43.7 -0.00428 -0.0223 -0.16
43.8 -0.0037 -0.022 -0.163
43.9 -0.00319 -0.0217 -0.166
44.0 -0.00293 -0.0212 -0.167
44.1 -0.00307 -0.0201 -0.167
44.2 -0.00361 -0.018 -0.166
44.3 -0.00446 -0.0144 -0.163
44.4 -0.00547 -0.00914 -0.159
44.5 -0.00638 -0.0019 -0.153
44.6 -0.00608 0.00509 -0.146
44.7 -0.00444 0.00953 -0.137
44.8 -0.00253 0.0116 -0.127
44.9 -0.000681 0.0118 -0.115
45.0 0.00109 0.0108 -0.101
45.1 0.00252 0.00883 -0.0874
45.2 0.00354 0.00639 -0.0739
45.3 0.00409 0.0037 -0.0611
45.4 0.00423 0.00102 -0.0492
45.5 0.00412 -0.00149 -0.0384
45.6 0.0038 -0.00374 -0.029
45.7 0.00333 -0.00567 -0.0209
45.8 0.00282 -0.00726 -0.0141
45.9 0.00236 -0.00855 -0.00831
46.0 0.00199 -0.00955 -0.00361
46.1 0.00171 -0.0103 0.00011
46.2 0.00152 -0.0108 0.00294
46.3 0.00141 -0.0112 0.00499
46.4 0.00137 -0.0113 0.00638
46.5 0.0014 -0.0113 0.00723
46.6 0.00151 -0.0113 0.00762
46.7 0.00169 -0.0111 0.00767
46.8 0.00193 -0.0109 0.00746
46.9 0.00209 -0.0106 0.00706
47.0 0.00217 -0.0102 0.00655
47.1 0.00235 -0.00974 0.00597
47.2 0.00251 -0.00929 0.00538
47.3 0.00263 -0.0088 0.00479
47.4 0.00291 -0.00835 0.00418
47.5 0.00319 -0.00788 0.00353
47.6 0.00341 -0.00738 0.00289
47.7 0.00356 -0.00689 0.00228
47.8 0.00367 -0.00639 0.00173
47.9 0.00387 -0.00587 0.00126
48.0 0.004 -0.00532 0.000868
48.1 0.00411 -0.00474 0.000564
48.2 0.00424 -0.00412 0.000335
48.3 0.00446 -0.00344 0.000155
48.4 0.00482 -0.00278 -3.27e-05
48.5 0.00509 -0.0022 -0.000255
48.6 0.00531 -0.00164 -0.000488
48.7 0.00556 -0.00111 -0.000712
48.8 0.00583 -0.000587 -0.000913
48.9 0.00613 -9.33e-05 -0.00108
49.0 0.00646 0.000386 -0.00121
49.1 0.00681 0.00084 -0.00129
49.2 0.00718 0.00128 -0.00133
49.3 0.00756 0.00169 -0.00132
49.4 0.00782 0.002 -0.00129
49.5 0.00782 0.00214 -0.00124
49.6 0.00746 0.00226 -0.00119
49.7 0.00679 0.00281 -0.00116
49.8 0.00603 0.00448 -0.00115
49.9 0.00551 0.0076 -0.00118
