0.0 0.0 0.0 1.41e-14
0.1 0.0 0.0 5.4e-14
0.2 0.0 0.0 1.31e-13
0.3 0.0 0.0 2.53e-13
0.4 0.0 0.0 4.29e-13
0.5 0.0 0.0 6.65e-13
0.6 0.0 0.0 9.64e-13
0.7 0.0 0.0 1.33e-12
0.8 0.0 0.0 1.75e-12
0.9 0.0 0.0 2.25e-12
1.0 0.0 0.0 2.8e-12
1.1 0.0 0.0 3.43e-12
1.2 0.0 0.0 4.12e-12
1.3 0.0 0.0 4.87e-12
1.4 0.0 0.0 5.67e-12
1.5 0.0 0.0 6.52e-12
1.6 0.0 0.0 7.42e-12
1.7 0.0 0.0 8.37e-12
1.8 0.0 0.0 9.36e-12
1.9 0.0 0.0 1.04e-11
2.0 0.0 0.0 1.15e-11
2.1 0.0 0.0 1.27e-11
2.2 0.0 0.0 1.39e-11
2.3 0.0 0.0 1.52e-11
2.4 0.0 0.0 1.66e-11
2.5 0.0 0.0 1.8e-11
2.6 0.0 0.0 1.96e-11
2.7 0.0 0.0 2.12e-11
2.8 0.0 0.0 2.3e-11
2.9 0.0 0.0 2.47e-11
3.0 0.0 0.0 2.66e-11
3.1 0.0 0.0 2.85e-11
3.2 0.0 0.0 3.06e-11
3.3 0.0 0.0 3.27e-11
3.4 0.0 0.0 3.48e-11
3.5 0.0 0.0 3.71e-11
3.6 0.0 0.0 3.94e-11
3.7 0.0 0.0 4.17e-11
3.8 0.0 0.0 4.41e-11
3.9 0.0 0.0 4.66e-11
4.0 0.0 0.0 4.9e-11
4.1 0.0 0.0 5.15e-11
4.2 0.0 0.0 5.4e-11
4.3 0.0 0.0 5.66e-11
4.4 0.0 0.0 5.91e-11
4.5 0.0 0.0 6.17e-11
4.6 0.0 0.0 6.44e-11
4.7 0.0 0.0 6.71e-11
4.8 0.0 0.0 6.98e-11
4.9 0.0 0.0 7.25e-11
5.0 0.0 0.0 7.53e-11
5.1 0.0 0.0 7.81e-11
5.2 0.0 0.0 8.1e-11
5.3 0.0 0.0 8.38e-11
5.4 0.0 0.0 8.67e-11
5.5 0.0 0.0 8.96e-11
5.6 0.0 0.0 9.25e-11
5.7 0.0 0.0 9.54e-11
5.8 0.0 0.0 9.83e-11
5.9 0.0 0.0 1.01e-10
6.0 0.0 0.0 1.04e-10
6.1 0.0 0.0 1.07e-10
6.2 0.0 0.0 1.1e-10
6.3 0.0 0.0 1.13e-10
6.4 0.0 0.0 1.16e-10
6.5 0.0 0.0 1.19e-10
6.6 0.0 0.0 1.22e-10
6.7 0.0 0.0 1.25e-10
6.8 0.0 0.0 1.28e-10
6.9 0.0 0.0 1.31e-10
7.0 0.0 0.0 1.34e-10
7.1 0.0 0.0 1.37e-10
7.2 0.0 0.0 1.4e-10
7.3 0.0 0.0 1.43e-10
7.4 0.0 0.0 1.46e-10
7.5 0.0 0.0 1.49e-10
7.6 0.0 0.0 1.52e-10
7.7 0.0 0.0 1.55e-10
7.8 0.0 0.0 1.58e-10
7.9 0.0 0.0 1.61e-10
8.0 0.0 0.0 1.63e-10
8.1 0.0 0.0 1.66e-10
8.2 0.0 0.0 1.69e-10
8.3 0.0 0.0 1.72e-10
8.4 0.0 0.0 1.75e-10
8.5 0.0 0.0 1.78e-10
8.6 0.0 0.0 1.81e-10
8.7 0.0 0.0 1.84e-10
8.8 0.0 0.0 1.87e-10
8.9 0.0 0.0 1.9e-10
9.0 0.0 0.0 1.93e-10
9.1 0.0 0.0 1.96e-10
9.2 0.0 0.0 1.99e-10
9.3 0.0 0.0 2.02e-10
9.4 0.0 0.0 2.05e-10
9.5 0.0 0.0 2.08e-10
9.6 0.0 0.0 2.11e-10
9.7 0.0 0.0 2.14e-10
9.8 0.0 0.0 2.17e-10
9.9 0.0 0.0 2.2e-10
10.0 0.0 0.0 2.23e-10
10.1 0.0 0.0 2.26e-10
10.2 0.0 0.0 2.29e-10
10.3 0.0 0.0 2.32e-10
10.4 0.0 0.0 2.35e-10
10.5 0.0 0.0 2.38e-10
10.6 0.0 0.0 2.41e-10
10.7 0.0 0.0 2.44e-10
10.8 0.0 0.0 2.46e-10
10.9 0.0 0.0 2.49e-10
11.0 0.0 0.0 2.51e-10
11.1 0.0 0.0 2.54e-10
11.2 0.0 0.0 2.57e-10
11.3 0.0 0.0 2.6e-10
11.4 0.0 0.0 2.63e-10
11.5 0.0 0.0 2.67e-10
11.6 0.0 0.0 2.71e-10
11.7 0.0 0.0 2.74e-10
11.8 0.0 0.0 2.78e-10
11.9 0.0 0.0 2.82e-10
12.0 0.0 0.0 2.86e-10
12.1 0.0 0.0 2.91e-10
12.2 0.0 0.0 2.95e-10
12.3 0.0 0.0 2.99e-10
12.4 0.0 0.0 3.03e-10
12.5 0.0 0.0 3.08e-10
12.6 0.0 0.0 3.12e-10
12.7 0.0 0.0 3.17e-10
12.8 0.0 0.0 3.21e-10
12.9 0.0 0.0 3.26e-10
13.0 0.0 0.0 3.3e-10
13.1 0.0 0.0 3.35e-10
13.2 0.0 0.0 3.39e-10
13.3 0.0 0.0 3.44e-10
13.4 0.0 0.0 3.48e-10
13.5 0.0 0.0 3.53e-10
13.6 0.0 0.0 3.58e-10
13.7 0.0 0.0 3.62e-10
13.8 0.0 0.0 3.67e-10
13.9 0.0 0.0 3.71e-10
14.0 0.0 0.0 3.76e-10
14.1 0.0 0.0 3.81e-10
14.2 0.0 0.0 3.85e-10
14.3 0.0 0.0 3.9e-10
14.4 0.0 0.0 3.95e-10
14.5 0.0 0.0 3.99e-10
14.6 0.0 0.0 4.04e-10
14.7 0.0 0.0 4.09e-10
14.8 0.0 0.0 4.13e-10
14.9 0.0 0.0 4.18e-10
15.0 0.0 0.0 4.23e-10
15.1 0.0 0.0 4.27e-10
15.2 0.0 0.0 4.32e-10
15.3 0.0 0.0 4.36e-10
15.4 0.0 0.0 4.4e-10
15.5 0.0 0.0 4.44e-10
15.6 0.0 0.0 4.47e-10
15.7 0.0 0.0 4.49e-10
15.8 0.0 0.0 4.52e-10
15.9 0.0 0.0 4.54e-10
16.0 0.0 0.0 4.55e-10
16.1 0.0 0.0 4.57e-10
16.2 0.0 0.0 4.59e-10
16.3 0.0 0.0 4.6e-10
16.4 0.0 0.0 4.61e-10
16.5 0.0 0.0 4.62e-10
16.6 0.0 0.0 4.63e-10
16.7 0.0 0.0 4.64e-10
16.8 0.0 0.0 4.65e-10
16.9 0.0 0.0 4.65e-10
17.0 0.0 0.0 4.66e-10
17.1 0.0 0.0 4.67e-10
17.2 0.0 0.0 4.67e-10
17.3 0.0 0.0 4.68e-10
17.4 0.0 0.0 4.68e-10
17.5 0.0 0.0 4.68e-10
17.6 0.0 0.0 4.69e-10
17.7 0.0 0.0 4.69e-10
17.8 0.0 0.0 4.7e-10
17.9 0.0 0.0 4.7e-10
18.0 0.0 0.0 4.7e-10
18.1 0.0 0.0 4.71e-10
18.2 0.0 0.0 4.71e-10
18.3 0.0 0.0 4.71e-10
18.4 0.0 0.0 4.71e-10
18.5 0.0 0.0 4.72e-10
18.6 0.0 0.0 4.72e-10
18.7 0.0 0.0 4.72e-10
18.8 0.0 0.0 4.73e-10
18.9 0.0 0.0 4.73e-10
19.0 0.0 0.0 4.73e-10
19.1 0.0 0.0 4.73e-10
19.2 0.0 0.0 4.73e-10
19.3 0.0 0.0 4.74e-10
19.4 0.0 0.0 4.74e-10
19.5 0.0 0.0 4.74e-10
19.6 0.0 0.0 4.75e-10
19.7 0.0 0.0 4.75e-10
19.8 0.0 0.0 4.75e-10
19.9 0.0 0.0 4.76e-10
20.0 0.0 0.0 4.76e-10
20.1 0.0 0.0 4.77e-10
20.2 0.0 0.0 4.77e-10
20.3 0.0 0.0 4.78e-10
20.4 0.0 0.0 4.79e-10
20.5 0.0 0.0 4.8e-10
20.6 0.0 0.0 4.81e-10
20.7 0.0 0.0 4.82e-10
20.8 0.0 0.0 4.83e-10
20.9 0.0 0.0 4.85e-10
21.0 0.0 0.0 4.86e-10
21.1 0.0 0.0 4.87e-10
21.2 0.0 0.0 4.89e-10
21.3 0.0 0.0 4.9e-10
21.4 0.0 0.0 4.87e-10
21.5 0.0 0.0 1.39e-08
21.6 0.0 0.0 4.43e-08
21.7 0.0 0.0 7.83e-08
21.8 0.0 0.0 1.09e-07
21.9 0.0 0.0 1.34e-07
22.0 0.0 0.0 1.51e-07
22.1 0.0 0.0 1.62e-07
22.2 0.0 0.0 1.68e-07
22.3 0.0 0.0 1.69e-07
22.4 0.0 0.0 1.68e-07
22.5 0.0 0.0 1.65e-07
22.6 0.0 0.0 1.63e-07
22.7 0.0 0.0 1.6e-07
22.8 0.0 0.0 1.57e-07
22.9 0.0 0.0 1.54e-07
23.0 0.0 0.0 1.52e-07
23.1 0.0 0.0 1.5e-07
23.2 0.0 0.0 1.49e-07
23.3 0.0 0.0 1.49e-07
23.4 0.0 0.0 3.37e-07
23.5 0.0 0.0 7.1e-07
23.6 0.0 0.0 1.1e-06
23.7 0.0 0.0 1.51e-06
23.8 0.0 0.0 1.97e-06
23.9 0.0 0.0 2.49e-06
24.0 0.0 0.0 2.99e-06
24.1 0.0 0.0 3.44e-06
24.2 0.0 0.0 3.83e-06
24.3 0.0 0.0 4.16e-06
24.4 0.0 0.0 4.45e-06
24.5 0.0 0.0 4.71e-06
24.6 0.0 0.0 4.92e-06
24.7 0.0 0.0 5.11e-06
24.8 0.0 0.0 5.27e-06
24.9 0.0 0.0 5.41e-06
25.0 0.0 0.0 5.53e-06
25.1 0.0 0.0 5.63e-06
25.2 0.0 0.0 5.71e-06
25.3 0.0 0.0 5.78e-06
25.4 0.0 0.0 5.84e-06
25.5 0.0 0.0 5.88e-06
25.6 0.0 0.0 5.92e-06
25.7 0.0 0.0 5.95e-06
25.8 0.0 0.0 5.97e-06
25.9 0.0 0.0 5.98e-06
26.0 0.0 0.0 5.99e-06
26.1 0.0 0.0 6e-06
26.2 0.0 0.0 6e-06
26.3 0.0 0.0 5.99e-06
26.4 0.0 0.0 5.99e-06
26.5 0.0 0.0 5.97e-06
26.6 0.0 0.0 5.96e-06
26.7 0.0 0.0 5.95e-06
26.8 0.0 0.0 5.93e-06
26.9 0.0 0.0 5.91e-06
27.0 0.0 0.0 5.89e-06
27.1 0.0 0.0 5.86e-06
27.2 0.0 0.0 5.84e-06
27.3 0.0 0.0 5.81e-06
27.4 0.0 0.0 5.79e-06
27.5 0.0 0.0 5.76e-06
27.6 0.0 0.0 5.73e-06
27.7 0.0 0.0 5.7e-06
27.8 0.0 0.0 5.67e-06
27.9 0.0 0.0 5.64e-06
28.0 0.0 0.0 5.61e-06
28.1 0.0 0.0 5.58e-06
28.2 0.0 0.0 5.55e-06
28.3 0.0 0.0 5.51e-06
28.4 0.0 0.0 5.48e-06
28.5 0.0 0.0 5.45e-06
28.6 0.0 0.0 5.41e-06
28.7 0.0 0.0 5.38e-06
28.8 0.0 0.0 5.34e-06
28.9 0.0 0.0 5.3e-06
29.0 0.0 0.0 5.27e-06
29.1 0.0 0.0 5.23e-06
29.2 0.0 0.0 5.19e-06
29.3 0.0 0.0 5.16e-06
29.4 0.0 0.0 5.12e-06
29.5 0.0 0.0 5.08e-06
29.6 0.0 0.0 5.04e-06
29.7 0.0 0.0 5e-06
29.8 0.0 0.0 4.97e-06
29.9 0.0 0.0 4.93e-06
30.0 0.0 0.0 4.89e-06
30.1 0.0 0.0 4.85e-06
30.2 0.0 0.0 4.81e-06
30.3 0.0 0.0 4.77e-06
30.4 0.0 0.0 4.73e-06
30.5 0.0 0.0 4.69e-06
30.6 0.0 0.0 4.65e-06
30.7 0.0 0.0 4.61e-06
30.8 0.0 0.0 4.57e-06
30.9 0.0 0.0 4.53e-06
31.0 0.0 0.0 4.49e-06
31.1 0.0 0.0 4.45e-06
31.2 0.0 0.0 4.41e-06
31.3 0.0 0.0 4.38e-06
31.4 0.0 0.0 4.34e-06
31.5 0.0 0.0 4.3e-06
31.6 0.0 0.0 4.26e-06
31.7 0.0 0.0 4.22e-06
31.8 0.0 0.0 4.18e-06
31.9 0.0 0.0 4.14e-06
32.0 0.0 0.0 4.1e-06
32.1 0.0 0.0 4.06e-06
32.2 0.0 0.0 4.02e-06
32.3 0.0 0.0 3.98e-06
32.4 0.0 0.0 3.94e-06
32.5 0.0 0.0 3.9e-06
32.6 0.0 0.0 3.86e-06
32.7 0.0 0.0 3.82e-06
32.8 0.0 0.0 3.78e-06
32.9 0.0 0.0 3.75e-06
33.0 0.0 0.0 3.71e-06
33.1 0.0 0.0 3.67e-06
33.2 0.0 0.0 3.63e-06
33.3 0.0 0.0 3.59e-06
33.4 0.0 0.0 3.55e-06
33.5 0.0 0.0 3.51e-06
33.6 0.0 0.0 3.47e-06
33.7 0.0 0.0 3.43e-06
33.8 0.0 0.0 3.39e-06
33.9 0.0 0.0 3.35e-06
34.0 0.0 0.0 3.31e-06
34.1 0.0 0.0 3.27e-06
34.2 0.0 0.0 3.23e-06
34.3 0.0 0.0 3.19e-06
34.4 0.0 0.0 3.15e-06
34.5 0.0 0.0 3.11e-06
34.6 0.0 0.0 3.07e-06
34.7 0.0 0.0 3.03e-06
34.8 0.0 0.0 2.99e-06
34.9 0.0 0.0 2.95e-06
35.0 0.0 0.0 2.91e-06
35.1 0.0 0.0 2.87e-06
35.2 0.0 0.0 2.83e-06
35.3 0.0 0.0 2.79e-06
35.4 0.0 0.0 2.76e-06
35.5 0.0 0.0 2.72e-06
35.6 0.0 0.0 2.68e-06
35.7 0.0 0.0 2.64e-06
35.8 0.0 0.0 2.6e-06
35.9 0.0 0.0 2.56e-06
36.0 0.0 0.0 2.52e-06
36.1 0.0 0.0 2.48e-06
36.2 0.0 0.0 2.45e-06
36.3 0.0 0.0 2.41e-06
36.4 0.0 0.0 2.37e-06
36.5 0.0 0.0 2.33e-06
36.6 0.0 0.0 2.29e-06
36.7 0.0 0.0 2.25e-06
36.8 0.0 0.0 2.22e-06
36.9 0.0 0.0 2.18e-06
37.0 0.0 0.0 2.14e-06
37.1 0.0 0.0 2.1e-06
37.2 0.0 0.0 2.07e-06
37.3 0.0 0.0 2.03e-06
37.4 0.0 0.0 1.99e-06
37.5 0.0 0.0 1.95e-06
37.6 0.0 0.0 1.92e-06
37.7 0.0 0.0 1.88e-06
37.8 0.0 0.0 1.84e-06
37.9 0.0 0.0 1.81e-06
38.0 0.0 0.0 1.77e-06
38.1 0.0 0.0 1.73e-06
38.2 0.0 0.0 1.7e-06
38.3 0.0 0.0 1.66e-06
38.4 0.0 0.0 1.62e-06
38.5 0.0 0.0 1.59e-06
38.6 0.0 0.0 1.55e-06
38.7 0.0 0.0 1.51e-06
38.8 0.0 0.0 1.48e-06
38.9 0.0 0.0 1.44e-06
39.0 0.0 0.0 1.41e-06
39.1 0.0 0.0 1.37e-06
39.2 0.0 0.0 1.34e-06
39.3 0.0 0.0 1.3e-06
39.4 0.0 0.0 1.26e-06
39.5 0.0 0.0 1.23e-06
39.6 0.0 0.0 1.2e-06
39.7 0.0 0.0 1.16e-06
39.8 0.0 0.0 1.13e-06
39.9 0.0 0.0 1.09e-06
40.0 0.0 0.0 1.06e-06
40.1 0.0 0.0 1.02e-06
40.2 0.0 0.0 9.9e-07
40.3 0.0 0.0 9.57e-07
40.4 0.0 0.0 9.23e-07
40.5 0.0 0.0 8.9e-07
40.6 0.0 0.0 8.57e-07
40.7 0.0 0.0 8.25e-07
40.8 0.0 0.0 7.92e-07
40.9 0.0 0.0 7.6e-07
41.0 0.0 0.0 7.28e-07
41.1 0.0 0.0 6.96e-07
41.2 0.0 0.0 6.64e-07
41.3 0.0 0.0 6.33e-07
41.4 0.0 0.0 6.02e-07
41.5 0.0 0.0 5.71e-07
41.6 0.0 0.0 5.42e-07
41.7 0.0 0.0 5.13e-07
41.8 0.0 0.0 4.84e-07
41.9 0.0 0.0 4.56e-07
42.0 0.0 0.0 4.28e-07
42.1 0.0 0.0 4.01e-07
42.2 0.0 0.0 3.75e-07
42.3 0.0 0.0 3.49e-07
42.4 0.0 0.0 3.24e-07
42.5 0.0 0.0 2.99e-07
42.6 0.0 0.0 2.75e-07
42.7 0.0 0.0 2.51e-07
42.8 0.0 0.0 2.29e-07
42.9 0.0 0.0 2.06e-07
43.0 0.0 0.0 1.85e-07
43.1 0.0 0.0 1.64e-07
43.2 0.0 0.0 1.43e-07
43.3 0.0 0.0 1.23e-07
43.4 0.0 0.0 1.03e-07
43.5 0.0 0.0 8.34e-08
43.6 0.0 0.0 6.43e-08
43.7 0.0 0.0 4.56e-08
43.8 0.0 0.0 2.71e-08
43.9 0.0 0.0 8.88e-09
44.0 0.0 0.0 -9.1e-09
44.1 0.0 0.0 -2.68e-08
44.2 0.0 0.0 -4.43e-08
44.3 0.0 0.0 -6.16e-08
44.4 0.0 0.0 -7.86e-08
44.5 0.0 0.0 -9.55e-08
44.6 0.0 0.0 -1.12e-07
44.7 0.0 0.0 -1.29e-07
44.8 0.0 0.0 -1.45e-07
44.9 0.0 0.0 -1.61e-07
45.0 0.0 0.0 -1.78e-07
45.1 0.0 0.0 -1.94e-07
45.2 0.0 0.0 -2.1e-07
45.3 0.0 0.0 -2.26e-07
45.4 0.0 0.0 -2.42e-07
45.5 0.0 0.0 -2.58e-07
45.6 0.0 0.0 -2.73e-07
45.7 0.0 0.0 -2.89e-07
45.8 0.0 0.0 -3.05e-07
45.9 0.0 0.0 -3.2e-07
46.0 0.0 0.0 -3.36e-07
46.1 0.0 0.0 -3.51e-07
46.2 0.0 0.0 -3.67e-07
46.3 0.0 0.0 -3.82e-07
46.4 0.0 0.0 -3.97e-07
46.5 0.0 0.0 -4.12e-07
46.6 0.0 0.0 -4.27e-07
46.7 0.0 0.0 -4.42e-07
46.8 0.0 0.0 -4.57e-07
46.9 0.0 0.0 -4.72e-07
47.0 0.0 0.0 -4.86e-07
47.1 0.0 0.0 -5.01e-07
47.2 0.0 0.0 -5.15e-07
47.3 0.0 0.0 -5.29e-07
47.4 0.0 0.0 -5.42e-07
47.5 0.0 0.0 -5.56e-07
47.6 0.0 0.0 -5.69e-07
47.7 0.0 0.0 -5.82e-07
47.8 0.0 0.0 -5.95e-07
47.9 0.0 0.0 -6.07e-07
48.0 0.0 0.0 -6.19e-07
48.1 0.0 0.0 -6.32e-07
48.2 0.0 0.0 -6.43e-07
48.3 0.0 0.0 -6.55e-07
48.4 0.0 0.0 -6.67e-07
48.5 0.0 0.0 -6.78e-07
48.6 0.0 0.0 -6.89e-07
48.7 0.0 0.0 -7e-07
48.8 0.0 0.0 -7.11e-07
48.9 0.0 0.0 -7.21e-07
49.0 0.0 0.0 -7.32e-07
49.1 0.0 0.0 -7.42e-07
49.2 0.0 0.0 -7.51e-07
49.3 0.0 0.0 -7.61e-07
49.4 0.0 0.0 -7.7e-07
49.5 0.0 0.0 -7.79e-07
49.6 0.0 0.0 -7.88e-07
49.7 0.0 0.0 -7.97e-07
49.8 0.0 0.0 -8.05e-07
49.9 0.0 0.0 -8.13e-07
