0.0 0.0
0.1 -1.75e-12
0.2 -1.75e-12
0.3 -3.49e-12
0.4 -3.49e-12
0.5 -5.24e-12
0.6 -5.24e-12
0.7 -6.4e-12
0.8 -6.4e-12
0.9 -7.57e-12
1.0 -7.57e-12
1.1 -8.73e-12
1.2 -8.73e-12
1.3 -9.9e-12
1.4 -9.9e-12
1.5 -1.05e-11
1.6 -1.05e-11
1.7 -1.16e-11
1.8 -1.16e-11
1.9 -1.16e-11
2.0 -1.28e-11
2.1 -1.34e-11
2.2 -1.4e-11
2.3 -1.51e-11
2.4 -1.63e-11
2.5 -1.69e-11
2.6 -1.8e-11
2.7 -1.92e-11
2.8 -1.92e-11
2.9 -1.98e-11
3.0 -1.98e-11
3.1 -2.1e-11
3.2 -2.21e-11
3.3 -2.39e-11
3.4 -2.5e-11
3.5 -2.5e-11
3.6 -2.5e-11
3.7 -2.5e-11
3.8 -2.5e-11
3.9 -2.39e-11
4.0 -2.39e-11
4.1 -2.39e-11
4.2 -2.39e-11
4.3 -2.39e-11
4.4 -2.39e-11
4.5 -2.39e-11
4.6 -2.39e-11
4.7 -2.39e-11
4.8 -2.39e-11
4.9 -2.39e-11
5.0 -2.39e-11
5.1 -2.39e-11
5.2 -2.39e-11
5.3 -2.39e-11
5.4 -2.39e-11
5.5 -2.39e-11
5.6 -2.39e-11
5.7 -2.39e-11
5.8 -2.39e-11
5.9 -2.39e-11
6.0 -2.39e-11
6.1 -2.39e-11
6.2 -2.39e-11
6.3 -2.39e-11
6.4 -2.39e-11
6.5 -2.39e-11
6.6 -2.39e-11
6.7 -2.39e-11
6.8 -2.39e-11
6.9 -2.39e-11
7.0 -2.39e-11
7.1 -2.39e-11
7.2 -2.39e-11
7.3 -2.39e-11
7.4 -2.39e-11
7.5 -2.39e-11
7.6 -2.39e-11
7.7 -2.39e-11
7.8 -2.39e-11
7.9 -2.39e-11
8.0 -2.39e-11
8.1 -2.39e-11
8.2 -2.39e-11
8.3 -2.39e-11
8.4 -2.39e-11
8.5 -2.39e-11
8.6 -2.39e-11
8.7 -2.39e-11
8.8 -2.39e-11
8.9 -2.39e-11
9.0 -2.39e-11
9.1 -2.39e-11
9.2 -2.39e-11
9.3 -2.39e-11
9.4 -2.39e-11
9.5 -2.39e-11
9.6 -2.39e-11
9.7 -2.39e-11
9.8 -2.39e-11
9.9 -2.39e-11
10.0 -2.39e-11
10.1 -2.39e-11
10.2 -2.39e-11
10.3 -2.39e-11
10.4 -2.39e-11
10.5 -2.39e-11
10.6 -2.39e-11
10.7 -2.39e-11
10.8 -3.34e-13
10.9 -9.68e-12
11.0 -2.08e-11
11.1 -2.08e-11
11.2 -2.08e-11
11.3 -2.57e-11
11.4 -2.57e-11
11.5 -2.57e-11
11.6 -2.57e-11
11.7 -2.57e-11
11.8 -2.57e-11
11.9 -2.57e-11
12.0 -2.57e-11
12.1 -2.57e-11
12.2 -2.57e-11
12.3 -2.57e-11
12.4 -2.57e-11
12.5 -2.57e-11
12.6 -2.57e-11
12.7 -2.57e-11
12.8 -2.57e-11
12.9 -2.57e-11
13.0 -2.57e-11
13.1 -2.57e-11
13.2 -2.57e-11
13.3 -2.57e-11
13.4 -2.57e-11
13.5 -2.57e-11
13.6 -2.57e-11
13.7 -2.57e-11
13.8 -2.57e-11
13.9 -2.57e-11
14.0 -2.57e-11
14.1 -2.57e-11
14.2 -2.57e-11
14.3 -2.57e-11
14.4 -2.57e-11
14.5 -2.57e-11
14.6 -2.57e-11
14.7 -2.57e-11
14.8 -2.57e-11
14.9 -2.57e-11
15.0 -2.57e-11
15.1 -2.57e-11
15.2 -2.57e-11
15.3 -2.57e-11
15.4 -1.75e-12
15.5 -1.75e-12
15.6 -1.75e-12
15.7 -1.75e-12
15.8 -1.75e-12
15.9 -1.75e-12
16.0 -1.75e-12
16.1 -1.75e-12
16.2 -1.75e-12
16.3 -1.75e-12
16.4 -1.75e-12
16.5 -1.75e-12
16.6 -1.75e-12
16.7 -1.75e-12
16.8 -1.75e-12
16.9 -1.75e-12
17.0 -1.75e-12
17.1 -1.75e-12
17.2 -1.75e-12
17.3 -1.75e-12
17.4 -1.75e-12
17.5 -1.75e-12
17.6 -1.75e-12
17.7 -1.75e-12
17.8 -1.75e-12
17.9 -1.75e-12
18.0 -1.75e-12
18.1 -1.75e-12
18.2 -1.75e-12
18.3 -1.75e-12
18.4 -1.75e-12
18.5 -1.75e-12
18.6 -1.75e-12
18.7 -1.75e-12
18.8 -4.34e-10
18.9 4.23e-10
19.0 3.1e-11
19.1 2.35e-10
19.2 1.79e-10
19.3 1.14e-11
19.4 1.14e-11
19.5 -2.76e-11
19.6 7.68e-11
19.7 1.7e-11
19.8 -5.83e-11
19.9 -4.68e-11
20.0 -4.23e-11
20.1 -3.74e-11
20.2 -5.63e-11
20.3 -5.54e-11
20.4 -5.54e-11
20.5 -3.32e-11
20.6 -3.32e-11
20.7 -3.32e-11
20.8 -3.32e-11
20.9 -3.32e-11
21.0 -3.32e-11
21.1 -3.32e-11
21.2 -3.32e-11
21.3 -3.32e-11
21.4 -3.32e-11
21.5 -3.32e-11
21.6 -3.32e-11
21.7 -3.32e-11
21.8 -3.32e-11
21.9 -3.32e-11
22.0 -3.32e-11
22.1 -3.32e-11
22.2 -3.32e-11
22.3 -3.32e-11
22.4 -3.32e-11
22.5 -3.32e-11
22.6 -3.32e-11
22.7 -3.32e-11
22.8 -3.32e-11
22.9 -3.32e-11
23.0 -3.32e-11
23.1 -3.32e-11
23.2 -3.32e-11
23.3 -3.32e-11
23.4 -3.32e-11
23.5 -3.32e-11
23.6 -3.32e-11
23.7 -3.32e-11
23.8 -3.32e-11
23.9 -3.32e-11
24.0 -3.32e-11
24.1 -4.68e-11
24.2 -4.68e-11
24.3 -4.68e-11
24.4 -4.68e-11
24.5 -4.68e-11
24.6 -4.68e-11
24.7 -4.68e-11
24.8 -4.68e-11
24.9 -4.68e-11
25.0 -4.68e-11
25.1 -4.68e-11
25.2 -4.68e-11
25.3 -4.68e-11
25.4 -4.68e-11
25.5 -4.68e-11
25.6 -4.68e-11
25.7 -4.68e-11
25.8 -4.68e-11
25.9 -4.68e-11
26.0 -4.68e-11
26.1 -4.68e-11
26.2 -4.68e-11
26.3 -4.68e-11
26.4 -4.68e-11
26.5 -4.68e-11
26.6 -4.68e-11
26.7 -4.68e-11
26.8 -4.68e-11
26.9 -4.68e-11
27.0 -4.68e-11
27.1 -4.68e-11
27.2 -4.68e-11
27.3 -4.68e-11
27.4 -4.68e-11
27.5 -4.68e-11
27.6 -4.68e-11
27.7 -4.68e-11
27.8 -4.68e-11
27.9 -1.57e-12
28.0 -1.57e-12
28.1 -4.7e-11
28.2 -4.7e-11
28.3 -3.96e-11
28.4 -4.03e-11
28.5 -3.86e-11
28.6 -3.86e-11
28.7 -3.86e-11
28.8 -3.46e-11
28.9 -3.22e-11
29.0 -3.33e-11
29.1 -3.33e-11
29.2 -2.03e-11
29.3 -2.03e-11
29.4 -2.03e-11
29.5 -2.03e-11
29.6 -2.03e-11
29.7 -2.03e-11
29.8 -4e-11
29.9 -4e-11
30.0 -4e-11
30.1 -4e-11
30.2 -4e-11
30.3 5e-11
30.4 5e-11
30.5 5e-11
30.6 5e-11
30.7 5e-11
30.8 5e-11
30.9 5e-11
31.0 -2.45e-11
31.1 -2.45e-11
31.2 -2.45e-11
31.3 -2.45e-11
31.4 -2.45e-11
31.5 -2.45e-11
31.6 -2.45e-11
31.7 -2.45e-11
31.8 -2.45e-11
31.9 -2.45e-11
32.0 -2.45e-11
32.1 -2.45e-11
32.2 -2.45e-11
32.3 -2.45e-11
32.4 -2.45e-11
32.5 -2.45e-11
32.6 -2.45e-11
32.7 -2.2e-10
32.8 -2.2e-10
32.9 -8.22e-11
33.0 -8.22e-11
33.1 -8.22e-11
33.2 -8.22e-11
33.3 -8.22e-11
33.4 -8.22e-11
33.5 -8.22e-11
33.6 3.45e-10
33.7 -4.27e-10
33.8 -3.37e-10
33.9 -2.76e-11
34.0 -1.02e-10
34.1 -6.16e-11
34.2 -4.46e-11
34.3 -5.6e-12
34.4 -1.4e-11
34.5 1.74e-11
34.6 -1.9e-11
34.7 -9.65e-12
34.8 -9.65e-12
34.9 -4.33e-12
35.0 -4.33e-12
35.1 -4.33e-12
35.2 -4.33e-12
35.3 -4.33e-12
35.4 -4.33e-12
35.5 -4.33e-12
35.6 -4.33e-12
35.7 -4.33e-12
35.8 -4.33e-12
35.9 -4.33e-12
36.0 -4.33e-12
36.1 -4.33e-12
36.2 -4.33e-12
36.3 -4.33e-12
36.4 -4.33e-12
36.5 -4.33e-12
36.6 -4.33e-12
36.7 -4.33e-12
36.8 -4.33e-12
36.9 -4.33e-12
37.0 -4.33e-12
37.1 -4.33e-12
37.2 -4.33e-12
37.3 -4.33e-12
37.4 -4.33e-12
37.5 -4.33e-12
37.6 -4.33e-12
37.7 -4.33e-12
37.8 -4.33e-12
37.9 -4.33e-12
38.0 -4.33e-12
38.1 -4.33e-12
38.2 -4.33e-12
38.3 -4.33e-12
38.4 -4.33e-12
38.5 -4.33e-12
38.6 -4.33e-12
38.7 -4.33e-12
38.8 -4.33e-12
38.9 -4.33e-12
39.0 -4.33e-12
39.1 -4.33e-12
39.2 -4.33e-12
39.3 -4.33e-12
39.4 -4.33e-12
39.5 -4.33e-12
39.6 -4.33e-12
39.7 -4.33e-12
39.8 -4.33e-12
39.9 -4.33e-12
40.0 -4.33e-12
40.1 -4.33e-12
40.2 -4.33e-12
40.3 -4.33e-12
40.4 -4.33e-12
40.5 -4.33e-12
40.6 -4.33e-12
40.7 -4.33e-12
40.8 -4.33e-12
40.9 -4.33e-12
41.0 -4.33e-12
41.1 -4.33e-12
41.2 -4.33e-12
41.3 -4.33e-12
41.4 -4.33e-12
41.5 -4.33e-12
41.6 -4.33e-12
41.7 -4.33e-12
41.8 -4.33e-12
41.9 -4.33e-12
42.0 -4.33e-12
42.1 -4.33e-12
42.2 -4.33e-12
42.3 -4.33e-12
42.4 -4.33e-12
42.5 2.03e-11
42.6 2.03e-11
42.7 9.43e-12
42.8 4.28e-12
42.9 1.46e-11
43.0 1.46e-11
43.1 1.19e-11
43.2 1.95e-11
43.3 1.95e-11
43.4 8.98e-11
43.5 8.98e-11
43.6 8.98e-11
43.7 -3.57e-11
43.8 -3.57e-11
43.9 -3.57e-11
44.0 -3.57e-11
44.1 -3.57e-11
44.2 -3.57e-11
44.3 -3.57e-11
44.4 -3.57e-11
44.5 -3.57e-11
44.6 -3.57e-11
44.7 -3.57e-11
44.8 -3.57e-11
44.9 -3.57e-11
45.0 -3.57e-11
45.1 -3.57e-11
45.2 -3.57e-11
45.3 -3.57e-11
45.4 -3.57e-11
45.5 -3.57e-11
45.6 -3.57e-11
45.7 -3.57e-11
45.8 -3.57e-11
45.9 -3.57e-11
46.0 -3.57e-11
46.1 -3.57e-11
46.2 -3.57e-11
46.3 -3.57e-11
46.4 -3.57e-11
46.5 -3.57e-11
46.6 -3.57e-11
46.7 -3.57e-11
46.8 -3.57e-11
46.9 -3.57e-11
47.0 -3.57e-11
47.1 -3.57e-11
47.2 -3.57e-11
47.3 -3.57e-11
47.4 -3.57e-11
47.5 -3.57e-11
47.6 -3.57e-11
47.7 -3.57e-11
47.8 -3.06e-10
47.9 -6.93e-11
48.0 -6.93e-11
48.1 -6.93e-11
48.2 -6.93e-11
48.3 -6.93e-11
48.4 -4.84e-11
48.5 -4.84e-11
48.6 -2.73e-11
48.7 -2.73e-11
48.8 -8.02e-12
48.9 4.6e-12
49.0 4.6e-12
49.1 2.11e-11
49.2 2.11e-11
49.3 1.65e-11
49.4 1.52e-11
49.5 1.52e-11
49.6 1.52e-11
49.7 1.01e-11
49.8 1.13e-11
49.9 1.13e-11
