0.0 -0.00135 -7.61e-11 0.000662 0.0015
0.1 -0.00261 -1.48e-10 0.00126 0.0029
0.2 -0.0105 -3.62e-10 0.00188 0.0107
0.3 -0.012 -4.34e-10 0.00236 0.0123
0.4 -0.0207 -5.03e-10 0.00293 0.0209
0.5 -0.0225 -5.67e-10 0.00333 0.0228
0.6 -0.0321 -5.83e-10 0.00393 0.0323
0.7 -0.0342 -6.38e-10 0.00426 0.0345
0.8 -0.0445 -6.21e-10 0.00499 0.0448
0.9 -0.0469 -6.66e-10 0.00528 0.0472
1.0 -0.0578 -6.4e-10 0.00626 0.0582
1.1 -0.0605 -6.76e-10 0.00655 0.0609
1.2 -0.0717 -5.96e-10 0.00791 0.0722
1.3 -0.0747 -6.21e-10 0.00821 0.0751
1.4 -0.086 -5.53e-10 0.0101 0.0866
1.5 -0.0893 -5.7e-10 0.0105 0.0899
1.6 -0.101 -4.72e-10 0.0131 0.101
1.7 -0.109 -4.12e-10 0.0149 0.11
1.8 -0.112 -4.15e-10 0.0154 0.113
1.9 -0.122 -3.28e-10 0.0192 0.124
2.0 -0.13 -2.34e-10 0.0219 0.132
2.1 -0.137 -1.8e-10 0.0249 0.14
2.2 -0.145 -1.24e-10 0.0283 0.147
2.3 -0.151 -8.84e-11 0.032 0.155
2.4 -0.158 -6.55e-12 0.0362 0.162
2.5 -0.164 3.36e-11 0.0409 0.169
2.6 -0.171 7.43e-11 0.0461 0.177
2.7 -0.177 1.61e-10 0.0518 0.184
2.8 -0.182 1.83e-10 0.058 0.191
2.9 -0.188 2.04e-10 0.0648 0.199
3.0 -0.193 1.78e-10 0.0722 0.206
3.1 -0.198 2.17e-10 0.0801 0.214
3.2 -0.203 1.66e-10 0.0887 0.222
3.3 -0.208 2.22e-10 0.0979 0.23
3.4 -0.212 2.36e-10 0.108 0.238
3.5 -0.217 2.49e-10 0.118 0.247
3.6 -0.221 2.62e-10 0.129 0.256
3.7 -0.225 2.74e-10 0.141 0.266
3.8 -0.229 2.41e-10 0.153 0.276
3.9 -0.233 2.49e-10 0.166 0.286
4.0 -0.237 1.67e-10 0.18 0.298
4.1 -0.241 1.69e-10 0.194 0.309
4.2 -0.245 1.71e-10 0.209 0.322
4.3 -0.249 1.73e-10 0.224 0.335
4.4 -0.253 1.75e-10 0.24 0.348
4.5 -0.256 -4.39e-12 0.256 0.362
4.6 -0.26 -1.4e-11 0.273 0.377
4.7 -0.264 6.75e-11 0.285 0.388
4.8 -0.268 6.5e-11 0.291 0.396
4.9 -0.271 -6.53e-11 0.298 0.402
5.0 -0.274 -7.57e-11 0.304 0.409
5.1 -0.278 -8.55e-11 0.309 0.416
5.2 -0.281 -2.81e-10 0.315 0.422
5.3 -0.284 -2.4e-10 0.32 0.428
5.4 -0.287 -2.55e-10 0.325 0.433
5.5 -0.29 -2.7e-10 0.329 0.439
5.6 -0.294 1.33e-09 0.334 0.445
5.7 -0.298 -1.19e-09 0.338 0.451
5.8 -0.302 5.45e-10 0.342 0.456
5.9 -0.306 5.85e-10 0.346 0.462
6.0 -0.31 -4.42e-09 0.35 0.468
6.1 -0.313 -4.72e-09 0.354 0.473
6.2 -0.319 7.7e-10 0.358 0.48
6.3 -0.322 8.81e-10 0.362 0.484
6.4 -0.327 9.85e-10 0.365 0.49
6.5 -0.33 1.08e-09 0.369 0.495
6.6 -0.333 1.18e-09 0.372 0.5
6.7 -0.338 1.27e-09 0.376 0.506
6.8 -0.334 1.35e-09 0.379 0.505
6.9 -0.344 1.43e-09 0.383 0.514
7.0 -0.34 -4.29e-09 0.386 0.514
7.1 -0.35 3.62e-09 0.389 0.523
7.2 -0.358 2.41e-09 0.392 0.531
7.3 -0.36 -2.9e-08 0.396 0.535
7.4 -0.361 -4.59e-08 0.399 0.538
7.5 -0.359 -1.83e-08 0.402 0.539
7.6 -0.364 -1.8e-09 0.405 0.544
7.7 -0.367 8.76e-09 0.408 0.549
7.8 -0.37 1.23e-10 0.411 0.553
7.9 -0.372 3.55e-08 0.414 0.557
8.0 -0.375 3.04e-08 0.417 0.561
8.1 -0.377 3.24e-08 0.421 0.564
8.2 -0.378 3.43e-08 0.424 0.568
8.3 -0.38 3.62e-08 0.427 0.571
8.4 -0.382 3.17e-09 0.43 0.575
8.5 -0.383 5.45e-08 0.433 0.578
8.6 -0.385 5.48e-09 0.436 0.581
8.7 -0.386 1.28e-08 0.439 0.585
8.8 -0.385 1.1e-09 0.442 0.586
8.9 -0.386 2.31e-10 0.445 0.589
9.0 -0.389 -5.88e-10 0.448 0.593
9.1 -0.392 -1.36e-09 0.451 0.597
9.2 -0.395 -2.08e-09 0.454 0.601
9.3 -0.398 -1.44e-08 0.457 0.606
9.4 -0.382 -1.07e-08 0.46 0.598
9.5 -0.383 -1.16e-08 0.462 0.601
9.6 -0.393 -1.1e-08 0.465 0.609
9.7 -0.404 -1.61e-08 0.468 0.618
9.8 -0.403 -8.92e-09 0.471 0.62
9.9 -0.388 -1.9e-08 0.474 0.613
10.0 -0.391 -2.01e-08 0.477 0.617
10.1 -0.393 -2.11e-08 0.48 0.62
10.2 -0.393 -1.77e-08 0.483 0.623
10.3 -0.398 -1.46e-08 0.486 0.628
10.4 -0.405 -1.06e-08 0.489 0.635
10.5 -0.408 -4.8e-09 0.492 0.639
10.6 -0.418 -6.08e-09 0.495 0.648
10.7 -0.425 -6.06e-10 0.498 0.655
10.8 -0.429 1.74e-10 0.465 0.633
10.9 -0.434 2.43e-09 0.373 0.572
11.0 -0.433 3.09e-09 0.263 0.506
11.1 -0.434 3.35e-09 0.212 0.483
11.2 -0.433 3.87e-09 0.0945 0.443
11.3 -0.434 3.43e-09 0.0757 0.441
11.4 -0.434 3.1e-09 0.0586 0.438
11.5 -0.431 5.72e-09 0.043 0.433
11.6 -0.43 -6.36e-11 0.0287 0.431
11.7 -0.431 -3.5e-11 0.0156 0.431
11.8 -0.427 2e-08 0.00352 0.427
11.9 -0.429 2.13e-08 -0.00761 0.429
12.0 -0.43 2.25e-08 -0.0179 0.431
12.1 -0.383 0.072 -0.0274 0.391
12.2 -0.347 0.129 -0.0363 0.372
12.3 -0.361 0.0992 -0.0445 0.377
12.4 -0.349 0.12 -0.0522 0.372
12.5 -0.351 0.118 -0.0594 0.375
12.6 -0.427 -0.0123 -0.0662 0.432
12.7 -0.43 -0.0163 -0.0726 0.436
12.8 -0.433 -0.02 -0.0786 0.441
12.9 -0.436 -0.0236 -0.0843 0.445
13.0 -0.439 -0.0269 -0.0898 0.449
13.1 -0.442 -0.0301 -0.095 0.453
13.2 -0.44 -0.0284 -0.0999 0.452
13.3 -0.442 -0.0309 -0.105 0.455
13.4 -0.44 -0.0288 -0.109 0.454
13.5 -0.442 -0.0308 -0.114 0.457
13.6 -0.439 -0.0277 -0.118 0.455
13.7 -0.441 -0.0292 -0.122 0.458
13.8 -0.437 -0.0252 -0.126 0.455
13.9 -0.438 -0.0262 -0.13 0.458
14.0 -0.429 -0.0182 -0.134 0.45
14.1 -0.432 -0.0105 -0.138 0.454
14.2 -0.418 -0.00939 -0.141 0.442
14.3 -0.386 -0.0411 -0.145 0.415
14.4 -0.404 -0.0424 -0.149 0.432
14.5 -0.399 -0.0374 -0.152 0.429
14.6 -0.466 -0.0154 -0.156 0.491
14.7 -0.439 -0.0123 -0.159 0.467
14.8 -0.278 0.00232 -0.162 0.322
14.9 -0.139 0.0169 -0.166 0.217
15.0 -0.0601 0.0286 -0.169 0.182
15.1 -0.0239 0.0428 -0.172 0.179
15.2 -0.0104 0.0467 -0.176 0.182
15.3 -0.275 0.00245 0.00983 0.276
15.4 0.055 0.0611 -0.17 0.189
15.5 0.0953 0.168 -0.174 0.26
15.6 0.0376 0.279 -0.178 0.333
15.7 -0.0755 0.421 -0.182 0.465
15.8 -0.132 0.425 -0.186 0.482
15.9 -0.223 0.466 -0.189 0.55
16.0 -0.316 0.488 -0.193 0.613
16.1 -0.44 0.508 -0.197 0.7
16.2 -0.632 0.528 -0.2 0.847
16.3 -0.666 0.431 -0.204 0.819
16.4 -0.691 0.322 -0.207 0.79
16.5 -0.715 0.205 -0.211 0.773
16.6 -0.738 0.0804 -0.214 0.772
16.7 -0.759 -0.053 -0.217 0.792
16.8 -0.78 -0.201 -0.221 0.835
16.9 -0.799 -0.284 -0.224 0.877
17.0 -0.717 -0.313 -0.227 0.814
17.1 -0.61 -0.34 -0.231 0.735
17.2 -0.495 -0.367 -0.234 0.659
17.3 -0.396 -0.292 -0.237 0.547
17.4 -0.361 -0.219 -0.241 0.486
17.5 -0.323 -0.199 -0.244 0.451
17.6 -0.493 -0.198 -0.247 0.586
17.7 -0.466 -0.249 -0.25 0.585
17.8 -0.428 -0.318 -0.254 0.59
17.9 -0.411 -0.32 -0.257 0.581
18.0 -0.385 -0.307 -0.26 0.557
18.1 -0.353 -0.285 -0.263 0.525
18.2 -0.292 -0.24 -0.266 0.462
18.3 -0.259 -0.215 -0.269 0.431
18.4 -0.253 -0.168 -0.272 0.407
18.5 -0.257 -0.125 -0.275 0.397
18.6 -0.265 -0.09 -0.278 0.395
18.7 -0.277 -0.0559 -0.281 0.399
18.8 -0.281 -0.0289 -0.284 0.401
18.9 -0.3 -0.00593 -0.287 0.415
19.0 -0.296 0.0147 -0.29 0.415
19.1 -0.313 0.0346 -0.293 0.43
19.2 -0.323 0.0533 -0.296 0.442
19.3 -0.314 0.0606 -0.299 0.438
19.4 -0.32 0.0546 -0.302 0.444
19.5 -0.315 0.0426 -0.305 0.441
19.6 -0.301 0.0431 -0.308 0.433
19.7 -0.286 0.0294 -0.311 0.424
19.8 -0.288 0.0237 -0.268 0.394
19.9 -0.29 0.0138 -0.181 0.342
20.0 -0.278 0.00183 -0.0721 0.287
20.1 -0.267 0.00224 0.0514 0.272
20.2 -0.244 0.00211 0.0957 0.262
20.3 -0.225 -0.000663 0.117 0.253
20.4 -0.267 -0.0164 0.134 0.299
20.5 -0.241 -0.0104 0.149 0.283
20.6 -0.211 0.00382 0.163 0.267
20.7 -0.164 0.00868 0.176 0.241
20.8 -0.135 0.0134 0.188 0.232
20.9 -0.153 0.0155 0.199 0.251
21.0 -0.127 0.0321 0.209 0.247
21.1 -0.0988 0.0372 0.219 0.243
21.2 -0.0904 0.0182 0.227 0.245
21.3 -0.0715 0.0297 0.236 0.248
21.4 -0.0541 0.0273 0.243 0.251
21.5 -0.0479 0.0107 0.25 0.255
21.6 -0.0367 0.0585 0.257 0.266
21.7 -0.0214 0.0989 0.264 0.282
21.8 -0.00196 0.118 0.27 0.294
21.9 0.0194 0.119 0.275 0.301
22.0 0.0402 0.118 0.281 0.307
22.1 0.0587 0.104 0.286 0.31
22.2 0.073 0.0965 0.291 0.315
22.3 0.0856 0.086 0.296 0.319
22.4 0.0944 0.0811 0.3 0.325
22.5 0.0982 0.0617 0.305 0.326
22.6 0.103 0.0645 0.309 0.332
22.7 0.107 0.0621 0.313 0.337
22.8 0.11 0.0725 0.317 0.343
22.9 0.115 0.0716 0.321 0.348
23.0 0.109 0.103 0.325 0.358
23.1 0.11 0.099 0.324 0.356
23.2 0.107 0.0914 0.319 0.348
23.3 0.0914 0.0916 0.3 0.326
23.4 0.07 0.0828 0.273 0.294
23.5 0.0556 0.075 0.25 0.266
23.6 0.0567 0.0725 0.238 0.255
23.7 0.0558 0.0686 0.224 0.241
23.8 0.00101 0.0179 0.149 0.15
23.9 0.000952 0.0164 0.132 0.133
24.0 -0.0672 0.0703 -0.0155 0.0985
24.1 -0.0566 0.0507 0.0414 0.0865
24.2 -0.0164 0.007 0.05 0.0531
24.3 -0.00351 0.00193 0.0416 0.0418
24.4 0.00501 -0.00817 0.0349 0.0362
24.5 0.00925 -0.0166 0.029 0.0347
24.6 0.0104 -0.0232 0.0236 0.0347
24.7 0.00919 -0.0251 0.0207 0.0338
24.8 0.00779 -0.029 0.0157 0.0339
24.9 0.00537 -0.0319 0.0108 0.0341
25.0 0.00257 -0.0329 0.00601 0.0336
25.1 -0.000524 -0.0332 0.00136 0.0332
25.2 -0.00344 -0.0322 -0.00302 0.0325
25.3 -0.00596 -0.0314 -0.00715 0.0327
25.4 -0.0101 -0.022 -0.0128 0.0274
25.5 -0.014 -0.0196 -0.017 0.0294
25.6 -0.0153 -0.0215 -0.0201 0.0332
25.7 -0.0173 -0.0228 -0.0236 0.0371
25.8 -0.0189 -0.0249 -0.0268 0.0412
25.9 -0.021 -0.0256 -0.0303 0.0449
26.0 -0.0244 -0.0264 -0.035 0.0502
26.1 -0.0269 -0.0264 -0.0389 0.0542
26.2 -0.0296 -0.0268 -0.0432 0.0589
26.3 -0.032 -0.0269 -0.0475 0.0633
26.4 -0.034 -0.0283 -0.0518 0.0681
26.5 -0.0358 -0.0303 -0.0561 0.0731
26.6 -0.0369 -0.0356 -0.0599 0.0788
26.7 -0.0377 -0.043 -0.0634 0.0854
26.8 -0.0404 -0.0448 -0.069 0.0916
26.9 -0.043 -0.0448 -0.0745 0.097
27.0 -0.0452 -0.0459 -0.0801 0.103
27.1 -0.0476 -0.0498 -0.0865 0.111
27.2 -0.0486 -0.0512 -0.0912 0.115
27.3 -0.0507 -0.0552 -0.0977 0.123
27.4 -0.0526 -0.0593 -0.104 0.131
27.5 -0.0546 -0.063 -0.11 0.138
27.6 -0.0563 -0.0681 -0.117 0.147
27.7 -0.0582 -0.0737 -0.124 0.156
27.8 -0.0585 -0.0858 -0.129 0.166
27.9 -0.0633 -0.0986 -0.141 0.183
28.0 -0.0675 -0.104 -0.152 0.196
28.1 -0.069 -0.107 -0.16 0.205
28.2 -0.0682 -0.115 -0.168 0.215
28.3 -0.0681 -0.124 -0.175 0.225
28.4 -0.0686 -0.127 -0.184 0.233
28.5 -0.055 -0.122 -0.195 0.237
28.6 -0.0262 -0.112 -0.211 0.241
28.7 0.0204 -0.0932 -0.235 0.253
28.8 0.0454 -0.0788 -0.247 0.264
28.9 0.0877 -0.0573 -0.254 0.274
29.0 0.125 -0.0304 -0.259 0.29
29.1 0.211 0.0209 -0.265 0.339
29.2 0.225 0.0346 -0.27 0.353
29.3 0.245 0.041 -0.275 0.371
29.4 0.261 0.049 -0.28 0.386
29.5 0.281 0.0495 -0.284 0.403
29.6 0.297 0.0483 -0.289 0.417
29.7 0.313 0.0394 -0.293 0.431
29.8 0.326 0.0319 -0.297 0.443
29.9 0.336 0.0215 -0.301 0.452
30.0 0.343 0.0145 -0.305 0.459
30.1 0.344 0.00457 -0.309 0.463
30.2 0.348 -0.000556 -0.313 0.468
30.3 0.352 -0.00227 -0.316 0.473
30.4 0.342 -0.00862 -0.32 0.468
30.5 0.348 -0.00928 -0.324 0.475
30.6 0.332 -0.0129 -0.327 0.466
30.7 0.335 -0.0146 -0.33 0.471
30.8 0.337 -0.0149 -0.334 0.474
30.9 0.338 -0.0148 -0.337 0.477
31.0 0.338 -0.0144 -0.34 0.48
31.1 0.326 -0.0127 -0.344 0.474
31.2 0.329 -0.0131 -0.347 0.478
31.3 0.332 -0.0134 -0.35 0.483
31.4 0.335 -0.0137 -0.353 0.487
31.5 0.337 -0.0105 -0.357 0.491
31.6 0.338 -0.0088 -0.36 0.494
31.7 0.339 -0.00728 -0.363 0.497
31.8 0.34 -0.00579 -0.366 0.499
31.9 0.341 -0.00433 -0.369 0.502
32.0 0.342 -0.00291 -0.372 0.505
32.1 0.343 -0.00157 -0.375 0.509
32.2 0.345 -0.000311 -0.378 0.512
32.3 0.337 0.00131 -0.381 0.509
32.4 0.346 0.00485 -0.385 0.517
32.5 0.338 0.00684 -0.388 0.514
32.6 0.305 0.0075 -0.391 0.496
32.7 0.296 0.00323 -0.394 0.493
32.8 0.335 0.00265 -0.397 0.519
32.9 0.341 0.00108 -0.4 0.525
33.0 0.353 -0.00593 -0.403 0.536
33.1 0.269 0.0172 -0.406 0.487
33.2 0.172 -0.0197 -0.409 0.444
33.3 0.107 0.0883 -0.412 0.435
33.4 0.0682 0.0805 -0.415 0.428
33.5 0.0849 0.24 -0.418 0.489
33.6 0.104 0.267 -0.421 0.509
33.7 0.132 0.266 -0.424 0.518
33.8 0.363 0.437 -0.427 0.711
33.9 0.524 0.413 -0.43 0.794
34.0 0.544 0.273 -0.433 0.747
34.1 0.562 0.111 -0.436 0.72
34.2 0.58 -0.0722 -0.439 0.731
34.3 0.597 -0.309 -0.39 0.777
34.4 0.613 -0.34 -0.322 0.772
34.5 0.629 -0.368 -0.226 0.763
34.6 0.627 -0.368 -0.182 0.75
34.7 0.576 -0.299 -0.0534 0.651
34.8 0.566 -0.285 -0.0203 0.634
34.9 0.552 -0.261 -0.00282 0.61
35.0 0.471 -0.132 0.0131 0.489
35.1 0.455 -0.104 0.0277 0.467
35.2 0.439 -0.0735 0.0412 0.447
35.3 0.421 -0.0395 0.0535 0.426
35.4 0.417 -0.0288 0.0648 0.423
35.5 0.401 0.00876 0.0753 0.408
35.6 0.399 0.0154 0.085 0.408
35.7 0.397 0.0216 0.094 0.408
35.8 0.398 0.0246 0.102 0.411
35.9 0.396 0.03 0.11 0.413
36.0 0.396 0.035 0.117 0.414
36.1 0.399 0.0352 0.124 0.42
36.2 0.399 0.0395 0.131 0.422
36.3 0.402 0.0386 0.137 0.427
36.4 0.404 0.0392 0.143 0.43
36.5 0.406 0.0392 0.148 0.434
36.6 0.409 0.0385 0.153 0.438
36.7 0.411 0.0371 0.158 0.442
36.8 0.413 0.0351 0.163 0.446
36.9 0.416 0.0327 0.168 0.45
37.0 0.418 0.0298 0.172 0.453
37.1 0.42 0.0266 0.177 0.457
37.2 0.423 0.0232 0.181 0.46
37.3 0.425 0.0196 0.185 0.463
37.4 0.426 0.016 0.189 0.466
37.5 0.428 0.0124 0.192 0.469
37.6 0.429 0.00892 0.196 0.472
37.7 0.43 0.00555 0.2 0.474
37.8 0.43 0.00542 0.203 0.475
37.9 0.429 0.0039 0.207 0.477
38.0 0.43 0.000775 0.21 0.479
38.1 0.43 -0.0026 0.214 0.48
38.2 0.43 -0.00577 0.217 0.482
38.3 0.43 -0.00857 0.221 0.484
38.4 0.43 -0.0109 0.224 0.485
38.5 0.43 -0.0128 0.227 0.486
38.6 0.429 -0.0142 0.23 0.487
38.7 0.428 -0.0152 0.234 0.488
38.8 0.427 -0.0157 0.237 0.488
38.9 0.425 -0.0157 0.24 0.489
39.0 0.424 -0.0154 0.243 0.489
39.1 0.422 -0.0147 0.246 0.489
39.2 0.42 -0.0138 0.249 0.489
39.3 0.418 -0.0125 0.252 0.489
39.4 0.416 -0.0111 0.256 0.489
39.5 0.414 -0.00954 0.259 0.489
39.6 0.412 -0.00787 0.262 0.488
39.7 0.41 -0.00615 0.265 0.488
39.8 0.408 -0.00443 0.268 0.488
39.9 0.406 -0.00274 0.271 0.488
40.0 0.404 -0.00112 0.274 0.488
40.1 0.402 0.0004 0.277 0.488
40.2 0.4 0.0018 0.28 0.488
40.3 0.398 0.00306 0.283 0.488
40.4 0.396 0.00416 0.286 0.489
40.5 0.394 0.0051 0.289 0.489
40.6 0.392 0.00587 0.292 0.489
40.7 0.391 0.00647 0.295 0.49
40.8 0.389 0.0069 0.298 0.49
40.9 0.387 0.00717 0.301 0.491
41.0 0.385 0.00725 0.304 0.491
41.1 0.384 0.0071 0.307 0.492
41.2 0.382 0.00669 0.31 0.492
41.3 0.359 0.0122 0.313 0.477
41.4 0.358 0.00739 0.316 0.478
41.5 0.357 0.0069 0.319 0.479
41.6 0.357 0.00565 0.322 0.481
41.7 0.357 0.00474 0.325 0.483
41.8 0.358 0.00349 0.328 0.486
41.9 0.359 0.00256 0.331 0.488
42.0 0.359 0.00179 0.334 0.491
42.1 0.365 -0.00119 0.337 0.497
42.2 0.363 -0.00141 0.34 0.498
42.3 0.361 -0.00134 0.343 0.498
42.4 0.358 -0.00108 0.346 0.498
42.5 0.356 -0.00112 0.349 0.498
42.6 0.353 -0.00104 0.297 0.461
42.7 0.35 -0.000922 0.213 0.41
42.8 0.343 -0.000797 0.107 0.359
42.9 0.341 -0.000568 -0.0279 0.342
43.0 0.338 -0.000583 -0.0624 0.344
43.1 0.336 -0.000574 -0.0806 0.345
43.2 0.333 -0.000505 -0.0972 0.347
43.3 0.33 -0.000405 -0.112 0.348
43.4 0.327 -0.00031 -0.126 0.351
43.5 0.326 -0.000348 -0.139 0.355
43.6 0.319 -0.000204 -0.151 0.353
43.7 0.318 -0.000229 -0.162 0.357
43.8 0.315 -0.000143 -0.172 0.359
43.9 0.314 -0.000161 -0.181 0.362
44.0 0.313 -0.000179 -0.19 0.366
44.1 0.303 0.000161 -0.198 0.362
44.2 0.302 0.000166 -0.206 0.365
44.3 0.301 0.000169 -0.213 0.368
44.4 0.293 0.000154 -0.219 0.366
44.5 0.292 0.000155 -0.226 0.369
44.6 0.29 0.000155 -0.232 0.371
44.7 0.281 0.00012 -0.237 0.368
44.8 0.28 0.000118 -0.243 0.37
44.9 0.278 0.000115 -0.248 0.373
45.0 0.269 7.86e-05 -0.253 0.369
45.1 0.267 7.34e-05 -0.257 0.371
45.2 0.259 4.81e-05 -0.262 0.368
45.3 0.257 4.2e-05 -0.266 0.37
45.4 0.255 3.63e-05 -0.27 0.372
45.5 0.246 1.31e-05 -0.274 0.368
45.6 0.24 -2.18e-06 -0.278 0.368
45.7 0.235 -1.48e-05 -0.282 0.367
45.8 0.23 -2.54e-05 -0.286 0.367
45.9 0.225 -3.32e-05 -0.29 0.367
46.0 0.22 -3.96e-05 -0.293 0.367
46.1 0.215 -4.41e-05 -0.297 0.367
46.2 0.211 -4.67e-05 -0.3 0.367
46.3 0.206 -4.76e-05 -0.304 0.367
46.4 0.201 -4.56e-05 -0.307 0.367
46.5 0.196 -4.31e-05 -0.311 0.367
46.6 0.191 -3.95e-05 -0.314 0.368
46.7 0.186 -3.47e-05 -0.317 0.368
46.8 0.181 -2.75e-05 -0.321 0.368
46.9 0.175 1.88e-05 -0.324 0.368
47.0 0.172 2.35e-05 -0.327 0.369
47.1 0.163 5.73e-05 -0.33 0.368
47.2 0.16 6.48e-05 -0.333 0.37
47.3 0.15 8.24e-05 -0.336 0.369
47.4 0.147 8.86e-05 -0.34 0.37
47.5 0.141 8.67e-05 -0.343 0.371
47.6 0.137 8.87e-05 -0.346 0.372
47.7 0.131 9.18e-05 -0.349 0.373
47.8 0.127 9.13e-05 -0.352 0.374
47.9 0.122 8.81e-05 -0.355 0.375
48.0 0.116 8.17e-05 -0.358 0.376
48.1 0.111 8.11e-05 -0.361 0.378
48.2 0.106 7.68e-05 -0.364 0.379
48.3 0.1 7.17e-05 -0.367 0.381
48.4 0.0948 6.58e-05 -0.37 0.382
48.5 0.0889 6.51e-05 -0.373 0.384
48.6 0.0863 5.68e-05 -0.376 0.386
48.7 0.0789 5.72e-05 -0.379 0.387
48.8 0.072 5.76e-05 -0.38 0.387
48.9 0.0653 5.68e-05 -0.375 0.381
49.0 0.0584 4.36e-05 -0.373 0.378
49.1 0.0521 4.46e-05 -0.364 0.368
49.2 0.0453 4.52e-05 -0.351 0.354
49.3 0.0381 3.63e-05 -0.293 0.295
49.4 0.0319 3.73e-05 -0.278 0.28
49.5 0.025 3.65e-05 -0.255 0.257
49.6 0.0169 2.24e-05 -0.175 0.176
49.7 0.0116 2.33e-05 -0.158 0.159
49.8 0.00637 2.46e-05 -0.141 0.141
49.9 0.00144 2.56e-05 -0.124 0.124
