0.0 0.0 0.0 0.0
0.1 0.000558 0.0 18.3
0.2 0.000564 -5.06e-17 18.3
0.3 0.00455 -4.37e-09 18.3
0.4 0.00112 -5.94e-10 18.3
0.5 0.00463 -6e-10 18.3
0.6 0.00161 -6.05e-10 18.3
0.7 0.00443 -6.11e-10 18.3
0.8 0.00202 -6.17e-10 18.3
0.9 0.00414 -6.23e-10 18.3
1.0 0.00235 -6.29e-10 18.3
1.1 0.00392 -6.34e-10 18.3
1.2 0.0026 -6.4e-10 18.3
1.3 0.00383 -6.46e-10 18.3
1.4 0.00281 -6.52e-10 18.3
1.5 0.00389 -6.58e-10 18.3
1.6 0.00301 -6.64e-10 18.3
1.7 0.00408 -6.69e-10 18.3
1.8 0.00429 -6.75e-10 18.3
1.9 0.00338 -6.81e-10 18.3
2.0 0.00467 -6.87e-10 18.3
2.1 0.00499 -6.93e-10 18.3
2.2 0.00534 -6.99e-10 18.3
2.3 0.00573 -7.04e-10 18.3
2.4 0.00615 -5.08e-09 18.3
2.5 0.0066 -1.31e-09 18.3
2.6 0.00709 -1.32e-09 18.3
2.7 0.00759 -1.33e-09 18.3
2.8 0.00812 -1.34e-09 18.3
2.9 0.00866 -1.36e-09 18.3
3.0 0.00922 -1.37e-09 18.3
3.1 0.00977 -1.38e-09 18.3
3.2 0.0103 -1.39e-09 18.3
3.3 0.0109 -1.4e-09 18.3
3.4 0.0114 -1.02e-08 18.3
3.5 0.012 -2.61e-09 18.3
3.6 0.0125 -2.64e-09 18.3
3.7 0.013 -2.66e-09 18.3
3.8 0.0135 -2.68e-09 18.3
3.9 0.0139 -2.71e-09 18.3
4.0 0.0144 -2.73e-09 18.3
4.1 0.0148 -2.02e-08 18.3
4.2 0.0153 -2.26e-08 18.3
4.3 0.0157 -7.57e-09 18.3
4.4 0.0162 -7.64e-09 18.3
4.5 0.0166 -7.71e-09 18.3
4.6 0.0171 -7.78e-09 18.3
4.7 0.0175 -7.85e-09 18.3
4.8 0.018 -7.92e-09 18.3
4.9 0.0185 -7.99e-09 18.3
5.0 0.0229 -8.06e-09 18.3
5.1 0.02 -8.13e-09 18.3
5.2 0.0205 -8.2e-09 18.3
5.3 0.0259 -8.27e-09 18.3
5.4 0.0273 -8.34e-09 18.3
5.5 0.0298 -8.41e-09 18.3
5.6 0.0314 -8.48e-09 18.3
5.7 0.0332 -1.65e-07 18.3
5.8 0.0354 -2.99e-08 18.3
5.9 0.0411 -3.01e-08 18.3
6.0 0.0318 -3.04e-08 18.3
6.1 0.0433 -3.07e-08 18.3
6.2 0.0316 -3.1e-08 18.3
6.3 0.0439 -3.12e-08 18.3
6.4 0.0338 -3.15e-08 18.3
6.5 0.049 -3.18e-08 18.3
6.6 0.0364 -3.21e-08 18.3
6.7 0.0367 -3.24e-08 18.3
6.8 0.0399 -3.26e-08 18.3
6.9 0.0406 -3.29e-08 18.3
7.0 0.077 -3.32e-08 18.4
7.1 0.0467 -3.35e-08 18.3
7.2 0.0509 -3.37e-08 18.3
7.3 0.0575 -3.4e-08 18.4
7.4 0.0608 -3.43e-08 18.4
7.5 0.0628 -3.46e-08 18.4
7.6 0.0574 -3.49e-08 18.4
7.7 0.059 -3.51e-08 18.4
7.8 0.06 -3.54e-08 18.4
7.9 0.0612 -3.57e-08 18.4
8.0 0.0623 -3.6e-08 18.4
8.1 0.0635 -3.63e-08 18.4
8.2 0.0646 -3.65e-08 18.4
8.3 0.0658 -3.68e-08 18.4
8.4 0.067 -3.71e-08 18.4
8.5 0.0682 -3.74e-08 18.4
8.6 0.0694 -3.76e-08 18.4
8.7 0.0706 -3.79e-08 18.4
8.8 0.0688 -3.82e-08 18.4
8.9 0.067 -3.85e-08 18.4
9.0 0.0675 -3.88e-08 18.4
9.1 0.0666 -3.9e-08 18.4
9.2 0.0655 -3.93e-08 18.4
9.3 0.0642 -3.96e-08 18.4
9.4 0.0641 -3.99e-08 18.4
9.5 -0.0792 -4.01e-08 18.5
9.6 0.0489 -4.04e-08 18.4
9.7 -0.11 -4.07e-08 18.5
9.8 -0.0526 -4.1e-08 18.5
9.9 -0.0294 -4.13e-08 18.5
10.0 -0.0479 -4.15e-08 18.5
10.1 -0.0409 -4.18e-08 18.5
10.2 -0.0789 -4.21e-08 18.5
10.3 -0.0614 -4.24e-08 18.5
10.4 -0.105 -4.26e-08 18.5
10.5 -0.0778 -4.29e-08 18.5
10.6 -0.151 -4.32e-08 18.6
10.7 -0.111 -1.2e-07 18.5
10.8 -0.268 -5.41e-08 18.6
10.9 -0.114 -5.45e-08 18.5
11.0 -1.23 -5.49e-08 19.0
11.1 -2.14 -5.52e-08 19.4
11.2 -1.49 -5.56e-08 19.1
11.3 -3.45 -5.6e-08 19.9
11.4 -2.39 -5.64e-08 19.5
11.5 -4.27 -5.67e-08 20.2
11.6 -2.74 -5.71e-08 19.7
11.7 -3.89 -5.75e-08 20.1
11.8 -2.93 -5.79e-08 19.8
11.9 -8.05 -5.82e-08 21.7
12.0 -3.06 -5.86e-08 19.9
12.1 -3.09 -5.9e-08 19.9
12.2 -4.19 -5.31e-08 20.3
12.3 -5.23 4.29e-07 20.7
12.4 -13.4 2.66e-06 22.8
12.5 -12.6 5.24e-06 22.7
12.6 -11.7 6.35e-06 22.4
12.7 -15.0 1.55e-05 23.3
12.8 -8.03 3.65e-06 21.6
12.9 -8.11 3.69e-06 21.7
13.0 -8.18 3.73e-06 21.7
13.1 -8.26 3.76e-06 21.7
13.2 -8.33 3.8e-06 21.8
13.3 -8.37 3.83e-06 21.8
13.4 -8.48 3.87e-06 21.8
13.5 -8.51 3.9e-06 21.8
13.6 -8.62 3.94e-06 21.9
13.7 -8.65 3.98e-06 21.9
13.8 -8.76 4.01e-06 21.9
13.9 -8.79 4.05e-06 21.9
14.0 -8.9 4.08e-06 22.0
14.1 -8.85 4.12e-06 22.0
14.2 -8.52 4.15e-06 21.9
14.3 -8.84 4.19e-06 22.0
14.4 -5.68 0.000214 20.8
14.5 -8.39 3.27e-05 21.8
14.6 -8.54 3.3e-05 21.8
14.7 -5.66 3.34e-05 20.7
14.8 -8.28 3.37e-05 21.7
14.9 -8.33 3.4e-05 21.7
15.0 -8.38 3.43e-05 21.7
15.1 -8.4 3.46e-05 21.7
15.2 -7.91 3.49e-05 21.5
15.3 -8.54 3.53e-05 21.7
15.4 38.2 -0.000201 7.1
15.5 -2.4 -0.114 19.0
15.6 -2.36 -0.00931 19.2
15.7 -2.37 -0.0037 19.1
15.8 -2.39 0.00928 19.0
15.9 -2.36 -0.00701 19.2
16.0 -2.36 -0.00435 19.1
16.1 -2.36 -0.00335 19.1
16.2 -2.36 0.00261 19.1
16.3 -2.36 0.0134 19.1
16.4 -2.36 0.00674 19.1
16.5 -2.36 0.0562 19.0
16.6 -2.36 0.0245 19.1
16.7 -2.36 0.0293 19.1
16.8 -2.36 0.257 18.8
16.9 -2.36 0.109 19.0
17.0 -2.35 0.327 18.8
17.1 -2.36 0.119 19.0
17.2 1.61 0.228 17.5
17.3 11.1 0.126 14.0
17.4 9.04 0.136 14.6
17.5 6.79 0.187 15.3
17.6 2.52 0.137 16.8
17.7 -0.218 7.88 13.6
17.8 0.214 4.13 14.7
17.9 0.408 5.1 14.0
18.0 0.601 3.25 15.1
18.1 -0.946 6.66 13.0
18.2 -5.62 11.3 10.0
18.3 -12.3 22.2 1.05
18.4 -3.99 16.8 2.65
18.5 -0.675 15.9 1.94
18.6 3.48 9.94 8.99
18.7 -1.7 10.4 7.8
18.8 5.27 9.92 8.57
18.9 -0.39 9.76 8.39
19.0 -0.286 9.93 8.27
19.1 0.551 9.71 7.98
19.2 -0.374 9.4 8.15
19.3 1.55 8.01 8.41
19.4 0.978 9.45 7.76
19.5 1.01 7.97 7.72
19.6 0.147 6.21 8.35
19.7 0.868 7.48 7.94
19.8 -0.763 2.55 9.63
19.9 -0.0393 5.08 8.81
20.0 -1.3 0.846 10.5
20.1 -2.64 -4.0 12.7
20.2 -4.55 -9.99 16.4
20.3 -3.34 1.8 11.7
20.4 -3.24 -2.67 14.1
20.5 -2.37 -25.0 33.0
20.6 -2.09 -2.93 15.3
20.7 -2.35 -2.79 15.6
20.8 -4.26 -4.88 18.2
20.9 -2.15 -6.89 19.6
21.0 -1.98 -30.7 31.0
21.1 -1.65 -8.6 19.5
21.2 -0.349 -8.18 21.0
21.3 1.44 -19.1 28.5
21.4 1.5 -8.94 23.7
21.5 3.46 -9.04 28.7
21.6 9.55 -9.14 47.8
21.7 2.41 -8.5 27.7
21.8 1.89 -7.63 27.4
21.9 2.05 -5.52 26.8
22.0 2.21 -3.49 26.6
22.1 2.0 -0.159 26.4
22.2 1.74 0.721 26.2
22.3 1.45 0.559 25.8
22.4 -0.261 9.32 24.1
22.5 1.27 -0.563 26.0
22.6 -1.85 21.0 23.4
22.7 0.801 1.35 25.4
22.8 0.373 1.61 23.8
22.9 -0.0866 2.38 22.3
23.0 0.818 1.26 23.8
23.1 -2.54 9.49 15.4
23.2 1.0 1.49 22.4
23.3 0.843 1.03 21.1
23.4 -0.656 1.29 17.8
23.5 -1.93 1.28 14.9
23.6 -0.735 2.67 16.6
23.7 1.1 1.43 19.8
23.8 0.901 1.14 19.6
23.9 -3.61 -0.708 11.1
24.0 0.143 1.17 18.1
24.1 7.79 41.3 -36.7
24.2 -19.9 -13.9 41.2
24.3 1.08 -17.2 26.0
24.4 1.73 0.435 16.3
24.5 1.59 0.953 16.4
24.6 1.04 0.866 16.7
24.7 0.626 0.638 17.1
24.8 1.64 -4.7 20.3
24.9 -0.0946 0.0857 17.5
25.0 -0.304 0.144 17.7
25.1 -0.318 0.0861 17.8
25.2 -0.268 -0.0158 17.8
25.3 -0.251 -0.18 17.8
25.4 -0.266 -0.168 17.8
25.5 -0.249 -0.217 17.8
25.6 -0.171 -0.775 18.0
25.7 -0.251 -0.43 17.8
25.8 -0.263 -0.547 17.8
25.9 -0.277 -0.468 17.7
26.0 -0.28 -0.616 17.7
26.1 -0.311 -0.837 17.6
26.2 -0.321 -1.06 17.5
26.3 -0.333 -1.22 17.5
26.4 -0.336 -1.3 17.4
26.5 -0.341 -1.34 17.3
26.6 -0.347 -1.38 17.3
26.7 -0.356 -1.42 17.2
26.8 -0.366 -1.48 17.1
26.9 -0.398 -1.67 17.0
27.0 -0.439 -1.82 16.8
27.1 -0.382 -1.66 16.9
27.2 -0.436 -1.82 16.7
27.3 -0.351 -1.62 16.8
27.4 -0.422 -1.78 16.6
27.5 -0.438 -1.81 16.6
27.6 -0.437 -1.84 16.5
27.7 -0.437 -1.85 16.4
27.8 -0.44 -1.87 16.4
27.9 -0.428 -1.86 16.4
28.0 -0.905 -2.55 15.2
28.1 -0.572 -2.11 15.8
28.2 -0.404 -1.99 16.0
28.3 -0.409 -1.94 15.9
28.4 -0.369 -1.92 16.1
28.5 -0.382 -1.9 16.1
28.6 -0.407 -1.94 16.1
28.7 -0.421 -1.89 16.0
28.8 -0.422 -1.81 16.1
28.9 -0.419 -1.96 16.0
29.0 -0.435 -1.87 16.0
29.1 -0.479 -1.86 16.0
29.2 -0.46 -1.51 16.0
29.3 -0.45 -1.9 15.9
29.4 -0.445 -1.85 15.9
29.5 -0.444 -1.83 15.9
29.6 -0.43 -1.85 15.9
29.7 -0.435 -1.93 15.8
29.8 -0.442 -1.83 15.8
29.9 -0.419 -1.95 15.8
30.0 -0.425 -1.87 15.8
30.1 -0.413 -1.95 15.8
30.2 -0.445 -1.75 15.7
30.3 -0.414 -1.95 15.8
30.4 -0.406 -1.99 15.7
30.5 -0.428 -1.78 15.7
30.6 -0.4 -2.0 15.7
30.7 -0.369 -1.94 15.7
30.8 -0.571 -1.91 15.7
30.9 -0.536 -1.88 15.6
31.0 -0.439 -1.86 15.6
31.1 -0.398 -1.85 15.6
31.2 -0.355 -1.39 15.4
31.3 -0.405 -1.94 15.5
31.4 -0.402 -1.96 15.5
31.5 -0.399 -1.97 15.5
31.6 -0.399 -1.95 15.5
31.7 -0.394 -1.9 15.4
31.8 -0.422 -1.86 15.4
31.9 -0.444 -1.82 15.4
32.0 -0.429 -1.78 15.3
32.1 -0.505 -1.72 15.3
32.2 -0.521 -1.69 15.3
32.3 -0.383 -1.65 15.2
32.4 -0.355 -1.65 15.2
32.5 -0.332 -1.4 15.2
32.6 -0.35 -1.73 15.3
32.7 -0.275 -1.15 15.6
32.8 -0.336 0.0512 15.3
32.9 -0.416 -0.965 15.1
33.0 -0.39 -0.958 15.1
33.1 -0.322 -0.105 15.3
33.2 -0.368 -0.859 15.1
33.3 -0.0607 0.314 15.5
33.4 -0.495 -0.0221 15.5
33.5 -0.344 -0.13 15.4
33.6 -0.177 0.0264 16.1
33.7 -0.313 -0.349 15.3
33.8 -0.347 -0.491 15.3
33.9 -0.358 -0.165 15.2
34.0 -0.31 -0.486 15.3
34.1 -0.311 -0.238 15.2
34.2 -0.317 -0.32 15.2
34.3 -0.3 -0.218 15.2
34.4 -0.294 -0.283 15.2
34.5 -0.295 -0.228 15.1
34.6 -0.281 -0.19 15.1
34.7 -0.272 -0.255 15.1
34.8 -0.259 -0.0534 15.0
34.9 -0.293 -0.236 15.0
35.0 -0.233 -0.0569 14.9
35.1 -0.231 -0.118 15.0
35.2 -0.233 -0.223 15.0
35.3 -0.194 -0.141 14.9
35.4 -0.232 -0.199 15.0
35.5 -0.209 -0.203 14.9
35.6 -0.0166 -0.213 14.9
35.7 -0.195 -0.195 14.9
35.8 -0.191 -0.191 14.9
35.9 -0.188 -0.185 14.8
36.0 -0.184 -0.182 14.8
36.1 -0.18 -0.178 14.8
36.2 -0.176 -0.173 14.8
36.3 -0.172 -0.17 14.8
36.4 -0.142 -0.168 14.8
36.5 -0.138 -0.164 14.7
36.6 -0.132 -0.16 14.7
36.7 -0.122 -0.156 14.7
36.8 -0.11 -0.153 14.7
36.9 -0.102 -0.15 14.7
37.0 -0.0947 -0.146 14.7
37.1 -0.0872 -0.142 14.6
37.2 -0.0794 -0.138 14.6
37.3 -0.0715 -0.135 14.6
37.4 -0.0636 -0.131 14.6
37.5 -0.0555 -0.128 14.6
37.6 -0.0473 -0.124 14.6
37.7 -0.0391 -0.121 14.5
37.8 -0.0309 -0.117 14.5
37.9 -0.0241 -0.113 14.5
38.0 -0.0178 -0.109 14.5
38.1 -0.0115 -0.106 14.5
38.2 -0.00512 -0.102 14.4
38.3 0.00129 -0.0979 14.4
38.4 0.00775 -0.0941 14.4
38.5 0.0143 -0.0904 14.4
38.6 0.0207 -0.0866 14.4
38.7 0.0271 -0.0828 14.4
38.8 0.0334 -0.0789 14.3
38.9 0.0396 -0.0751 14.3
39.0 0.0457 -0.0713 14.3
39.1 0.0516 -0.0674 14.3
39.2 0.0575 -0.0635 14.3
39.3 0.0631 -0.0595 14.3
39.4 0.0687 -0.0556 14.2
39.5 0.0742 -0.0516 14.2
39.6 0.0796 -0.0476 14.2
39.7 0.085 -0.0436 14.2
39.8 0.0903 -0.0396 14.2
39.9 0.0957 -0.0356 14.2
40.0 0.101 -0.0316 14.1
40.1 0.106 -0.0276 14.1
40.2 0.112 -0.0236 14.1
40.3 0.117 -0.0195 14.1
40.4 0.122 -0.0154 14.1
40.5 0.127 -0.0114 14.1
40.6 0.132 -0.00739 14.0
40.7 0.137 -0.00333 14.0
40.8 0.142 0.000736 14.0
40.9 0.147 0.0048 14.0
41.0 0.152 0.00887 14.0
41.1 0.157 0.0131 14.0
41.2 0.162 0.017 13.9
41.3 0.167 0.0206 13.9
41.4 0.238 -0.0229 14.0
41.5 0.234 -0.0132 14.0
41.6 0.244 -0.0136 13.9
41.7 0.248 -0.00895 13.9
41.8 0.251 -0.00369 13.9
41.9 0.298 -0.032 13.9
42.0 0.282 -0.0116 13.9
42.1 0.292 -0.012 13.9
42.2 0.631 -0.269 14.0
42.3 0.362 -0.0513 13.9
42.4 0.427 -0.095 13.9
42.5 0.592 -0.217 13.9
42.6 0.509 -0.143 13.9
42.7 0.564 -0.179 13.9
42.8 0.593 -0.194 13.9
42.9 0.63 -0.217 13.9
43.0 0.723 -0.282 13.9
43.1 0.556 -0.142 13.8
43.2 0.572 -0.146 13.8
43.3 0.607 -0.166 13.8
43.4 0.62 -0.169 13.8
43.5 0.642 -0.178 13.8
43.6 0.6 -0.137 13.7
43.7 0.656 -0.174 13.7
43.8 0.622 -0.139 13.7
43.9 0.677 -0.175 13.7
44.0 0.645 -0.14 13.7
44.1 0.653 -0.138 13.7
44.2 0.817 -0.266 13.7
44.3 0.69 -0.153 13.6
44.4 0.698 -0.151 13.6
44.5 0.716 -0.158 13.6
44.6 0.715 -0.149 13.6
44.7 0.724 -0.148 13.6
44.8 0.742 -0.154 13.6
44.9 0.741 -0.146 13.5
45.0 0.749 -0.144 13.5
45.1 0.767 -0.151 13.5
45.2 0.767 -0.142 13.5
45.3 0.785 -0.149 13.5
45.4 0.785 -0.14 13.5
45.5 0.793 -0.139 13.5
45.6 0.811 -0.145 13.4
45.7 0.952 -0.206 13.4
45.8 1.85 -0.556 13.4
45.9 1.97 -0.536 13.4
46.0 2.07 -0.495 13.4
46.1 2.15 -0.441 13.4
46.2 2.2 -0.378 13.4
46.3 2.23 -0.312 13.3
46.4 2.22 -0.251 13.3
46.5 2.2 -0.214 13.3
46.6 2.39 -0.23 13.3
46.7 6.87 -2.33 13.3
46.8 8.62 -2.62 13.3
46.9 6.78 -1.71 13.3
47.0 11.8 -2.41 13.3
47.1 5.03 -1.17 13.2
47.2 4.98 -1.16 13.3
47.3 5.12 -1.18 13.2
47.4 5.1 -1.18 13.2
47.5 5.19 -1.2 13.2
47.6 5.21 -1.2 13.2
47.7 5.25 -1.2 13.2
47.8 5.3 -1.21 13.2
47.9 5.34 -1.22 13.2
48.0 5.39 -1.23 13.1
48.1 5.43 -1.24 13.1
48.2 5.48 -1.25 13.1
48.3 5.52 -1.25 13.1
48.4 5.57 -1.26 13.1
48.5 5.62 -1.27 13.1
48.6 5.66 -1.28 13.1
48.7 5.6 -1.27 13.1
48.8 5.74 -1.29 13.0
48.9 5.78 -1.3 13.0
49.0 5.83 -1.31 13.0
49.1 5.78 -1.31 13.1
49.2 5.91 -1.33 13.0
49.3 5.96 -1.34 13.0
49.4 5.93 -1.34 13.0
49.5 6.04 -1.35 13.0
49.6 6.08 -1.36 13.0
49.7 6.04 -1.37 13.0
49.8 6.16 -1.38 12.9
49.9 6.21 -1.39 12.9
