0.0 2.0 0.0 1.0
0.1 2.0 0.0 1.0
0.2 2.0 0.0 1.0
0.3 2.0 0.0 1.0
0.4 1.99 0.0 1.0
0.5 1.99 0.0 1.0
0.6 1.99 0.0 1.0
0.7 1.98 0.0 1.0
0.8 1.98 0.0 1.0
0.9 1.97 0.0 1.0
1.0 1.97 0.0 1.0
1.1 1.96 0.0 1.0
1.2 1.95 0.0 1.0
1.3 1.95 0.0 1.0
1.4 1.94 0.0 1.0
1.5 1.93 0.0 1.01
1.6 1.92 0.0 1.01
1.7 1.91 0.0 1.01
1.8 1.9 0.0 1.01
1.9 1.88 0.0 1.02
2.0 1.87 0.0 1.02
2.1 1.86 0.0 1.02
2.2 1.85 0.0 1.03
2.3 1.83 0.0 1.03
2.4 1.82 0.0 1.04
2.5 1.8 0.0 1.04
2.6 1.79 0.0 1.05
2.7 1.77 0.0 1.06
2.8 1.76 0.0 1.07
2.9 1.74 0.0 1.08
3.0 1.72 0.0 1.09
3.1 1.7 0.0 1.1
3.2 1.69 0.0 1.11
3.3 1.67 0.0 1.13
3.4 1.65 0.0 1.14
3.5 1.63 0.0 1.16
3.6 1.61 0.0 1.18
3.7 1.59 0.0 1.2
3.8 1.56 0.0 1.22
3.9 1.54 0.0 1.24
4.0 1.52 0.0 1.26
4.1 1.5 0.0 1.29
4.2 1.47 0.0 1.31
4.3 1.45 0.0 1.34
4.4 1.43 0.0 1.37
4.5 1.4 0.0 1.4
4.6 1.38 0.0 1.43
4.7 1.35 0.0 1.47
4.8 1.32 0.0 1.5
4.9 1.3 0.0 1.54
5.0 1.27 0.0 1.58
5.1 1.24 0.0 1.62
5.2 1.22 0.0 1.66
5.3 1.19 0.0 1.71
5.4 1.16 0.0 1.75
5.5 1.13 0.0 1.8
5.6 1.1 0.0 1.85
5.7 1.07 0.0 1.9
5.8 1.04 0.0 1.95
5.9 1.01 0.0 2.0
6.0 0.984 0.0 2.06
6.1 0.953 0.0 2.11
6.2 0.922 0.0 2.17
6.3 0.89 0.0 2.23
6.4 0.859 0.0 2.28
6.5 0.826 0.0 2.34
6.6 0.794 0.0 2.41
6.7 0.761 0.0 2.47
6.8 0.728 0.0 2.53
6.9 0.695 0.0 2.59
7.0 0.661 0.0 2.65
7.1 0.627 0.0 2.72
7.2 0.593 0.0 2.78
7.3 0.558 0.0 2.84
7.4 0.523 0.0 2.91
7.5 0.488 0.0 2.97
7.6 0.453 0.0 3.03
7.7 0.417 0.0 3.1
7.8 0.381 0.0 3.16
7.9 0.345 0.0 3.22
8.0 0.308 0.0 3.28
8.1 0.272 0.0 3.33
8.2 0.235 0.0 3.39
8.3 0.198 0.0 3.45
8.4 0.16 0.0 3.5
8.5 0.123 0.0 3.55
8.6 0.0849 0.0 3.6
8.7 0.0468 0.0 3.65
8.8 0.00861 0.0 3.69
8.9 -0.0298 0.0 3.73
9.0 -0.0684 0.0 3.77
9.1 -0.107 0.0 3.81
9.2 -0.146 0.0 3.84
9.3 -0.185 0.0 3.88
9.4 -0.225 0.0 3.9
9.5 -0.264 0.0 3.93
9.6 -0.304 0.0 3.95
9.7 -0.344 0.0 3.97
9.8 -0.384 0.0 3.98
9.9 -0.424 0.0 3.99
10.0 -0.464 0.0 4.0
10.1 -0.504 0.0 4.0
10.2 -0.545 0.0 4.0
10.3 -0.586 0.0 3.99
10.4 -0.626 0.0 3.99
10.5 -0.667 0.0 3.97
10.6 -0.708 0.0 3.96
10.7 -0.749 0.0 3.94
10.8 -0.79 0.0 3.91
10.9 -0.832 0.0 3.88
11.0 -0.873 0.0 3.85
11.1 -0.914 0.0 3.82
11.2 -0.956 0.0 3.78
11.3 -0.998 0.0 3.73
11.4 -1.04 0.0 3.69
11.5 -1.08 0.0 3.64
11.6 -1.12 0.0 3.59
11.7 -1.16 0.0 3.53
11.8 -1.21 0.0 3.47
11.9 -1.25 0.0 3.41
12.0 -1.29 0.0 3.35
12.1 -1.33 0.0 3.28
12.2 -1.37 0.0 3.21
12.3 -1.42 0.0 3.14
12.4 -1.46 0.0 3.07
12.5 -1.5 0.0 3.0
12.6 -1.54 0.0 2.92
12.7 -1.58 0.0 2.85
12.8 -1.63 0.0 2.77
12.9 -1.67 0.0 2.69
13.0 -1.71 0.0 2.61
13.1 -1.75 0.0 2.53
13.2 -1.79 0.0 2.46
13.3 -1.84 0.0 2.38
13.4 -1.88 0.0 2.3
13.5 -1.92 0.0 2.22
13.6 -1.96 0.0 2.15
13.7 -2.0 0.0 2.07
13.8 -2.04 0.0 2.0
13.9 -2.09 0.0 1.92
14.0 -2.13 0.0 1.85
14.1 -2.17 0.0 1.78
14.2 -2.21 0.0 1.72
14.3 -2.25 0.0 1.65
14.4 -2.29 0.0 1.59
14.5 -2.33 0.0 1.53
14.6 -2.37 0.0 1.47
14.7 -2.41 0.0 1.42
14.8 -2.46 0.0 1.37
14.9 -2.5 0.0 1.32
15.0 -2.54 0.0 1.27
15.1 -2.58 0.0 1.23
15.2 -2.62 0.0 1.19
15.3 -2.66 0.0 1.16
15.4 -2.7 0.0 1.13
15.5 -2.74 0.0 1.1
15.6 -2.78 0.0 1.07
15.7 -2.81 0.0 1.05
15.8 -2.85 0.0 1.03
15.9 -2.89 0.0 1.02
16.0 -2.93 0.0 1.01
16.1 -2.97 0.0 1.0
16.2 -3.01 0.0 1.0
16.3 -3.05 0.0 1.0
16.4 -3.08 0.0 1.0
16.5 -3.12 0.0 1.01
16.6 -3.16 0.0 1.02
16.7 -3.2 0.0 1.03
16.8 -3.23 0.0 1.05
16.9 -3.27 0.0 1.07
17.0 -3.31 0.0 1.09
17.1 -3.34 0.0 1.12
17.2 -3.38 0.0 1.14
17.3 -3.42 0.0 1.18
17.4 -3.45 0.0 1.21
17.5 -3.49 0.0 1.24
17.6 -3.52 0.0 1.28
17.7 -3.56 0.0 1.32
17.8 -3.59 0.0 1.36
17.9 -3.63 0.0 1.4
18.0 -3.66 0.0 1.45
18.1 -3.69 0.0 1.49
18.2 -3.73 0.0 1.54
18.3 -3.76 0.0 1.59
18.4 -3.79 0.0 1.64
18.5 -3.83 0.0 1.69
18.6 -3.86 0.0 1.74
18.7 -3.89 0.0 1.79
18.8 -3.92 0.0 1.85
18.9 -3.95 0.0 1.9
19.0 -3.98 0.0 1.95
19.1 -4.01 0.0 2.01
19.2 -4.04 0.0 2.06
19.3 -4.07 0.0 2.11
19.4 -4.1 0.0 2.17
19.5 -4.13 0.0 2.22
19.6 -4.16 0.0 2.27
19.7 -4.19 0.0 2.32
19.8 -4.22 0.0 2.38
19.9 -4.24 0.0 2.43
20.0 -4.27 0.0 2.48
20.1 -4.3 0.0 2.53
20.2 -4.32 0.0 2.58
20.3 -4.35 0.0 2.63
20.4 -4.38 0.0 2.67
20.5 -4.4 0.0 2.72
20.6 -4.43 0.0 2.77
20.7 -4.45 0.0 2.81
20.8 -4.47 0.0 2.85
20.9 -4.5 0.0 2.9
21.0 -4.52 0.0 2.94
21.1 -4.54 0.0 2.98
21.2 -4.56 0.0 3.02
21.3 -4.59 0.0 3.05
21.4 -4.61 0.0 3.09
21.5 -4.63 0.0 3.12
21.6 -4.65 0.0 3.16
21.7 -4.67 0.0 3.19
21.8 -4.69 0.0 3.22
21.9 -4.7 0.0 3.25
22.0 -4.72 0.0 3.28
22.1 -4.74 0.0 3.31
22.2 -4.76 0.0 3.34
22.3 -4.77 0.0 3.36
22.4 -4.79 0.0 3.39
22.5 -4.8 0.0 3.41
22.6 -4.82 0.0 3.43
22.7 -4.83 0.0 3.45
22.8 -4.85 0.0 3.47
22.9 -4.86 0.0 3.49
23.0 -4.87 0.0 3.51
23.1 -4.88 0.0 3.52
23.2 -4.9 0.0 3.54
23.3 -4.91 0.0 3.56
23.4 -4.92 0.0 3.57
23.5 -4.93 0.0 3.58
23.6 -4.94 0.0 3.59
23.7 -4.95 0.0 3.6
23.8 -4.95 0.0 3.61
23.9 -4.96 0.0 3.62
24.0 -4.97 0.0 3.63
24.1 -4.97 0.0 3.64
24.2 -4.98 0.0 3.65
24.3 -4.98 0.0 3.65
24.4 -4.99 0.0 3.66
24.5 -4.99 0.0 3.66
24.6 -4.99 0.0 3.67
24.7 -5.0 0.0 3.67
24.8 -5.0 0.0 3.67
24.9 -5.0 0.0 3.67
25.0 -5.0 0.0 3.67
25.1 -5.0 0.0 3.67
25.2 -5.0 0.0 3.67
25.3 -5.0 0.0 3.67
25.4 -4.99 0.0 3.67
25.5 -4.99 0.0 3.66
25.6 -4.99 0.0 3.66
25.7 -4.98 0.0 3.65
25.8 -4.98 0.0 3.65
25.9 -4.97 0.0 3.64
26.0 -4.97 0.0 3.63
26.1 -4.96 0.0 3.62
26.2 -4.95 0.0 3.61
26.3 -4.95 0.0 3.6
26.4 -4.94 0.0 3.59
26.5 -4.93 0.0 3.58
26.6 -4.92 0.0 3.57
26.7 -4.91 0.0 3.56
26.8 -4.9 0.0 3.54
26.9 -4.88 0.0 3.52
27.0 -4.87 0.0 3.51
27.1 -4.86 0.0 3.49
27.2 -4.85 0.0 3.47
27.3 -4.83 0.0 3.45
27.4 -4.82 0.0 3.43
27.5 -4.8 0.0 3.41
27.6 -4.79 0.0 3.39
27.7 -4.77 0.0 3.36
27.8 -4.76 0.0 3.34
27.9 -4.74 0.0 3.31
28.0 -4.72 0.0 3.28
28.1 -4.7 0.0 3.25
28.2 -4.69 0.0 3.22
28.3 -4.67 0.0 3.19
28.4 -4.65 0.0 3.16
28.5 -4.63 0.0 3.12
28.6 -4.61 0.0 3.09
28.7 -4.59 0.0 3.05
28.8 -4.56 0.0 3.02
28.9 -4.54 0.0 2.98
29.0 -4.52 0.0 2.94
29.1 -4.5 0.0 2.9
29.2 -4.47 0.0 2.85
29.3 -4.45 0.0 2.81
29.4 -4.43 0.0 2.77
29.5 -4.4 0.0 2.72
29.6 -4.38 0.0 2.67
29.7 -4.35 0.0 2.63
29.8 -4.32 0.0 2.58
29.9 -4.3 0.0 2.53
30.0 -4.27 0.0 2.48
30.1 -4.24 0.0 2.43
30.2 -4.22 0.0 2.38
30.3 -4.19 0.0 2.32
30.4 -4.16 0.0 2.27
30.5 -4.13 0.0 2.22
30.6 -4.1 0.0 2.17
30.7 -4.07 0.0 2.11
30.8 -4.04 0.0 2.06
30.9 -4.01 0.0 2.01
31.0 -3.98 0.0 1.95
31.1 -3.95 0.0 1.9
31.2 -3.92 0.0 1.85
31.3 -3.89 0.0 1.79
31.4 -3.86 0.0 1.74
31.5 -3.83 0.0 1.69
31.6 -3.79 0.0 1.64
31.7 -3.76 0.0 1.59
31.8 -3.73 0.0 1.54
31.9 -3.69 0.0 1.49
32.0 -3.66 0.0 1.45
32.1 -3.63 0.0 1.4
32.2 -3.59 0.0 1.36
32.3 -3.56 0.0 1.32
32.4 -3.52 0.0 1.28
32.5 -3.49 0.0 1.24
32.6 -3.45 0.0 1.21
32.7 -3.42 0.0 1.18
32.8 -3.38 0.0 1.14
32.9 -3.34 0.0 1.12
33.0 -3.31 0.0 1.09
33.1 -3.27 0.0 1.07
33.2 -3.23 0.0 1.05
33.3 -3.2 0.0 1.03
33.4 -3.16 0.0 1.02
33.5 -3.12 0.0 1.01
33.6 -3.08 0.0 1.0
33.7 -3.05 0.0 1.0
33.8 -3.01 0.0 1.0
33.9 -2.97 0.0 1.0
34.0 -2.93 0.0 1.01
34.1 -2.89 0.0 1.02
34.2 -2.85 0.0 1.03
34.3 -2.81 0.0 1.05
34.4 -2.78 0.0 1.07
34.5 -2.74 0.0 1.1
34.6 -2.7 0.0 1.13
34.7 -2.66 0.0 1.16
34.8 -2.62 0.0 1.19
34.9 -2.58 0.0 1.23
35.0 -2.54 0.0 1.27
35.1 -2.5 0.0 1.32
35.2 -2.46 0.0 1.37
35.3 -2.41 0.0 1.42
35.4 -2.37 0.0 1.47
35.5 -2.33 0.0 1.53
35.6 -2.29 0.0 1.59
35.7 -2.25 0.0 1.65
35.8 -2.21 0.0 1.72
35.9 -2.17 0.0 1.78
36.0 -2.13 0.0 1.85
36.1 -2.09 0.0 1.92
36.2 -2.04 0.0 2.0
36.3 -2.0 0.0 2.07
36.4 -1.96 0.0 2.15
36.5 -1.92 0.0 2.22
36.6 -1.88 0.0 2.3
36.7 -1.84 0.0 2.38
36.8 -1.79 0.0 2.46
36.9 -1.75 0.0 2.53
37.0 -1.71 0.0 2.61
37.1 -1.67 0.0 2.69
37.2 -1.63 0.0 2.77
37.3 -1.58 0.0 2.85
37.4 -1.54 0.0 2.92
37.5 -1.5 0.0 3.0
37.6 -1.46 0.0 3.07
37.7 -1.42 0.0 3.14
37.8 -1.37 0.0 3.21
37.9 -1.33 0.0 3.28
38.0 -1.29 0.0 3.35
38.1 -1.25 0.0 3.41
38.2 -1.21 0.0 3.47
38.3 -1.16 0.0 3.53
38.4 -1.12 0.0 3.59
38.5 -1.08 0.0 3.64
38.6 -1.04 0.0 3.69
38.7 -0.998 0.0 3.73
38.8 -0.956 0.0 3.78
38.9 -0.914 0.0 3.82
39.0 -0.873 0.0 3.85
39.1 -0.832 0.0 3.88
39.2 -0.79 0.0 3.91
39.3 -0.749 0.0 3.94
39.4 -0.708 0.0 3.96
39.5 -0.667 0.0 3.97
39.6 -0.626 0.0 3.99
39.7 -0.586 0.0 3.99
39.8 -0.545 0.0 4.0
39.9 -0.504 0.0 4.0
40.0 -0.464 0.0 4.0
40.1 -0.424 0.0 3.99
40.2 -0.384 0.0 3.98
40.3 -0.344 0.0 3.97
40.4 -0.304 0.0 3.95
40.5 -0.264 0.0 3.93
40.6 -0.225 0.0 3.9
40.7 -0.185 0.0 3.88
40.8 -0.146 0.0 3.84
40.9 -0.107 0.0 3.81
41.0 -0.0684 0.0 3.77
41.1 -0.0298 0.0 3.73
41.2 0.00861 0.0 3.69
41.3 0.0468 0.0 3.65
41.4 0.0849 0.0 3.6
41.5 0.123 0.0 3.55
41.6 0.16 0.0 3.5
41.7 0.198 0.0 3.45
41.8 0.235 0.0 3.39
41.9 0.272 0.0 3.33
42.0 0.308 0.0 3.28
42.1 0.345 0.0 3.22
42.2 0.381 0.0 3.16
42.3 0.417 0.0 3.1
42.4 0.453 0.0 3.03
42.5 0.488 0.0 2.97
42.6 0.523 0.0 2.91
42.7 0.558 0.0 2.84
42.8 0.593 0.0 2.78
42.9 0.627 0.0 2.72
43.0 0.661 0.0 2.65
43.1 0.695 0.0 2.59
43.2 0.728 0.0 2.53
43.3 0.761 0.0 2.47
43.4 0.794 0.0 2.41
43.5 0.826 0.0 2.34
43.6 0.859 0.0 2.28
43.7 0.89 0.0 2.23
43.8 0.922 0.0 2.17
43.9 0.953 0.0 2.11
44.0 0.984 0.0 2.06
44.1 1.01 0.0 2.0
44.2 1.04 0.0 1.95
44.3 1.07 0.0 1.9
44.4 1.1 0.0 1.85
44.5 1.13 0.0 1.8
44.6 1.16 0.0 1.75
44.7 1.19 0.0 1.71
44.8 1.22 0.0 1.66
44.9 1.24 0.0 1.62
45.0 1.27 0.0 1.58
45.1 1.3 0.0 1.54
45.2 1.32 0.0 1.5
45.3 1.35 0.0 1.47
45.4 1.38 0.0 1.43
45.5 1.4 0.0 1.4
45.6 1.43 0.0 1.37
45.7 1.45 0.0 1.34
45.8 1.47 0.0 1.31
45.9 1.5 0.0 1.29
46.0 1.52 0.0 1.26
46.1 1.54 0.0 1.24
46.2 1.56 0.0 1.22
46.3 1.59 0.0 1.2
46.4 1.61 0.0 1.18
46.5 1.63 0.0 1.16
46.6 1.65 0.0 1.14
46.7 1.67 0.0 1.13
46.8 1.69 0.0 1.11
46.9 1.7 0.0 1.1
47.0 1.72 0.0 1.09
47.1 1.74 0.0 1.08
47.2 1.76 0.0 1.07
47.3 1.77 0.0 1.06
47.4 1.79 0.0 1.05
47.5 1.8 0.0 1.04
47.6 1.82 0.0 1.04
47.7 1.83 0.0 1.03
47.8 1.85 0.0 1.03
47.9 1.86 0.0 1.02
48.0 1.87 0.0 1.02
48.1 1.88 0.0 1.02
48.2 1.9 0.0 1.01
48.3 1.91 0.0 1.01
48.4 1.92 0.0 1.01
48.5 1.93 0.0 1.01
48.6 1.94 0.0 1.0
48.7 1.95 0.0 1.0
48.8 1.95 0.0 1.0
48.9 1.96 0.0 1.0
49.0 1.97 0.0 1.0
49.1 1.97 0.0 1.0
49.2 1.98 0.0 1.0
49.3 1.98 0.0 1.0
49.4 1.99 0.0 1.0
49.5 1.99 0.0 1.0
49.6 1.99 0.0 1.0
49.7 2.0 0.0 1.0
49.8 2.0 0.0 1.0
49.9 2.0 0.0 1.0
