0.0 2.5 -2.26e-18 1.0
0.1 2.5 -3.42e-17 1.0
0.2 2.5 -1.74e-16 1.0
0.3 2.5 -5.91e-16 1.0
0.4 2.5 -1.54e-15 1.0
0.5 2.5 -3.32e-15 1.0
0.6 2.5 -6.23e-15 1.0
0.7 2.5 -1.06e-14 1.0
0.8 2.5 -1.68e-14 1.0
0.9 2.5 -2.51e-14 1.0
1.0 2.5 -3.58e-14 1.0
1.1 2.5 -4.92e-14 1.01
1.2 2.5 -6.56e-14 1.01
1.3 2.5 -8.53e-14 1.01
1.4 2.5 -1.09e-13 1.01
1.5 2.5 -1.35e-13 1.01
1.6 2.5 -1.66e-13 1.01
1.7 2.5 -2.01e-13 1.01
1.8 2.5 -2.4e-13 1.01
1.9 2.5 -2.83e-13 1.01
2.0 2.5 -3.3e-13 1.01
2.1 2.5 -3.82e-13 1.01
2.2 2.5 -4.37e-13 1.02
2.3 2.5 -1.64e-12 1.02
2.4 2.5 -4.04e-12 1.02
2.5 2.5 -6.59e-12 1.02
2.6 2.5 -9.28e-12 1.02
2.7 2.5 -1.21e-11 1.02
2.8 2.5 -1.5e-11 1.02
2.9 2.5 -1.81e-11 1.02
3.0 2.5 -2.13e-11 1.02
3.1 2.5 -2.46e-11 1.02
3.2 2.5 -2.8e-11 1.03
3.3 2.5 -3.38e-11 1.03
3.4 2.5 -4.2e-11 1.03
3.5 2.5 -5.07e-11 1.03
3.6 2.5 -5.97e-11 1.03
3.7 2.5 -6.9e-11 1.03
3.8 2.5 -7.87e-11 1.03
3.9 2.5 -8.87e-11 1.03
4.0 2.5 -9.9e-11 1.03
4.1 2.5 -1.14e-10 1.03
4.2 2.5 -1.34e-10 1.04
4.3 2.5 -1.55e-10 1.04
4.4 2.5 -1.77e-10 1.04
4.5 2.5 -2e-10 1.04
4.6 2.5 -2.23e-10 1.04
4.7 2.5 -2.47e-10 1.04
4.8 2.5 -2.72e-10 1.04
4.9 2.5 -2.97e-10 1.04
5.0 2.5 -3.23e-10 1.04
5.1 2.5 -3.5e-10 1.04
5.2 2.5 -3.77e-10 1.05
5.3 2.5 -4.05e-10 1.05
5.4 2.5 -4.33e-10 1.05
5.5 2.5 -4.62e-10 1.05
5.6 2.5 -5.32e-10 1.05
5.7 2.5 -6.45e-10 1.05
5.8 2.5 -7.64e-10 1.05
5.9 2.5 -8.88e-10 1.05
6.0 2.5 -1.02e-09 1.05
6.1 2.5 -1.15e-09 1.06
6.2 2.5 -1.29e-09 1.06
6.3 2.49 -1.43e-09 1.06
6.4 2.49 -1.58e-09 1.06
6.5 2.49 -1.73e-09 1.06
6.6 2.49 -1.89e-09 1.06
6.7 2.49 -2.05e-09 1.06
6.8 2.49 -2.21e-09 1.06
6.9 2.49 -2.38e-09 1.07
7.0 2.48 -2.55e-09 1.07
7.1 2.48 -2.72e-09 1.07
7.2 2.47 -2.89e-09 1.08
7.3 2.46 -3.07e-09 1.08
7.4 2.45 -3.25e-09 1.09
7.5 2.43 -3.43e-09 1.09
7.6 2.42 -3.62e-09 1.1
7.7 2.4 -3.81e-09 1.11
7.8 2.38 -4e-09 1.12
7.9 2.36 -4.19e-09 1.13
8.0 2.34 -4.39e-09 1.14
8.1 2.32 -4.58e-09 1.15
8.2 2.29 -4.78e-09 1.16
8.3 2.26 -4.98e-09 1.17
8.4 2.24 -5.19e-09 1.19
8.5 2.21 -5.39e-09 1.2
8.6 2.17 -5.6e-09 1.22
8.7 2.14 -5.81e-09 1.23
8.8 2.1 -6.01e-09 1.25
8.9 2.07 -6.22e-09 1.27
9.0 2.03 -6.44e-09 1.28
9.1 1.99 -6.65e-09 1.3
9.2 1.95 -6.86e-09 1.32
9.3 1.9 -7.08e-09 1.34
9.4 1.86 -7.3e-09 1.36
9.5 1.81 -7.51e-09 1.38
9.6 1.76 -7.73e-09 1.41
9.7 1.71 -7.95e-09 1.43
9.8 1.66 -8.18e-09 1.45
9.9 1.61 -8.4e-09 1.48
10.0 1.55 -8.62e-09 1.5
10.1 1.5 -8.85e-09 1.53
10.2 1.44 -9.08e-09 1.55
10.3 1.38 -9.31e-09 1.58
10.4 1.32 -9.54e-09 1.61
10.5 1.25 -9.77e-09 1.64
10.6 1.19 -1e-08 1.67
10.7 1.12 -1.02e-08 1.7
10.8 1.06 -1.05e-08 1.73
10.9 0.993 -1.07e-08 1.76
11.0 0.928 -1.1e-08 1.79
11.1 0.863 -1.13e-08 1.82
11.2 0.799 -1.15e-08 1.84
11.3 0.737 -1.18e-08 1.87
11.4 0.675 -1.21e-08 1.9
11.5 0.614 -1.24e-08 1.93
11.6 0.554 -1.27e-08 1.96
11.7 0.494 -1.29e-08 1.99
11.8 0.436 -1.32e-08 2.02
11.9 0.38 -1.35e-08 2.05
12.0 0.325 -1.38e-08 2.07
12.1 0.269 2e-08 2.1
12.2 0.215 1.93e-07 2.11
12.3 0.164 7.19e-07 2.12
12.4 0.118 1.75e-06 2.13
12.5 0.0764 3.37e-06 2.13
12.6 0.0395 5.8e-06 2.13
12.7 0.00598 9.08e-06 2.12
12.8 -0.0266 1.3e-05 2.12
12.9 -0.0582 1.76e-05 2.12
13.0 -0.089 2.27e-05 2.11
13.1 -0.119 2.82e-05 2.1
13.2 -0.148 3.42e-05 2.1
13.3 -0.177 4.04e-05 2.09
13.4 -0.205 4.69e-05 2.08
13.5 -0.233 5.36e-05 2.07
13.6 -0.26 6.05e-05 2.06
13.7 -0.287 6.74e-05 2.05
13.8 -0.313 7.44e-05 2.04
13.9 -0.339 8.13e-05 2.03
14.0 -0.364 8.82e-05 2.02
14.1 -0.389 9.5e-05 2.01
14.2 -0.414 0.000102 1.99
14.3 -0.439 0.000108 1.98
14.4 -0.463 0.000115 1.96
14.5 -0.487 0.000122 1.94
14.6 -0.511 0.000129 1.92
14.7 -0.535 0.000135 1.9
14.8 -0.558 0.000141 1.88
14.9 -0.582 0.000147 1.86
15.0 -0.605 0.000153 1.83
15.1 -0.628 0.000189 1.81
15.2 -0.651 0.000256 1.79
15.3 -0.674 0.000296 1.77
15.4 -0.701 0.000713 1.76
15.5 -0.732 0.00168 1.74
15.6 -0.768 0.00301 1.71
15.7 -0.807 0.00722 1.69
15.8 -0.847 0.0148 1.66
15.9 -0.887 0.0243 1.64
16.0 -0.927 0.0362 1.61
16.1 -0.966 0.0518 1.59
16.2 -1.0 0.073 1.56
16.3 -1.04 0.1 1.53
16.4 -1.08 0.135 1.51
16.5 -1.12 0.179 1.48
16.6 -1.16 0.227 1.45
16.7 -1.19 0.277 1.42
16.8 -1.22 0.329 1.39
16.9 -1.24 0.383 1.37
17.0 -1.25 0.438 1.36
17.1 -1.26 0.496 1.35
17.2 -1.27 0.555 1.35
17.3 -1.28 0.615 1.35
17.4 -1.29 0.677 1.35
17.5 -1.31 0.741 1.36
17.6 -1.36 0.806 1.36
17.7 -1.42 0.872 1.36
17.8 -1.49 0.938 1.36
17.9 -1.55 1.0 1.36
18.0 -1.62 1.07 1.36
18.1 -1.68 1.13 1.36
18.2 -1.73 1.18 1.36
18.3 -1.76 1.22 1.37
18.4 -1.79 1.24 1.37
18.5 -1.81 1.26 1.38
18.6 -1.82 1.28 1.39
18.7 -1.84 1.29 1.4
18.8 -1.85 1.3 1.41
18.9 -1.86 1.31 1.42
19.0 -1.87 1.31 1.43
19.1 -1.88 1.31 1.45
19.2 -1.89 1.3 1.46
19.3 -1.9 1.29 1.47
19.4 -1.91 1.28 1.49
19.5 -1.92 1.26 1.5
19.6 -1.93 1.23 1.52
19.7 -1.93 1.21 1.53
19.8 -1.94 1.18 1.55
19.9 -1.95 1.14 1.56
20.0 -1.95 1.1 1.58
20.1 -1.96 1.06 1.6
20.2 -1.96 1.02 1.62
20.3 -1.96 0.98 1.64
20.4 -1.95 0.936 1.66
20.5 -1.95 0.891 1.68
20.6 -1.95 0.845 1.7
20.7 -1.94 0.8 1.73
20.8 -1.94 0.756 1.75
20.9 -1.94 0.712 1.77
21.0 -1.93 0.666 1.8
21.1 -1.93 0.624 1.82
21.2 -1.93 0.583 1.85
21.3 -1.93 0.546 1.87
21.4 -1.93 0.513 1.9
21.5 -1.94 0.486 1.92
21.6 -1.94 0.465 1.94
21.7 -1.94 0.452 1.96
21.8 -1.95 0.445 1.98
21.9 -1.95 0.443 2.0
22.0 -1.95 0.447 2.01
22.1 -1.95 0.455 2.03
22.2 -1.95 0.465 2.05
22.3 -1.95 0.478 2.06
22.4 -1.94 0.492 2.08
22.5 -1.94 0.508 2.1
22.6 -1.94 0.525 2.11
22.7 -1.93 0.542 2.13
22.8 -1.93 0.559 2.14
22.9 -1.93 0.574 2.16
23.0 -1.92 0.589 2.18
23.1 -1.92 0.601 2.19
23.2 -1.91 0.613 2.21
23.3 -1.91 0.623 2.23
23.4 -1.9 0.632 2.25
23.5 -1.9 0.639 2.26
23.6 -1.89 0.645 2.28
23.7 -1.89 0.65 2.29
23.8 -1.89 0.653 2.31
23.9 -1.88 0.654 2.32
24.0 -1.88 0.638 2.34
24.1 -1.88 0.619 2.35
24.2 -1.88 0.619 2.36
24.3 -1.88 0.625 2.37
24.4 -1.88 0.631 2.37
24.5 -1.88 0.636 2.37
24.6 -1.88 0.641 2.37
24.7 -1.88 0.645 2.38
24.8 -1.89 0.648 2.38
24.9 -1.89 0.651 2.38
25.0 -1.89 0.653 2.37
25.1 -1.89 0.656 2.37
25.2 -1.89 0.657 2.37
25.3 -1.89 0.659 2.37
25.4 -1.9 0.66 2.37
25.5 -1.9 0.662 2.36
25.6 -1.9 0.662 2.36
25.7 -1.9 0.662 2.36
25.8 -1.91 0.662 2.35
25.9 -1.91 0.66 2.35
26.0 -1.91 0.659 2.35
26.1 -1.91 0.657 2.34
26.2 -1.92 0.655 2.34
26.3 -1.92 0.652 2.33
26.4 -1.92 0.65 2.33
26.5 -1.93 0.646 2.32
26.6 -1.93 0.643 2.32
26.7 -1.93 0.639 2.31
26.8 -1.94 0.635 2.31
26.9 -1.94 0.63 2.3
27.0 -1.94 0.626 2.29
27.1 -1.95 0.622 2.29
27.2 -1.95 0.617 2.28
27.3 -1.95 0.613 2.27
27.4 -1.96 0.608 2.26
27.5 -1.96 0.603 2.26
27.6 -1.97 0.599 2.25
27.7 -1.97 0.593 2.24
27.8 -1.98 0.588 2.23
27.9 -1.98 0.581 2.22
28.0 -1.99 0.574 2.21
28.1 -1.99 0.567 2.2
28.2 -2.0 0.56 2.19
28.3 -2.0 0.553 2.18
28.4 -2.01 0.547 2.17
28.5 -2.01 0.541 2.15
28.6 -2.02 0.535 2.14
28.7 -2.02 0.531 2.13
28.8 -2.03 0.528 2.12
28.9 -2.04 0.527 2.1
29.0 -2.04 0.527 2.09
29.1 -2.05 0.531 2.07
29.2 -2.05 0.539 2.06
29.3 -2.06 0.548 2.04
29.4 -2.07 0.559 2.02
29.5 -2.07 0.571 2.0
29.6 -2.08 0.585 1.99
29.7 -2.08 0.599 1.97
29.8 -2.09 0.613 1.95
29.9 -2.09 0.629 1.93
30.0 -2.09 0.644 1.91
30.1 -2.1 0.66 1.89
30.2 -2.1 0.677 1.87
30.3 -2.1 0.694 1.85
30.4 -2.11 0.712 1.83
30.5 -2.11 0.73 1.81
30.6 -2.11 0.748 1.78
30.7 -2.11 0.767 1.76
30.8 -2.11 0.786 1.74
30.9 -2.11 0.805 1.72
31.0 -2.11 0.824 1.7
31.1 -2.11 0.844 1.67
31.2 -2.11 0.864 1.65
31.3 -2.11 0.884 1.63
31.4 -2.1 0.904 1.6
31.5 -2.1 0.925 1.58
31.6 -2.1 0.946 1.56
31.7 -2.09 0.967 1.53
31.8 -2.09 0.988 1.51
31.9 -2.08 1.01 1.48
32.0 -2.08 1.03 1.46
32.1 -2.07 1.05 1.43
32.2 -2.06 1.07 1.41
32.3 -2.06 1.09 1.38
32.4 -2.05 1.12 1.36
32.5 -2.04 1.14 1.33
32.6 -2.03 1.16 1.3
32.7 -2.02 1.18 1.27
32.8 -2.01 1.2 1.24
32.9 -2.0 1.22 1.2
33.0 -1.99 1.23 1.17
33.1 -1.98 1.25 1.14
33.2 -1.97 1.26 1.1
33.3 -1.96 1.28 1.07
33.4 -1.95 1.29 1.03
33.5 -1.94 1.3 0.996
33.6 -1.94 1.31 0.959
33.7 -1.93 1.32 0.923
33.8 -1.93 1.33 0.886
33.9 -1.92 1.34 0.849
34.0 -1.92 1.35 0.811
34.1 -1.91 1.35 0.773
34.2 -1.9 1.36 0.735
34.3 -1.9 1.37 0.697
34.4 -1.89 1.37 0.659
34.5 -1.89 1.38 0.622
34.6 -1.88 1.38 0.585
34.7 -1.87 1.39 0.549
34.8 -1.87 1.39 0.513
34.9 -1.86 1.4 0.479
35.0 -1.85 1.4 0.447
35.1 -1.84 1.4 0.418
35.2 -1.84 1.41 0.392
35.3 -1.83 1.41 0.369
35.4 -1.82 1.41 0.351
35.5 -1.81 1.41 0.339
35.6 -1.81 1.42 0.331
35.7 -1.8 1.42 0.329
35.8 -1.79 1.42 0.332
35.9 -1.78 1.42 0.338
36.0 -1.77 1.42 0.348
36.1 -1.77 1.43 0.36
36.2 -1.76 1.43 0.374
36.3 -1.75 1.43 0.387
36.4 -1.74 1.43 0.401
36.5 -1.73 1.43 0.413
36.6 -1.72 1.43 0.424
36.7 -1.71 1.43 0.433
36.8 -1.71 1.43 0.441
36.9 -1.7 1.43 0.446
37.0 -1.69 1.43 0.45
37.1 -1.68 1.43 0.452
37.2 -1.67 1.44 0.452
37.3 -1.66 1.44 0.45
37.4 -1.65 1.44 0.447
37.5 -1.64 1.44 0.443
37.6 -1.63 1.44 0.438
37.7 -1.62 1.43 0.432
37.8 -1.61 1.43 0.426
37.9 -1.6 1.43 0.42
38.0 -1.59 1.43 0.415
38.1 -1.58 1.43 0.41
38.2 -1.57 1.43 0.405
38.3 -1.56 1.42 0.402
38.4 -1.55 1.42 0.4
38.5 -1.53 1.41 0.399
38.6 -1.52 1.41 0.399
38.7 -1.51 1.4 0.4
38.8 -1.49 1.4 0.402
38.9 -1.48 1.39 0.404
39.0 -1.46 1.38 0.407
39.1 -1.45 1.37 0.411
39.2 -1.43 1.36 0.415
39.3 -1.42 1.35 0.419
39.4 -1.4 1.34 0.423
39.5 -1.38 1.33 0.427
39.6 -1.36 1.32 0.431
39.7 -1.35 1.3 0.435
39.8 -1.33 1.29 0.438
39.9 -1.31 1.27 0.441
40.0 -1.29 1.26 0.444
40.1 -1.26 1.24 0.446
40.2 -1.24 1.23 0.448
40.3 -1.22 1.21 0.45
40.4 -1.2 1.19 0.452
40.5 -1.17 1.17 0.453
40.6 -1.15 1.15 0.455
40.7 -1.12 1.13 0.456
40.8 -1.1 1.11 0.457
40.9 -1.07 1.09 0.458
41.0 -1.04 1.07 0.459
41.1 -1.01 1.05 0.461
41.2 -0.983 1.02 0.462
41.3 -0.953 1.0 0.464
41.4 -0.922 0.976 0.468
41.5 -0.89 0.951 0.471
41.6 -0.858 0.927 0.474
41.7 -0.827 0.902 0.476
41.8 -0.795 0.877 0.478
41.9 -0.763 0.852 0.48
42.0 -0.731 0.827 0.482
42.1 -0.699 0.802 0.483
42.2 -0.668 0.778 0.484
42.3 -0.636 0.754 0.484
42.4 -0.606 0.73 0.485
42.5 -0.575 0.707 0.485
42.6 -0.545 0.684 0.484
42.7 -0.515 0.661 0.484
42.8 -0.486 0.638 0.483
42.9 -0.457 0.616 0.483
43.0 -0.428 0.594 0.482
43.1 -0.399 0.572 0.481
43.2 -0.371 0.551 0.48
43.3 -0.342 0.529 0.479
43.4 -0.314 0.507 0.478
43.5 -0.285 0.486 0.477
43.6 -0.257 0.464 0.476
43.7 -0.228 0.443 0.475
43.8 -0.2 0.422 0.474
43.9 -0.171 0.4 0.473
44.0 -0.143 0.379 0.473
44.1 -0.115 0.357 0.472
44.2 -0.0864 0.336 0.472
44.3 -0.0581 0.315 0.471
44.4 -0.0298 0.294 0.471
44.5 -0.00139 0.272 0.471
44.6 0.0271 0.251 0.471
44.7 0.0556 0.229 0.471
44.8 0.0843 0.208 0.471
44.9 0.113 0.186 0.472
45.0 0.142 0.165 0.472
45.1 0.171 0.143 0.472
45.2 0.2 0.121 0.472
45.3 0.229 0.0994 0.473
45.4 0.258 0.0774 0.473
45.5 0.287 0.0554 0.474
45.6 0.317 0.0333 0.474
45.7 0.346 0.0113 0.474
45.8 0.374 -0.0107 0.475
45.9 0.402 -0.0325 0.475
46.0 0.43 -0.0543 0.475
46.1 0.457 -0.0761 0.475
46.2 0.484 -0.0979 0.475
46.3 0.511 -0.12 0.476
46.4 0.537 -0.142 0.476
46.5 0.562 -0.164 0.476
46.6 0.586 -0.185 0.476
46.7 0.607 -0.206 0.476
46.8 0.626 -0.226 0.476
46.9 0.64 -0.245 0.476
47.0 0.652 -0.263 0.476
47.1 0.664 -0.281 0.476
47.2 0.675 -0.299 0.476
47.3 0.685 -0.317 0.475
47.4 0.695 -0.335 0.475
47.5 0.705 -0.352 0.475
47.6 0.714 -0.37 0.475
47.7 0.723 -0.387 0.475
47.8 0.731 -0.405 0.475
47.9 0.739 -0.422 0.474
48.0 0.747 -0.439 0.474
48.1 0.755 -0.456 0.474
48.2 0.762 -0.473 0.474
48.3 0.769 -0.49 0.474
48.4 0.776 -0.506 0.474
48.5 0.783 -0.523 0.474
48.6 0.789 -0.54 0.474
48.7 0.795 -0.557 0.473
48.8 0.802 -0.573 0.473
48.9 0.808 -0.59 0.473
49.0 0.814 -0.606 0.473
49.1 0.82 -0.622 0.473
49.2 0.825 -0.639 0.473
49.3 0.831 -0.655 0.473
49.4 0.837 -0.671 0.473
49.5 0.842 -0.687 0.473
49.6 0.848 -0.703 0.473
49.7 0.853 -0.72 0.473
49.8 0.859 -0.736 0.473
49.9 0.864 -0.752 0.473
