0.0 0.0 0.0 0.0
0.1 -0.257 -1.47e-08 18.3
0.2 -0.259 -1.48e-08 18.3
0.3 -1.51 -4.34e-08 18.3
0.4 -0.434 -1.9e-08 18.3
0.5 -1.78 -1.92e-08 18.3
0.6 -0.625 -1.94e-08 18.3
0.7 -2.09 -1.08e-08 18.3
0.8 -0.835 -1.85e-08 18.3
0.9 -2.39 -5.59e-09 18.4
1.0 -1.06 -1.71e-08 18.3
1.1 -2.67 -4.14e-09 18.5
1.2 -1.3 -1.56e-08 18.3
1.3 -2.92 6.1e-09 18.7
1.4 -1.54 -1.29e-08 18.4
1.5 -3.13 4.45e-09 18.9
1.6 -1.78 -1.08e-08 18.5
1.7 -3.32 1.1e-08 19.2
1.8 -2.89 5.15e-09 19.1
1.9 -2.16 -6.24e-09 18.7
2.0 -3.45 1.12e-08 19.8
2.1 -3.13 1.35e-08 19.6
2.2 -3.14 7.17e-09 19.7
2.3 -3.2 8.37e-09 19.9
2.4 -3.26 5.2e-09 20.2
2.5 -3.31 1.46e-08 20.5
2.6 -3.36 7.65e-09 20.7
2.7 -3.41 8.3e-09 21.1
2.8 -3.45 1.77e-08 21.4
2.9 -3.49 6.44e-09 21.8
3.0 -3.53 6.52e-09 22.1
3.1 -3.57 -2.14e-09 22.6
3.2 -3.6 9.88e-09 23.0
3.3 -3.64 -6.94e-09 23.4
3.4 -3.67 1.32e-08 23.9
3.5 -3.71 5.72e-09 24.4
3.6 -3.74 5.79e-09 25.0
3.7 -3.78 5.86e-09 25.5
3.8 -3.82 5.94e-09 26.1
3.9 -3.86 -2.73e-09 26.7
4.0 -3.9 4.89e-09 27.3
4.1 -3.95 -1.25e-08 27.9
4.2 -3.99 2.64e-09 28.5
4.3 -4.04 2.68e-09 29.2
4.4 -4.09 2.71e-09 29.9
4.5 -4.14 2.75e-09 30.5
4.6 -4.18 -3.22e-08 31.2
4.7 -4.24 -1.93e-09 31.9
4.8 -4.29 1.55e-08 30.8
4.9 -4.34 4.26e-10 29.6
5.0 -4.21 -2.43e-08 29.7
5.1 -4.4 -2.91e-09 29.8
5.2 -4.5 -2.93e-09 29.9
5.3 -4.39 -3.89e-08 30.0
5.4 -4.42 4.05e-09 30.1
5.5 -4.49 -6.3e-09 30.2
5.6 -4.58 -6.36e-09 30.3
5.7 -4.7 3.06e-07 30.4
5.8 -4.74 -4.69e-07 30.5
5.9 -4.88 3.18e-07 30.6
6.0 -4.85 1.51e-08 30.7
6.1 -5.12 -9.59e-07 30.8
6.2 -4.84 -1.17e-07 30.9
6.3 -5.4 9.95e-07 31.0
6.4 -4.98 3.19e-08 31.1
6.5 -5.36 3.23e-08 31.2
6.6 -5.09 3.26e-08 31.3
6.7 -5.13 3.29e-08 31.4
6.8 -5.54 3.33e-08 31.5
6.9 -3.95 3.36e-08 31.6
7.0 -6.42 3.4e-08 31.7
7.1 -4.03 -1.08e-06 31.8
7.2 -6.6 1.47e-06 31.9
7.3 -6.36 -1.84e-07 32.0
7.4 -5.32 -6.03e-06 32.1
7.5 -5.24 -3.67e-06 32.2
7.6 -4.48 4.7e-06 32.3
7.7 -5.93 2.94e-06 32.4
7.8 -5.6 2.02e-06 32.5
7.9 -5.68 -1.55e-06 32.6
8.0 -5.61 6.83e-06 32.7
8.1 -5.61 -4.87e-07 32.8
8.2 -5.59 8.05e-07 32.9
8.3 -5.59 8.13e-07 33.0
8.4 -5.59 8.21e-07 33.1
8.5 -5.6 -5.87e-06 33.2
8.6 -5.61 9.96e-06 33.3
8.7 -5.63 -8.72e-06 33.4
8.8 -5.65 1.49e-06 33.5
8.9 -5.12 -2.09e-06 33.6
9.0 -5.61 -1.52e-07 33.7
9.1 -5.88 -1.54e-07 33.8
9.2 -6.0 -1.56e-07 33.9
9.3 -6.05 -1.58e-07 34.0
9.4 -6.12 -2.4e-06 34.1
9.5 -2.67 5.19e-07 34.2
9.6 -5.57 -3.36e-07 34.3
9.7 -7.23 -3.07e-08 34.4
9.8 -7.4 -1.14e-06 34.5
9.9 -5.5 1.17e-06 34.6
10.0 -2.82 -2.07e-06 34.7
10.1 -6.09 -4.62e-07 34.8
10.2 -5.76 -4.83e-07 34.9
10.3 -5.62 3.77e-07 35.0
10.4 -6.36 3.61e-07 35.1
10.5 -6.87 5.67e-07 35.2
10.6 -6.27 9.75e-07 35.3
10.7 -7.44 -3.12e-07 35.4
10.8 -7.25 9.75e-07 35.5
10.9 -6.7 1.43e-07 24.3
11.0 -6.79 4.39e-07 4.1
11.1 -5.82 1.61e-07 -4.55
11.2 -6.29 9.18e-08 10.8
11.3 -5.87 1.47e-07 -12.3
11.4 -6.17 -3.08e-08 15.4
11.5 -6.06 -1.63e-08 15.3
11.6 -5.49 5.5e-07 15.2
11.7 -5.76 -1.04e-06 15.1
11.8 -6.07 5.09e-09 15.0
11.9 -5.29 3.86e-06 14.9
12.0 -6.19 5.29e-07 14.8
12.1 -6.22 5.34e-07 14.7
12.2 2.84 13.9 14.6
12.3 1.4 11.9 14.5
12.4 -7.42 -3.9 14.4
12.5 -2.73 5.33 14.3
12.6 -5.2 1.28 14.2
12.7 -19.0 -23.5 14.1
12.8 -6.48 -0.939 14.0
12.9 -6.51 -0.949 13.9
13.0 -6.54 -0.96 13.8
13.1 -6.57 -0.97 13.7
13.2 -6.6 -0.98 13.6
13.3 -5.69 -0.0763 13.5
13.4 -6.53 -0.877 13.4
13.5 -5.71 -0.0184 13.3
13.6 -6.47 -0.777 13.2
13.7 -5.54 0.181 13.1
13.8 -6.39 -0.662 13.0
13.9 -5.36 0.365 12.9
14.0 -6.3 -0.535 12.8
14.1 -4.46 1.19 12.7
14.2 -6.53 1.22 12.6
14.3 -3.34 0.0786 12.5
14.4 0.0975 -6.26 12.4
14.5 -8.56 -0.798 12.3
14.6 -4.82 0.372 12.2
14.7 -17.9 3.74 12.1
14.8 -1.5 0.388 12.0
14.9 23.8 2.66 11.9
15.0 21.8 2.84 11.8
15.1 12.7 2.49 11.7
15.2 5.8 3.15 11.6
15.3 2.09 1.33 11.5
15.4 -49.4 -7.9 71.5
15.5 57.5 11.4 -38.7
15.6 8.16 21.6 11.3
15.7 -9.48 23.6 11.2
15.8 -20.5 31.4 11.1
15.9 -11.5 6.47 11.0
16.0 -18.8 13.8 10.9
16.1 -20.5 10.5 10.8
16.2 -27.4 10.6 10.7
16.3 -41.7 10.7 10.6
16.4 -15.0 -11.4 10.5
16.5 -13.9 -15.2 10.4
16.6 -14.0 -18.2 10.3
16.7 -14.1 -21.2 10.2
16.8 -14.2 -24.7 10.1
16.9 -14.3 -29.3 9.97
17.0 -14.4 -18.8 9.87
17.1 4.21 -9.51 9.77
17.2 9.93 -9.61 9.67
17.3 12.8 -9.71 9.57
17.4 11.3 9.3 9.47
17.5 0.95 10.1 9.37
17.6 1.9 0.959 9.27
17.7 -36.1 -2.6 9.17
17.8 -2.0 -12.8 9.07
17.9 0.547 -16.7 8.97
18.0 -2.85 -4.85 8.87
18.1 -1.06 -1.98 8.77
18.2 0.567 -0.0764 8.67
18.3 6.37 4.72 8.57
18.4 1.89 1.52 8.47
18.5 -2.53 6.09 8.37
18.6 -4.44 5.74 8.27
18.7 -5.19 5.01 8.17
18.8 -6.04 5.25 8.07
18.9 -4.62 4.35 7.97
19.0 -7.57 3.92 7.87
19.1 -3.51 3.79 7.77
19.2 -7.39 3.93 7.67
19.3 -6.4 3.99 7.57
19.4 -2.86 2.03 7.47
19.5 -5.67 -0.428 7.37
19.6 -3.61 -1.66 7.27
19.7 -1.96 0.576 7.17
19.8 -1.4 -2.13 7.07
19.9 -4.47 -0.788 21.7
20.0 -4.45 -1.67 37.1
20.1 -1.93 -2.2 46.8
20.2 -1.96 0.0306 55.1
20.3 0.542 -0.0655 34.0
20.4 0.0405 -0.574 28.1
20.5 -11.2 -3.12 27.4
20.6 1.09 0.874 27.5
20.7 1.99 2.54 27.6
20.8 5.65 0.93 27.7
20.9 2.95 0.967 27.8
21.0 -5.29 0.545 27.9
21.1 2.44 3.37 28.0
21.2 3.3 1.37 28.1
21.3 0.00174 -3.2 28.2
21.4 2.07 2.42 28.3
21.5 2.06 -0.098 28.4
21.6 0.204 -2.86 28.5
21.7 1.21 9.34 28.6
21.8 2.15 8.58 28.7
21.9 3.12 4.92 28.8
22.0 3.74 1.88 28.9
22.1 3.93 1.47 29.0
22.2 3.79 -1.2 29.1
22.3 3.27 -0.0431 29.2
22.4 3.14 -0.73 29.3
22.5 2.62 0.197 29.4
22.6 1.81 -2.65 29.5
22.7 2.06 1.34 29.6
22.8 2.0 0.404 29.7
22.9 1.83 2.83 29.8
23.0 2.2 0.79 29.9
23.1 0.279 7.03 30.0
23.2 1.47 0.592 28.8
23.3 0.767 -0.149 27.1
23.4 -1.55 1.27 22.6
23.5 -2.9 -0.473 19.5
23.6 -1.89 -0.41 19.7
23.7 0.788 0.519 22.8
23.8 0.421 0.207 21.5
23.9 -9.58 -8.89 1.63
24.0 -0.182 -0.0715 17.8
24.1 -12.8 10.6 -24.5
24.2 0.877 -2.84 35.8
24.3 6.48 -7.78 22.3
24.4 1.99 -0.914 17.2
24.5 1.35 -1.95 17.4
24.6 0.669 -1.76 17.4
24.7 0.152 -1.53 17.4
24.8 -0.268 -0.719 18.0
24.9 -0.316 -1.14 17.3
25.0 -0.524 -0.994 17.1
25.1 -0.627 -0.656 17.0
25.2 -0.72 -0.531 16.9
25.3 -0.729 -0.302 16.8
25.4 -0.697 -0.313 16.8
25.5 -1.04 1.34 16.1
25.6 -1.03 0.145 16.4
25.7 -0.615 -0.682 16.6
25.8 -0.767 -0.579 16.4
25.9 -0.714 -0.754 16.4
26.0 -0.835 -0.507 16.2
26.1 -1.1 -0.527 15.7
26.2 -0.992 -0.404 15.8
26.3 -1.04 -0.48 15.5
26.4 -1.03 -0.421 15.4
26.5 -0.998 -0.675 15.2
26.6 -0.984 -0.807 15.1
26.7 -0.878 -1.47 15.1
26.8 -0.84 -1.96 15.1
26.9 -1.2 -0.972 14.3
27.0 -1.22 -0.642 14.2
27.1 -1.19 -0.857 13.9
27.2 -1.23 -1.43 13.5
27.3 -1.03 -0.986 13.8
27.4 -1.23 -1.51 13.1
27.5 -1.23 -1.57 13.0
27.6 -1.28 -1.57 12.7
27.7 -1.26 -1.88 12.4
27.8 -1.3 -2.06 12.1
27.9 -1.04 -3.39 12.4
28.0 -1.88 -3.67 10.2
28.1 -1.84 -2.39 10.1
28.2 -1.39 -2.11 10.4
28.3 -0.982 -3.07 10.5
28.4 -1.11 -3.24 10.4
28.5 -1.2 -2.36 9.76
28.6 1.39 -0.741 8.36
28.7 4.41 0.136 6.57
28.8 8.1 2.07 3.85
28.9 4.73 1.48 6.31
29.0 8.3 3.02 8.05
29.1 7.95 4.38 7.95
29.2 17.6 9.47 7.85
29.3 5.24 2.89 7.75
29.4 6.72 1.67 7.65
29.5 6.14 2.08 7.55
29.6 7.18 0.741 7.45
29.7 6.63 0.41 7.35
29.8 7.06 -1.08 7.25
29.9 6.61 -0.941 7.15
30.0 6.13 -1.59 7.05
30.1 5.85 -1.08 6.95
30.2 4.82 -1.75 6.85
30.3 5.28 -0.954 6.75
30.4 5.45 -0.363 6.65
30.5 2.84 -1.28 6.55
30.6 5.84 -0.271 6.45
30.7 1.68 -0.848 6.35
30.8 5.14 -0.538 6.25
30.9 4.79 -0.286 6.15
31.0 4.69 -0.205 6.05
31.1 4.63 -0.148 5.95
31.2 2.29 0.0953 5.85
31.3 4.97 -0.269 5.75
31.4 5.02 -0.27 5.65
31.5 5.07 -0.272 5.55
31.6 4.96 0.409 5.45
31.7 4.73 0.157 5.35
31.8 4.73 0.144 5.25
31.9 4.76 0.16 5.15
32.0 4.8 0.175 5.05
32.1 4.85 0.185 4.95
32.2 4.9 0.191 4.85
32.3 4.96 0.191 4.75
32.4 3.16 0.279 4.65
32.5 6.29 0.67 4.55
32.6 3.13 0.422 4.45
32.7 -1.43 0.188 4.35
32.8 2.44 -0.753 4.25
32.9 11.3 -0.101 4.15
33.0 5.57 -0.3 4.05
33.1 6.92 -1.37 3.95
33.2 -10.7 4.35 3.85
33.3 -14.4 -6.92 3.75
33.4 -9.7 20.5 3.65
33.5 -5.81 -0.329 3.55
33.6 4.01 31.8 3.45
33.7 4.66 8.59 3.35
33.8 6.68 3.45 3.25
33.9 44.6 36.6 3.15
34.0 34.8 1.29 3.05
34.1 10.8 -21.4 2.95
34.2 10.9 -27.6 2.85
34.3 11.0 -33.9 2.75
34.4 11.1 -46.8 19.4
34.5 11.2 -10.2 26.7
34.6 11.3 -9.99 38.0
34.7 8.27 -5.13 24.8
34.8 -0.958 8.28 53.0
34.9 6.12 -1.41 26.9
35.0 5.01 0.69 23.0
35.1 -7.49 21.3 23.1
35.2 3.51 3.57 23.2
35.3 3.19 4.44 23.3
35.4 2.76 5.54 23.4
35.5 4.97 1.48 23.5
35.6 2.72 6.83 23.6
35.7 5.08 1.37 23.7
35.8 5.11 1.38 23.8
35.9 5.56 0.835 23.9
36.0 5.23 1.34 24.0
36.1 5.27 1.36 24.1
36.2 6.07 0.483 24.2
36.3 5.43 1.27 24.3
36.4 6.06 0.348 24.4
36.5 5.89 0.596 24.5
36.6 5.92 0.505 24.6
36.7 5.98 0.368 24.7
36.8 6.03 0.23 24.8
36.9 6.08 0.0975 24.9
37.0 6.11 -0.0259 25.0
37.1 6.14 -0.139 25.1
37.2 6.15 -0.239 25.2
37.3 6.16 -0.327 25.3
37.4 6.16 -0.401 25.4
37.5 6.15 -0.461 25.5
37.6 6.13 -0.508 25.6
37.7 6.11 -0.541 25.7
37.8 6.08 -0.561 25.8
37.9 5.79 0.0191 25.9
38.0 5.85 -0.253 26.0
38.1 5.95 -0.582 26.1
38.2 5.96 -0.675 26.2
38.3 5.94 -0.681 26.3
38.4 5.9 -0.653 26.4
38.5 5.86 -0.606 26.5
38.6 5.81 -0.549 26.6
38.7 5.76 -0.483 26.7
38.8 5.71 -0.412 26.8
38.9 5.66 -0.337 26.9
39.0 5.61 -0.262 27.0
39.1 5.56 -0.187 27.1
39.2 5.51 -0.115 27.2
39.3 5.47 -0.0481 27.3
39.4 5.42 0.0137 27.4
39.5 5.38 0.0689 27.5
39.6 5.35 0.117 27.6
39.7 5.31 0.157 27.7
39.8 5.28 0.19 27.8
39.9 5.25 0.214 27.9
40.0 5.23 0.231 28.0
40.1 5.2 0.242 28.1
40.2 5.18 0.245 28.2
40.3 5.16 0.243 28.3
40.4 5.14 0.235 28.4
40.5 5.13 0.222 28.5
40.6 5.11 0.206 28.6
40.7 5.09 0.187 28.7
40.8 5.07 0.165 28.8
40.9 5.05 0.141 28.9
41.0 5.03 0.116 29.0
41.1 5.02 0.0834 29.1
41.2 5.01 0.0421 29.2
41.3 5.03 -0.0106 29.3
41.4 0.968 1.12 29.4
41.5 4.71 -0.783 29.5
41.6 4.68 -0.0204 29.6
41.7 4.92 -0.173 29.7
41.8 4.97 -0.124 29.8
41.9 5.21 -0.201 29.9
42.0 5.02 -0.157 30.0
42.1 5.0 -0.136 30.1
42.2 6.1 -0.574 30.2
42.3 4.68 -0.082 30.3
42.4 4.49 -0.0274 30.4
42.5 4.47 0.0111 30.5
42.6 4.51 -0.045 30.6
42.7 4.41 -0.0207 13.1
42.8 4.3 -0.0114 1.24
42.9 3.51 -0.00852 -8.5
43.0 4.35 0.014 -21.2
43.1 4.26 -0.0291 6.29
43.2 4.19 -0.0238 10.4
43.3 4.17 -0.0116 10.3
43.4 3.95 -0.00367 10.2
43.5 4.04 -0.00231 10.1
43.6 4.36 -0.0259 9.96
43.7 3.16 0.00942 9.86
43.8 4.21 -0.0204 9.76
43.9 3.8 0.00143 9.66
44.0 4.16 -0.0167 9.56
44.1 4.17 -0.0163 9.46
44.2 2.52 0.0533 9.36
44.3 3.95 -0.00599 9.26
44.4 3.95 -0.00546 9.16
44.5 2.73 -0.00846 9.06
44.6 3.79 -0.00488 8.96
44.7 3.79 -0.00435 8.86
44.8 2.33 -0.0106 8.76
44.9 3.59 -0.00422 8.66
45.0 3.59 -0.0037 8.56
45.1 2.05 -0.00961 8.46
45.2 3.37 -0.00354 8.36
45.3 2.28 -0.00696 8.26
45.4 3.22 -0.00305 8.16
45.5 3.21 -0.00255 8.06
45.6 1.73 -0.00549 7.96
45.7 2.35 -0.00377 7.86
45.8 2.38 -0.00296 7.76
45.9 2.33 -0.00226 7.66
46.0 2.27 -0.00141 7.56
46.1 2.2 -0.000773 7.46
46.2 2.14 -4.22e-05 7.36
46.3 2.07 0.000704 7.26
46.4 2.01 0.00145 7.16
46.5 1.94 0.00242 7.06
46.6 1.87 0.00298 6.96
46.7 1.8 0.00366 6.86
46.8 1.73 0.00433 6.76
46.9 1.66 0.00528 6.66
47.0 1.31 0.0133 6.56
47.1 1.9 0.00633 6.46
47.2 0.655 0.0123 6.36
47.3 1.7 0.0081 6.26
47.4 0.49 0.0105 6.16
47.5 1.49 0.00898 6.06
47.6 0.869 0.00782 5.96
47.7 1.22 0.00894 5.86
47.8 0.87 0.00956 5.76
47.9 0.952 0.00925 5.66
48.0 0.815 0.00909 5.56
48.1 0.685 0.00882 5.46
48.2 0.676 0.0103 5.36
48.3 0.532 0.00986 5.26
48.4 0.459 0.01 5.16
48.5 0.382 0.0102 5.06
48.6 0.232 0.0115 4.96
48.7 0.755 0.0103 4.86
48.8 -0.157 0.0123 4.76
48.9 -0.17 0.0127 5.23
49.0 -0.236 0.0129 7.32
49.1 -0.364 0.0108 6.35
49.2 -0.344 0.0137 8.54
49.3 -0.52 0.014 10.4
49.4 -0.698 0.0126 25.0
49.5 -0.598 0.0147 13.1
49.6 -0.807 0.0148 16.1
49.7 -1.14 0.0126 35.3
49.8 -0.725 0.0156 17.5
49.9 -0.789 0.0161 18.3
