0.0 0.0 0.0 0.0
0.1 -10.1 0.00377 24.5
0.2 -10.2 36.3 27.4
0.3 -10.3 7.54 19.1
0.4 -10.2 -15.9 7.46
0.5 64.1 -14.6 4.62
0.6 -0.116 -1.08 18.5
0.7 0.72 -0.204 17.2
0.8 26.4 -17.0 6.29
0.9 -3.21 -1.56 17.7
1.0 -18.8 14.1 27.7
1.1 -0.076 0.677 18.5
1.2 0.0681 -0.134 18.6
1.3 -75.9 40.6 48.2
1.4 -10.4 4.68 25.2
1.5 -10.5 -31.6 8.73
1.6 9.19 -24.5 7.6
1.7 42.2 3.73 13.7
1.8 -1.27 7.2 20.4
1.9 2.34 3.34 18.8
2.0 -0.834 0.88 18.8
2.1 -0.988 -0.521 18.6
2.2 -0.991 -0.596 18.6
2.3 -1.64 -1.38 18.8
2.4 -74.0 3.26 43.7
2.5 -9.94 -7.1 22.9
2.6 33.2 -17.5 7.97
2.7 16.5 14.6 13.5
2.8 0.755 2.68 18.1
2.9 -3.05 -0.725 20.1
3.0 -2.64 -0.0721 19.9
3.1 -4.15 -0.435 20.8
3.2 -4.06 -0.198 20.9
3.3 -3.34 -0.414 20.8
3.4 -3.41 -0.436 21.1
3.5 -63.9 -4.62 36.9
3.6 65.0 -24.1 26.2
3.7 -21.0 21.5 13.9
3.8 -17.2 4.05 28.2
3.9 2.37 -1.39 18.8
4.0 -1.47 -0.0228 20.4
4.1 -1.8 0.128 20.4
4.2 -3.38 -0.42 22.4
4.3 -3.71 -0.194 22.5
4.4 -3.06 -0.62 22.5
4.5 -3.03 -0.691 22.6
4.6 15.1 -28.6 32.0
4.7 19.3 -0.737 54.8
4.8 -25.3 16.3 11.8
4.9 -26.3 8.99 33.9
5.0 -14.7 4.39 27.1
5.1 -0.587 -1.48 20.2
5.2 -1.43 -0.945 20.7
5.3 -2.7 -0.792 23.0
5.4 -2.83 -0.819 23.7
5.5 -2.58 -0.846 23.5
5.6 -2.59 -0.83 23.7
5.7 37.4 -26.6 55.3
5.8 -15.2 16.7 30.6
5.9 -22.1 6.53 30.1
6.0 -31.0 9.86 30.2
6.1 -0.967 -2.21 30.3
6.2 -3.15 -1.33 30.4
6.3 -3.93 -1.1 30.5
6.4 -4.19 -0.987 30.6
6.5 -4.38 -0.887 30.6
6.6 -3.46 -1.1 30.4
6.7 -1.97 -0.984 26.4
6.8 22.9 -5.75 35.1
6.9 -29.4 12.7 31.1
7.0 -23.4 4.8 31.2
7.1 -1.06 -2.11 31.3
7.2 -1.69 -1.75 31.4
7.3 -4.75 -0.726 31.5
7.4 -5.21 -0.517 31.6
7.5 -4.88 -0.49 31.7
7.6 -4.96 -0.431 31.8
7.7 -4.99 -0.336 31.9
7.8 -3.63 -0.53 32.0
7.9 -4.95 7.0 32.1
8.0 -14.9 2.58 32.2
8.1 -9.01 1.13 32.3
8.2 0.447 -2.09 32.4
8.3 -4.2 -0.793 32.5
8.4 -4.53 -0.553 32.6
8.5 -5.21 -0.372 32.7
8.6 -2.23 -0.328 32.8
8.7 -1.3 -0.293 32.9
8.8 -1.06 -0.188 33.0
8.9 1.21 -0.205 33.1
9.0 1.12 -0.0819 33.2
9.1 -35.3 8.61 33.3
9.2 25.5 -4.95 33.4
9.3 -13.9 -0.0706 33.5
9.4 4.33 -0.233 33.6
9.5 13.3 -0.114 33.7
9.6 -16.8 -0.152 33.8
9.7 -16.8 -0.127 33.9
9.8 -17.1 -0.095 34.0
9.9 -10.9 -0.137 26.0
10.0 -0.137 -0.0875 5.69
10.1 1.89 -0.0183 14.5
10.2 31.6 0.566 75.1
10.3 -24.0 -0.652 34.4
10.4 -24.9 -0.0213 34.5
10.5 3.78 0.21 -5.47
10.6 10.5 0.0618 7.91
10.7 -2.77 0.0189 24.4
10.8 -3.37 0.0368 24.6
10.9 -6.33 0.0986 24.1
11.0 -17.0 -0.042 21.3
11.1 -11.8 0.0238 19.9
11.2 17.7 0.0224 30.5
11.3 -3.98 0.125 21.3
11.4 -11.0 0.333 7.25
11.5 -9.69 -0.0598 14.2
11.6 -8.41 -0.213 17.4
11.7 -8.15 -0.223 17.6
11.8 -8.5 -0.205 16.7
11.9 -5.97 -0.0888 20.0
12.0 -7.77 -0.0725 17.3
12.1 -8.64 -0.0705 15.7
12.2 9.93 0.64 -5.77
12.3 -8.37 -0.356 13.9
12.4 -8.18 -0.254 13.8
12.5 -8.03 -0.175 13.7
12.6 -7.88 -0.114 13.6
12.7 -7.74 -0.072 13.5
12.8 -7.54 -0.0366 13.4
12.9 -7.22 -0.00423 13.3
13.0 -7.39 0.0207 13.2
13.1 -7.45 -0.0385 13.1
13.2 7.1 -0.133 13.0
13.3 -8.29 -0.167 12.9
13.4 -8.13 -0.0987 12.8
13.5 -8.03 -0.0625 12.7
13.6 -7.97 -0.0472 12.6
13.7 -7.35 -0.0314 12.5
13.8 -6.97 -0.065 12.4
13.9 -7.48 -0.00906 12.3
14.0 -7.35 0.0881 12.2
14.1 -7.07 -0.139 12.1
14.2 8.81 -0.155 12.0
14.3 -8.61 -0.0676 11.9
14.4 -8.41 -0.0392 11.8
14.5 -8.26 -0.0213 11.7
14.6 -8.14 -0.0143 11.6
14.7 -8.05 -0.0109 11.5
14.8 -7.91 -0.00416 11.4
14.9 -7.73 0.00264 11.3
15.0 -6.53 0.013 11.2
15.1 -7.51 -0.0413 11.1
15.2 14.8 2.96 1.31e+02
15.3 -3.5 -2.95 -88.9
15.4 -9.52 -0.0319 11.0
15.5 -9.01 -0.0167 10.9
15.6 -8.72 -0.0116 10.8
15.7 -8.6 -0.0122 10.7
15.8 -8.4 -0.0107 10.6
15.9 -8.12 -0.00202 10.5
16.0 -7.87 0.00467 10.4
16.1 -7.73 0.0073 10.3
16.2 -7.5 0.0122 10.2
16.3 90.3 75.3 10.1
16.4 6.02 10.2 9.96
16.5 6.12 10.3 9.86
16.6 1.39 -18.2 9.76
16.7 -71.9 -48.8 9.66
16.8 -8.95 5.22 9.56
16.9 -7.83 5.24 9.46
17.0 -7.9 5.07 9.36
17.1 -10.0 3.55 9.26
17.2 -10.3 2.94 9.16
17.3 -11.8 1.06 9.06
17.4 -15.5 3.6 8.96
17.5 -14.7 -4.98 8.86
17.6 -42.0 15.9 8.76
17.7 27.0 -54.3 8.66
17.8 1.54 -5.52 8.56
17.9 2.32 -1.76 8.46
18.0 -6.25 3.97 8.36
18.1 -14.1 3.79 8.26
18.2 -15.3 2.35 8.16
18.3 -16.9 0.957 8.07
18.4 6.75 6.1 42.8
18.5 14.6 4.39 39.0
18.6 -78.8 19.7 -42.1
18.7 1.25e+02 45.3 7.82
18.8 -28.3 5.97 7.72
18.9 -45.2 -62.3 7.62
19.0 -23.0 -3.55 8.57
19.1 18.6 10.9 63.7
19.2 -2.45 1.55 19.9
19.3 -4.43 0.343 17.5
19.4 -4.79 0.272 17.7
19.5 -9.12 -0.579 19.5
19.6 -17.2 -4.62 24.7
19.7 -27.5 -11.5 36.3
19.8 61.1 74.1 -64.3
19.9 38.7 -1.26e+02 1.17e+02
20.0 1.34 -9.81 36.3
20.1 -43.1 10.8 13.0
20.2 -19.8 34.5 -4.3
20.3 -7.35 2.98 19.1
20.4 -7.55 -0.0128 23.8
20.5 -7.18 -1.19 27.5
20.6 -4.63 0.682 22.2
20.7 -4.48 0.881 21.7
20.8 -4.81 1.35 20.4
20.9 -5.05 0.929 25.3
21.0 70.7 -74.0 54.0
21.1 0.496 97.8 30.2
21.2 4.68 4.41 28.3
21.3 -10.6 -7.22 28.4
21.4 -32.3 -24.1 28.5
21.5 -15.6 5.15 28.6
21.6 -11.5 3.19 28.7
21.7 -9.4 0.927 22.0
21.8 -7.07 0.453 14.9
21.9 -5.06 -1.24 14.7
22.0 -3.68 0.556 16.1
22.1 -2.89 -0.274 16.4
22.2 -4.78 0.243 20.7
22.3 52.4 20.1 67.0
22.4 4.56 -35.5 29.2
22.5 1.93 -2.06 29.3
22.6 -22.6 10.1 29.4
22.7 -13.6 6.73 29.5
22.8 -10.1 7.46 29.6
22.9 -5.75 3.32 27.7
23.0 -4.03 1.62 17.7
23.1 -2.91 -4.8 -3.63
23.2 -4.81 -3.88 8.57
23.3 -3.26 0.509 20.8
23.4 -4.09 0.379 19.5
23.5 47.7 -18.0 78.7
23.6 3.29 -2.24 30.0
23.7 3.36 -2.26 30.1
23.8 3.42 -2.28 30.2
23.9 26.6 70.3 -19.8
24.0 6.7 7.53 21.9
24.1 6.8 -5.33 14.3
24.2 6.7 6.02 20.7
24.3 -35.2 -70.6 78.1
24.4 -8.82 16.3 29.4
24.5 -8.19 13.2 17.3
24.6 -12.5 0.879 -9.57
24.7 -5.15 -1.52 14.6
24.8 -3.0 0.127 20.4
24.9 -3.12 0.302 20.3
25.0 -3.03 0.213 20.5
25.1 -2.92 0.139 20.7
25.2 72.0 75.5 -39.7
25.3 7.2 10.4 10.3
25.4 7.3 -1.12e+02 51.9
25.5 -34.1 -7.11 90.1
25.6 -22.4 38.7 -11.1
25.7 -9.52 2.29 10.3
25.8 -3.51 1.02 19.4
25.9 -2.2 -0.751 20.6
26.0 -3.07 1.18 20.2
26.1 -2.82 0.194 20.1
26.2 -2.55 0.404 20.6
26.3 -2.47 -0.355 20.3
26.4 72.3 -19.6 -33.2
26.5 7.56 -57.1 16.5
26.6 -34.4 32.6 73.5
26.7 -26.2 24.6 10.1
26.8 -6.49 3.34 19.8
26.9 -2.28 0.0366 20.3
27.0 -2.15 0.0341 20.2
27.1 1.15 -0.73 18.4
27.2 1.94 -0.399 17.3
27.3 2.14 0.172 16.4
27.4 0.554 0.662 16.8
27.5 61.9 -38.2 -27.7
27.6 7.86 0.118 6.8
27.7 7.96 16.4 19.8
27.8 -33.9 11.3 38.4
27.9 -9.81 -1.42 24.4
28.0 -1.04 -1.3 18.5
28.1 0.91 0.5 16.3
28.2 1.92 -0.738 15.7
28.3 -1.84 -0.226 18.6
28.4 2.44 -0.0402 14.7
28.5 0.0341 -0.879 16.8
28.6 56.9 1.73 -25.6
28.7 8.37 4.09 9.54
28.8 7.91 5.18 9.44
28.9 8.25 3.67 9.34
29.0 6.67 0.318 9.24
29.1 1.42 -10.2 9.14
29.2 -7.0 -5.23 9.04
29.3 -2.25 -2.38 8.94
29.4 0.0419 -1.53 8.84
29.5 -5.9 -0.348 10.2
29.6 -5.95 2.11 25.1
29.7 -1.55 -0.252 16.9
29.8 -1.33 -0.106 16.6
29.9 -1.06 0.346 16.1
30.0 63.0 22.7 -16.9
30.1 8.39 1.96 8.3
30.2 -4.31 -7.46 8.2
30.3 -2.73 -3.81 8.1
30.4 -9.78 -0.483 8.0
30.5 -2.49 6.74 7.9
30.6 3.82 1.46 7.8
30.7 5.41 0.577 7.7
30.8 5.8 0.662 7.6
30.9 6.42 0.14 7.5
31.0 7.09 -0.842 7.4
31.1 7.31 -1.57 7.3
31.2 7.37 -2.82 7.2
31.3 15.6 67.8 7.1
31.4 11.5 0.0577 7.0
31.5 9.81 -16.7 6.9
31.6 7.21 -17.9 6.8
31.7 7.49 1.69 6.7
31.8 -1.52 -24.9 6.6
31.9 -2.65 -7.13 6.5
32.0 -2.28 0.919 6.4
32.1 1.14 9.32 6.3
32.2 1.72 9.78 6.2
32.3 7.87 3.53 6.1
32.4 10.1 0.414 6.0
32.5 10.7 -2.56 5.9
32.6 9.91 -5.68 5.8
32.7 35.9 -18.5 5.7
32.8 9.39 -7.94 5.6
32.9 -0.617 -7.77 5.5
33.0 -7.56 -12.8 5.4
33.1 -9.03 -6.93 5.3
33.2 4.68 6.34 5.2
33.3 6.87 4.97 5.1
33.4 7.17 2.91 5.0
33.5 7.86 1.8 4.9
33.6 8.73 0.996 4.81
33.7 8.17 0.724 7.79
33.8 15.7 -49.4 2.04
33.9 7.33 -1.6 4.51
34.0 3.14 12.6 4.41
34.1 8.28 4.88 4.31
34.2 11.3 2.25 4.22
34.3 14.5 0.776 6.24
34.4 -14.1 5.07 43.6
34.5 -25.3 4.12 29.4
34.6 1.5 -0.273 14.2
34.7 4.69 -0.496 14.5
34.8 5.58 -0.683 15.9
34.9 -3.98 0.174 12.3
35.0 1.87 -0.319 14.1
35.1 45.6 -8.8 10.1
35.2 -3.33 2.55 22.0
35.3 -3.09 0.989 17.1
35.4 6.62 -0.443 19.4
35.5 8.24 -0.541 21.1
35.6 6.38 -0.359 21.0
35.7 8.06 -0.469 23.3
35.8 4.72 -0.295 21.8
35.9 5.76 -0.273 21.7
36.0 -36.9 3.59 48.0
36.1 5.06 0.48 24.5
36.2 47.3 -0.0443 24.6
36.3 17.4 -0.452 24.7
36.4 3.7 -0.698 24.8
36.5 3.4 -0.586 24.9
36.6 5.92 -0.489 25.0
36.7 6.11 -0.446 25.1
36.8 6.81 -0.411 25.1
36.9 5.55 -0.407 24.1
37.0 4.02 -0.403 21.0
37.1 -41.1 6.74 30.0
37.2 38.3 -1.05 25.6
37.3 32.8 -0.271 25.7
37.4 3.81 -0.943 25.8
37.5 5.62 -0.692 25.9
37.6 5.75 -0.574 26.0
37.7 6.17 -0.496 26.1
37.8 4.88 -0.463 26.2
37.9 5.13 -0.378 26.3
38.0 4.94 -0.36 26.4
38.1 -31.2 2.39 26.5
38.2 -64.7 9.29 26.6
38.3 -1.55 0.911 26.7
38.4 37.7 -3.93 26.8
38.5 24.6 -1.42 26.9
38.6 19.8 -0.786 27.0
38.7 11.3 -0.57 27.1
38.8 10.1 -0.483 27.2
38.9 10.4 -0.455 27.3
39.0 10.1 -0.398 27.4
39.1 11.2 -0.419 27.5
39.2 12.3 -0.398 27.6
39.3 -1.09e+02 16.7 27.7
39.4 -1.57 1.3 27.8
39.5 39.7 -5.69 27.9
39.6 20.0 -2.51 28.0
39.7 15.9 -1.86 28.1
39.8 17.4 -2.04 28.2
39.9 8.29 -0.316 28.3
40.0 12.2 -0.907 28.4
40.1 12.8 -0.972 28.5
40.2 12.3 -0.871 28.6
40.3 10.5 -0.563 28.7
40.4 -76.7 19.5 28.8
40.5 4.99 0.841 28.9
40.6 33.8 -7.51 29.0
40.7 31.8 -7.16 29.1
40.8 16.7 -2.33 29.2
40.9 9.86 -0.34 29.3
41.0 9.92 0.0599 29.4
41.1 11.4 -0.208 29.5
41.2 13.6 -0.368 29.5
41.3 14.7 -0.119 26.0
41.4 4.11 1.07 9.73
41.5 -64.3 16.1 49.2
41.6 9.12 -2.02 29.9
41.7 44.7 -13.3 29.8
41.8 47.8 -11.6 25.7
41.9 -10.2 8.76 3.21
42.0 -35.2 2.78 -4.0
42.1 4.28 -0.407 20.4
42.2 3.11 0.141 20.0
42.3 5.91 0.421 18.5
42.4 6.78 0.0887 17.7
42.5 16.7 1.53 8.28
42.6 -11.9 -2.79 31.6
42.7 2.04 0.831 7.19
42.8 6.04 -0.331 19.7
42.9 8.24 0.628 2.59
43.0 9.93 0.254 6.29
43.1 9.85 0.109 9.29
43.2 9.11 0.134 11.3
43.3 6.5 0.221 16.1
43.4 4.6 0.223 18.8
43.5 8.95 0.778 10.2
43.6 7.67 0.796 12.3
43.7 -16.8 -2.21 37.9
43.8 -5.4 -5.28 -28.9
43.9 8.41 -6.21 9.4
44.0 0.384 11.7 9.3
44.1 9.82 0.127 9.2
44.2 8.88 0.188 9.1
44.3 8.7 -0.121 9.0
44.4 8.66 -0.402 8.9
44.5 7.54 0.774 8.8
44.6 8.04 0.314 8.71
44.7 8.0 0.523 8.61
44.8 7.74 1.13 8.55
44.9 -18.3 -13.5 8.36
45.0 -9.0 -6.17 8.3
45.1 -1.77 18.3 8.2
45.2 9.22 1.44 8.1
45.3 9.57 -0.372 8.0
45.4 8.8 -0.373 7.9
45.5 7.81 0.228 7.8
45.6 7.82 -0.187 7.7
45.7 7.46 0.0563 7.6
45.8 7.02 0.549 7.5
45.9 9.49 -2.47 7.41
46.0 -41.8 -19.5 7.3
46.1 -7.78 8.92 7.2
46.2 6.19 12.3 7.1
46.3 12.9 -0.994 7.0
46.4 10.2 -0.436 6.9
46.5 9.19 -0.722 6.8
46.6 8.86 -1.33 6.7
46.7 8.53 -1.46 6.6
46.8 8.15 -0.944 6.51
46.9 8.56 -1.52 6.42
47.0 8.79 -1.6 6.47
47.1 -75.5 6.74 6.05
47.2 -8.03 3.14 6.1
47.3 23.8 -3.26 6.01
47.4 14.7 -0.176 5.91
47.5 11.3 -0.403 5.82
47.6 9.87 -0.913 5.72
47.7 9.05 -1.02 5.68
47.8 8.9 -1.62 6.63
47.9 6.69 -0.992 17.2
48.0 1.21 1.18 33.3
48.1 -0.592 0.583 29.3
48.2 -72.2 9.47 -41.4
48.3 -6.88 -0.757 5.19
48.4 17.3 -7.08 5.12
48.5 17.7 0.899 5.02
48.6 13.5 -0.977 5.52
48.7 11.0 0.0929 20.9
48.8 6.79 0.626 31.5
48.9 4.07 -0.507 28.2
49.0 3.43 -0.584 15.9
49.1 3.19 0.405 14.9
49.2 2.86 -0.00993 15.5
49.3 -71.6 3.06 -44.9
49.4 -6.99 -0.698 5.15
49.5 -5.41 -4.05 15.1
49.6 25.7 5.27 30.8
49.7 20.2 0.404 25.1
49.8 16.1 -2.82 21.4
49.9 3.94 0.228 14.9
