0.0 2.44 2.44 1.94
0.1 2.44 2.44 1.96
0.2 2.44 2.44 2.0
0.3 2.44 2.44 2.04
0.4 2.44 2.44 2.08
0.5 2.44 2.44 2.13
0.6 2.44 2.44 2.16
0.7 2.44 2.44 2.2
0.8 2.44 2.44 2.22
0.9 2.44 2.44 2.25
1.0 2.44 2.44 2.26
1.1 2.44 2.44 2.28
1.2 2.44 2.44 2.29
1.3 2.43 2.44 2.29
1.4 2.43 2.44 2.3
1.5 2.43 2.44 2.29
1.6 2.43 2.45 2.29
1.7 2.43 2.45 2.29
1.8 2.43 2.45 2.28
1.9 2.43 2.45 2.27
2.0 2.43 2.45 2.26
2.1 2.43 2.45 2.25
2.2 2.43 2.45 2.23
2.3 2.43 2.45 2.22
2.4 2.43 2.45 2.2
2.5 2.43 2.45 2.19
2.6 2.43 2.45 2.17
2.7 2.42 2.46 2.16
2.8 2.42 2.46 2.14
2.9 2.42 2.46 2.13
3.0 2.42 2.46 2.12
3.1 2.42 2.46 2.11
3.2 2.42 2.46 2.1
3.3 2.43 2.46 2.1
3.4 2.43 2.46 2.1
3.5 2.43 2.46 2.1
3.6 2.43 2.46 2.11
3.7 2.43 2.47 2.11
3.8 2.43 2.47 2.12
3.9 2.44 2.47 2.13
4.0 2.44 2.47 2.14
4.1 2.45 2.47 2.14
4.2 2.45 2.47 2.15
4.3 2.46 2.47 2.16
4.4 2.46 2.47 2.16
4.5 2.47 2.47 2.17
4.6 2.47 2.47 2.17
4.7 2.48 2.48 2.17
4.8 2.49 2.48 2.17
4.9 2.5 2.48 2.17
5.0 2.51 2.48 2.17
5.1 2.51 2.48 2.17
5.2 2.52 2.48 2.16
5.3 2.53 2.48 2.16
5.4 2.54 2.48 2.16
5.5 2.55 2.48 2.16
5.6 2.55 2.48 2.15
5.7 2.56 2.49 2.15
5.8 2.57 2.49 2.15
5.9 2.58 2.49 2.15
6.0 2.58 2.49 2.15
6.1 2.59 2.49 2.15
6.2 2.6 2.49 2.15
6.3 2.6 2.49 2.15
6.4 2.61 2.49 2.15
6.5 2.62 2.49 2.15
6.6 2.62 2.49 2.15
6.7 2.63 2.5 2.15
6.8 2.64 2.5 2.16
6.9 2.64 2.5 2.16
7.0 2.65 2.5 2.16
7.1 2.66 2.5 2.16
7.2 2.67 2.5 2.16
7.3 2.68 2.5 2.17
7.4 2.69 2.5 2.17
7.5 2.7 2.51 2.17
7.6 2.71 2.51 2.17
7.7 2.72 2.51 2.17
7.8 2.74 2.51 2.17
7.9 2.75 2.51 2.17
8.0 2.77 2.51 2.17
8.1 2.79 2.51 2.17
8.2 2.81 2.52 2.17
8.3 2.83 2.52 2.17
8.4 2.85 2.52 2.17
8.5 2.88 2.52 2.17
8.6 2.9 2.52 2.17
8.7 2.93 2.52 2.17
8.8 2.96 2.52 2.17
8.9 2.99 2.52 2.17
9.0 3.02 2.52 2.17
9.1 3.05 2.52 2.17
9.2 3.09 2.52 2.17
9.3 3.13 2.52 2.17
9.4 3.17 2.52 2.18
9.5 3.21 2.52 2.18
9.6 3.25 2.52 2.18
9.7 3.29 2.52 2.18
9.8 3.34 2.51 2.18
9.9 3.38 2.51 2.18
10.0 3.43 2.51 2.18
10.1 3.47 2.5 2.18
10.2 3.52 2.5 2.18
10.3 3.57 2.49 2.18
10.4 3.62 2.48 2.19
10.5 3.67 2.47 2.19
10.6 3.72 2.46 2.19
10.7 3.77 2.45 2.19
10.8 3.81 2.44 2.19
10.9 3.86 2.43 2.19
11.0 3.89 2.41 2.19
11.1 3.92 2.4 2.19
11.2 3.94 2.38 2.19
11.3 3.96 2.36 2.19
11.4 3.99 2.35 2.19
11.5 4.01 2.33 2.19
11.6 4.03 2.31 2.19
11.7 4.05 2.29 2.19
11.8 4.07 2.28 2.19
11.9 4.09 2.26 2.19
12.0 4.11 2.25 2.19
12.1 4.13 2.23 2.19
12.2 4.14 2.21 2.19
12.3 4.15 2.19 2.19
12.4 4.15 2.18 2.19
12.5 4.15 2.17 2.18
12.6 4.15 2.18 2.18
12.7 4.14 2.19 2.18
12.8 4.13 2.2 2.17
12.9 4.12 2.21 2.17
13.0 4.11 2.23 2.16
13.1 4.1 2.24 2.16
13.2 4.08 2.26 2.15
13.3 4.07 2.28 2.14
13.4 4.05 2.3 2.14
13.5 4.03 2.32 2.13
13.6 4.02 2.34 2.12
13.7 4.0 2.36 2.11
13.8 3.98 2.38 2.1
13.9 3.96 2.4 2.09
14.0 3.94 2.43 2.08
14.1 3.92 2.45 2.07
14.2 3.9 2.47 2.05
14.3 3.88 2.48 2.04
14.4 3.85 2.5 2.03
14.5 3.83 2.52 2.01
14.6 3.8 2.53 1.99
14.7 3.78 2.54 1.98
14.8 3.75 2.56 1.96
14.9 3.73 2.57 1.94
15.0 3.72 2.58 1.92
15.1 3.71 2.59 1.9
15.2 3.7 2.6 1.88
15.3 3.69 2.61 1.86
15.4 3.69 2.61 1.85
15.5 3.68 2.6 1.83
15.6 3.68 2.59 1.82
15.7 3.67 2.57 1.81
15.8 3.66 2.56 1.79
15.9 3.65 2.54 1.78
16.0 3.63 2.53 1.76
16.1 3.6 2.51 1.75
16.2 3.57 2.49 1.74
16.3 3.54 2.47 1.72
16.4 3.5 2.45 1.71
16.5 3.46 2.43 1.7
16.6 3.43 2.41 1.69
16.7 3.39 2.39 1.67
16.8 3.35 2.37 1.66
16.9 3.31 2.36 1.65
17.0 3.27 2.35 1.63
17.1 3.24 2.35 1.62
17.2 3.21 2.35 1.61
17.3 3.19 2.34 1.61
17.4 3.17 2.32 1.61
17.5 3.15 2.3 1.61
17.6 3.12 2.27 1.61
17.7 3.09 2.21 1.61
17.8 3.07 2.15 1.6
17.9 3.04 2.09 1.6
18.0 3.02 2.01 1.6
18.1 2.99 1.94 1.6
18.2 2.96 1.87 1.59
18.3 2.94 1.84 1.58
18.4 2.91 1.82 1.56
18.5 2.88 1.81 1.54
18.6 2.86 1.81 1.52
18.7 2.83 1.81 1.5
18.8 2.81 1.82 1.49
18.9 2.78 1.82 1.47
19.0 2.76 1.83 1.45
19.1 2.74 1.83 1.43
19.2 2.72 1.84 1.41
19.3 2.7 1.84 1.39
19.4 2.68 1.85 1.37
19.5 2.67 1.85 1.35
19.6 2.65 1.85 1.33
19.7 2.64 1.85 1.31
19.8 2.63 1.85 1.29
19.9 2.63 1.84 1.27
20.0 2.63 1.84 1.25
20.1 2.63 1.84 1.24
20.2 2.64 1.84 1.23
20.3 2.65 1.84 1.21
20.4 2.66 1.85 1.2
20.5 2.67 1.86 1.19
20.6 2.68 1.87 1.19
20.7 2.69 1.89 1.18
20.8 2.71 1.9 1.18
20.9 2.73 1.92 1.17
21.0 2.75 1.93 1.17
21.1 2.77 1.95 1.17
21.2 2.79 1.97 1.17
21.3 2.82 1.99 1.17
21.4 2.84 2.01 1.18
21.5 2.87 2.02 1.19
21.6 2.89 2.04 1.2
21.7 2.92 2.06 1.21
21.8 2.95 2.08 1.22
21.9 2.97 2.09 1.24
22.0 3.0 2.11 1.25
22.1 3.03 2.13 1.27
22.2 3.05 2.15 1.28
22.3 3.08 2.17 1.3
22.4 3.11 2.18 1.31
22.5 3.13 2.2 1.33
22.6 3.16 2.22 1.34
22.7 3.19 2.24 1.36
22.8 3.22 2.26 1.37
22.9 3.25 2.27 1.39
23.0 3.28 2.29 1.4
23.1 3.3 2.31 1.41
23.2 3.33 2.33 1.43
23.3 3.36 2.35 1.44
23.4 3.39 2.36 1.44
23.5 3.41 2.38 1.45
23.6 3.43 2.4 1.46
23.7 3.45 2.41 1.47
23.8 3.47 2.43 1.47
23.9 3.48 2.44 1.47
24.0 3.49 2.45 1.47
24.1 3.49 2.45 1.47
24.2 3.49 2.46 1.47
24.3 3.5 2.46 1.46
24.4 3.5 2.47 1.46
24.5 3.51 2.47 1.46
24.6 3.51 2.47 1.46
24.7 3.51 2.47 1.45
24.8 3.51 2.47 1.45
24.9 3.52 2.47 1.45
25.0 3.52 2.47 1.45
25.1 3.52 2.47 1.45
25.2 3.52 2.47 1.45
25.3 3.52 2.46 1.45
25.4 3.51 2.46 1.45
25.5 3.51 2.46 1.45
25.6 3.51 2.46 1.45
25.7 3.51 2.45 1.45
25.8 3.5 2.45 1.45
25.9 3.5 2.45 1.45
26.0 3.5 2.44 1.45
26.1 3.49 2.44 1.45
26.2 3.49 2.44 1.45
26.3 3.49 2.43 1.45
26.4 3.48 2.43 1.45
26.5 3.47 2.43 1.45
26.6 3.47 2.42 1.45
26.7 3.46 2.42 1.45
26.8 3.46 2.41 1.44
26.9 3.45 2.41 1.44
27.0 3.44 2.4 1.44
27.1 3.43 2.4 1.44
27.2 3.42 2.39 1.44
27.3 3.42 2.38 1.44
27.4 3.41 2.38 1.43
27.5 3.4 2.37 1.43
27.6 3.38 2.36 1.43
27.7 3.37 2.36 1.43
27.8 3.36 2.35 1.43
27.9 3.35 2.34 1.42
28.0 3.33 2.33 1.42
28.1 3.32 2.32 1.42
28.2 3.3 2.31 1.41
28.3 3.29 2.3 1.41
28.4 3.27 2.29 1.41
28.5 3.25 2.28 1.4
28.6 3.24 2.27 1.4
28.7 3.22 2.26 1.4
28.8 3.21 2.25 1.39
28.9 3.2 2.24 1.39
29.0 3.19 2.23 1.38
29.1 3.19 2.21 1.38
29.2 3.19 2.2 1.38
29.3 3.19 2.19 1.37
29.4 3.19 2.17 1.37
29.5 3.19 2.16 1.36
29.6 3.18 2.14 1.36
29.7 3.18 2.13 1.36
29.8 3.18 2.11 1.35
29.9 3.17 2.1 1.35
30.0 3.17 2.08 1.34
30.1 3.16 2.06 1.34
30.2 3.15 2.05 1.33
30.3 3.15 2.03 1.33
30.4 3.14 2.02 1.33
30.5 3.12 2.0 1.32
30.6 3.11 1.98 1.32
30.7 3.1 1.97 1.31
30.8 3.08 1.95 1.31
30.9 3.06 1.93 1.3
31.0 3.05 1.91 1.3
31.1 3.03 1.9 1.29
31.2 3.01 1.88 1.29
31.3 2.99 1.86 1.28
31.4 2.97 1.85 1.28
31.5 2.94 1.83 1.27
31.6 2.92 1.81 1.27
31.7 2.9 1.79 1.26
31.8 2.87 1.78 1.26
31.9 2.85 1.76 1.25
32.0 2.82 1.74 1.25
32.1 2.8 1.72 1.24
32.2 2.77 1.7 1.24
32.3 2.74 1.68 1.23
32.4 2.71 1.66 1.23
32.5 2.68 1.65 1.22
32.6 2.65 1.63 1.22
32.7 2.61 1.6 1.21
32.8 2.58 1.58 1.21
32.9 2.55 1.56 1.2
33.0 2.51 1.54 1.2
33.1 2.48 1.52 1.19
33.2 2.44 1.5 1.19
33.3 2.4 1.48 1.18
33.4 2.36 1.46 1.18
33.5 2.32 1.44 1.17
33.6 2.29 1.42 1.17
33.7 2.26 1.39 1.16
33.8 2.23 1.37 1.16
33.9 2.21 1.35 1.15
34.0 2.19 1.32 1.15
34.1 2.16 1.3 1.14
34.2 2.13 1.28 1.14
34.3 2.09 1.26 1.13
34.4 2.06 1.24 1.13
34.5 2.03 1.22 1.12
34.6 2.0 1.2 1.12
34.7 1.97 1.18 1.11
34.8 1.95 1.16 1.11
34.9 1.93 1.14 1.1
35.0 1.91 1.12 1.1
35.1 1.9 1.11 1.09
35.2 1.89 1.09 1.09
35.3 1.88 1.08 1.08
35.4 1.88 1.08 1.08
35.5 1.88 1.07 1.07
35.6 1.88 1.07 1.07
35.7 1.88 1.07 1.06
35.8 1.89 1.07 1.06
35.9 1.9 1.08 1.05
36.0 1.92 1.08 1.05
36.1 1.93 1.09 1.04
36.2 1.95 1.1 1.04
36.3 1.96 1.11 1.03
36.4 1.98 1.12 1.03
36.5 1.99 1.13 1.02
36.6 2.01 1.14 1.02
36.7 2.02 1.15 1.01
36.8 2.04 1.15 1.01
36.9 2.05 1.16 1.0
37.0 2.06 1.16 1.0
37.1 2.07 1.16 0.996
37.2 2.08 1.17 0.992
37.3 2.09 1.17 0.988
37.4 2.09 1.17 0.984
37.5 2.1 1.17 0.98
37.6 2.1 1.17 0.976
37.7 2.11 1.17 0.972
37.8 2.11 1.17 0.969
37.9 2.12 1.17 0.966
38.0 2.13 1.17 0.963
38.1 2.13 1.17 0.96
38.2 2.14 1.18 0.957
38.3 2.14 1.18 0.954
38.4 2.15 1.19 0.952
38.5 2.16 1.19 0.949
38.6 2.17 1.2 0.947
38.7 2.18 1.21 0.945
38.8 2.19 1.22 0.943
38.9 2.2 1.23 0.942
39.0 2.21 1.24 0.94
39.1 2.22 1.25 0.939
39.2 2.23 1.26 0.938
39.3 2.25 1.28 0.937
39.4 2.26 1.29 0.936
39.5 2.27 1.3 0.935
39.6 2.29 1.32 0.934
39.7 2.3 1.33 0.934
39.8 2.31 1.34 0.934
39.9 2.33 1.36 0.933
40.0 2.34 1.37 0.933
40.1 2.36 1.39 0.933
40.2 2.37 1.4 0.933
40.3 2.39 1.42 0.933
40.4 2.4 1.43 0.934
40.5 2.42 1.45 0.934
40.6 2.44 1.46 0.934
40.7 2.45 1.48 0.934
40.8 2.47 1.49 0.935
40.9 2.49 1.51 0.935
41.0 2.5 1.52 0.935
41.1 2.52 1.54 0.936
41.2 2.54 1.56 0.936
41.3 2.56 1.57 0.937
41.4 2.58 1.59 0.937
41.5 2.6 1.61 0.937
41.6 2.63 1.62 0.938
41.7 2.65 1.64 0.939
41.8 2.67 1.65 0.939
41.9 2.69 1.67 0.94
42.0 2.71 1.68 0.94
42.1 2.73 1.69 0.941
42.2 2.75 1.71 0.942
42.3 2.77 1.72 0.943
42.4 2.79 1.73 0.944
42.5 2.81 1.74 0.946
42.6 2.83 1.75 0.947
42.7 2.84 1.76 0.949
42.8 2.85 1.77 0.951
42.9 2.85 1.78 0.953
43.0 2.85 1.79 0.955
43.1 2.85 1.8 0.957
43.2 2.85 1.81 0.959
43.3 2.84 1.81 0.961
43.4 2.84 1.82 0.964
43.5 2.83 1.83 0.966
43.6 2.83 1.83 0.969
43.7 2.82 1.84 0.971
43.8 2.81 1.85 0.974
43.9 2.8 1.86 0.976
44.0 2.8 1.86 0.979
44.1 2.79 1.87 0.981
44.2 2.78 1.87 0.984
44.3 2.77 1.88 0.987
44.4 2.76 1.89 0.989
44.5 2.75 1.89 0.992
44.6 2.74 1.9 0.995
44.7 2.73 1.9 0.997
44.8 2.72 1.91 1.0
44.9 2.71 1.92 1.0
45.0 2.7 1.92 1.01
45.1 2.69 1.93 1.01
45.2 2.68 1.93 1.01
45.3 2.67 1.94 1.01
45.4 2.66 1.94 1.02
45.5 2.65 1.95 1.02
45.6 2.64 1.95 1.02
45.7 2.63 1.96 1.03
45.8 2.62 1.96 1.03
45.9 2.6 1.97 1.03
46.0 2.59 1.97 1.04
46.1 2.58 1.97 1.04
46.2 2.56 1.98 1.05
46.3 2.55 1.98 1.05
46.4 2.54 1.98 1.06
46.5 2.52 1.99 1.07
46.6 2.51 1.99 1.07
46.7 2.49 1.99 1.08
46.8 2.48 1.99 1.1
46.9 2.46 1.99 1.11
47.0 2.44 1.99 1.13
47.1 2.42 1.98 1.15
47.2 2.4 1.98 1.16
47.3 2.38 1.98 1.18
47.4 2.37 1.98 1.2
47.5 2.35 1.97 1.21
47.6 2.33 1.97 1.23
47.7 2.31 1.97 1.24
47.8 2.29 1.96 1.26
47.9 2.27 1.96 1.28
48.0 2.25 1.96 1.29
48.1 2.23 1.95 1.31
48.2 2.21 1.95 1.32
48.3 2.18 1.94 1.34
48.4 2.16 1.94 1.35
48.5 2.14 1.93 1.37
48.6 2.12 1.93 1.38
48.7 2.1 1.92 1.4
48.8 2.08 1.91 1.41
48.9 2.06 1.91 1.42
49.0 2.04 1.9 1.44
49.1 2.02 1.89 1.45
49.2 2.0 1.89 1.46
49.3 1.98 1.88 1.48
49.4 1.96 1.87 1.49
49.5 1.95 1.87 1.5
49.6 1.94 1.86 1.51
49.7 1.93 1.85 1.52
49.8 1.92 1.84 1.53
49.9 1.91 1.83 1.55
