0.0 0.0542 -0.000177 -0.0306 0.0623
0.1 0.107 -0.388 -0.0583 0.406
0.2 0.154 -0.413 -0.0835 0.449
0.3 0.199 -0.437 -0.106 0.492
0.4 0.241 -0.46 -0.127 0.534
0.5 0.28 -0.482 -0.146 0.576
0.6 0.293 -0.491 -0.163 0.594
0.7 0.0914 -0.253 -0.111 0.291
0.8 0.0994 -0.169 -0.0398 0.2
0.9 -0.0227 -0.133 -0.00506 0.135
1.0 -0.0149 -0.125 -0.0053 0.126
1.1 -0.012 -0.119 -0.00543 0.12
1.2 0.398 -0.502 -0.194 0.67
1.3 0.428 -0.522 -0.207 0.706
1.4 0.455 -0.541 -0.219 0.74
1.5 0.481 -0.553 -0.175 0.754
1.6 0.333 -0.17 -0.0294 0.375
1.7 0.116 -0.179 -0.0433 0.218
1.8 0.114 -0.172 -0.0405 0.21
1.9 0.112 -0.165 -0.0381 0.203
2.0 0.11 -0.158 -0.0358 0.196
2.1 0.108 -0.153 -0.0336 0.19
2.2 0.106 -0.147 -0.0316 0.184
2.3 0.46 -0.423 -0.0574 0.627
2.4 0.369 -0.358 -0.0377 0.515
2.5 0.106 -0.16 -0.0256 0.193
2.6 0.105 -0.156 -0.0248 0.19
2.7 0.106 -0.15 -0.0236 0.185
2.8 0.0961 -0.144 -0.0218 0.174
2.9 0.0855 -0.139 -0.0199 0.165
3.0 0.0694 -0.135 -0.0174 0.153
3.1 0.0519 -0.132 -0.0149 0.143
3.2 0.0398 -0.129 -0.0132 0.136
3.3 0.0299 -0.125 -0.0117 0.129
3.4 0.339 -0.325 -0.0247 0.47
3.5 -0.294 0.255 0.143 0.414
3.6 -0.319 -0.00287 0.0799 0.329
3.7 -0.122 -0.0804 0.0319 0.15
3.8 -0.0923 -0.0909 0.0234 0.132
3.9 -0.0812 -0.0854 0.0212 0.12
4.0 -0.0737 -0.0819 0.0194 0.112
4.1 -0.0765 -0.0792 0.0193 0.112
4.2 -0.0816 -0.0757 0.0197 0.113
4.3 -0.0821 -0.0726 0.0192 0.111
4.4 -0.0825 -0.0695 0.0189 0.11
4.5 -0.387 0.306 0.161 0.519
4.6 -0.409 0.333 0.199 0.564
4.7 -0.429 0.354 0.204 0.593
4.8 -0.445 0.0903 0.14 0.475
4.9 -0.32 0.0436 0.0997 0.338
5.0 -0.286 0.047 0.0906 0.304
5.1 -0.259 0.0477 0.0832 0.276
5.2 -0.245 0.049 0.0785 0.262
5.3 -0.235 0.0509 0.0748 0.252
5.4 -0.225 0.0525 0.071 0.242
5.5 -0.216 0.054 0.0675 0.232
5.6 -0.492 0.387 0.219 0.663
5.7 -0.51 0.409 0.228 0.692
5.8 -0.527 0.201 0.237 0.612
5.9 -0.442 0.171 0.186 0.509
6.0 -0.384 0.164 0.163 0.448
6.1 -0.378 0.166 0.16 0.442
6.2 -0.378 0.168 0.159 0.443
6.3 -0.38 0.173 0.159 0.447
6.4 -0.385 0.176 0.161 0.453
6.5 -0.386 0.18 0.161 0.456
6.6 -0.374 0.174 0.155 0.441
6.7 -0.579 0.454 0.257 0.78
6.8 -0.573 0.345 0.264 0.719
6.9 -0.446 0.198 0.236 0.542
7.0 -0.43 0.198 0.223 0.524
7.1 -0.417 0.199 0.216 0.51
7.2 -0.417 0.198 0.217 0.51
7.3 -0.419 0.199 0.219 0.513
7.4 -0.42 0.201 0.221 0.516
7.5 -0.424 0.203 0.224 0.52
7.6 -0.425 0.206 0.227 0.524
7.7 -0.426 0.208 0.228 0.526
7.8 -0.609 0.361 0.293 0.766
7.9 -0.434 0.205 0.296 0.564
8.0 -0.422 0.177 0.292 0.543
8.1 -0.395 0.212 0.294 0.536
8.2 -0.39 0.213 0.294 0.533
8.3 -0.388 0.212 0.296 0.532
8.4 -0.386 0.21 0.295 0.529
8.5 -0.377 0.212 0.295 0.523
8.6 -0.372 0.211 0.294 0.519
8.7 -0.365 0.208 0.29 0.511
8.8 -0.356 0.204 0.284 0.499
8.9 -0.342 0.194 0.271 0.477
9.0 -0.415 0.181 0.322 0.556
9.1 -0.468 0.152 0.34 0.598
9.2 -0.311 0.141 0.344 0.485
9.3 -0.26 0.142 0.349 0.458
9.4 -0.172 0.147 0.348 0.416
9.5 -0.124 0.124 0.281 0.332
9.6 -0.136 0.111 0.227 0.287
9.7 -0.175 0.103 0.185 0.275
9.8 -0.192 0.0956 0.16 0.267
9.9 -0.187 0.0895 0.155 0.259
10.0 -0.18 0.0865 0.147 0.248
10.1 0.121 -0.1 0.329 0.364
10.2 -0.00773 -0.0241 0.227 0.228
10.3 -0.136 0.0569 0.154 0.213
10.4 -0.143 0.0604 0.143 0.211
10.5 -0.142 0.0589 0.139 0.207
10.6 -0.14 0.0577 0.134 0.203
10.7 -0.139 0.0565 0.131 0.199
10.8 -0.138 0.0553 0.127 0.195
10.9 -0.137 0.0542 0.124 0.192
11.0 -0.136 0.0533 0.121 0.19
11.1 -0.142 -0.105 0.0909 0.198
11.2 -0.136 0.0273 0.111 0.178
11.3 -0.134 0.0386 0.112 0.179
11.4 -0.134 0.0373 0.11 0.177
11.5 -0.149 0.016 0.0915 0.175
11.6 -0.164 0.0046 0.0742 0.18
11.7 -0.179 -0.000605 0.0578 0.188
11.8 -0.188 0.00123 0.0472 0.194
11.9 -0.195 0.00425 0.0384 0.199
12.0 -0.202 0.00723 0.0306 0.204
12.1 -0.191 -0.0586 0.00873 0.2
12.2 -0.2 -0.047 -0.00386 0.205
12.3 -0.209 -0.0405 -0.0184 0.214
12.4 -0.215 -0.0332 -0.028 0.22
12.5 -0.215 -0.0241 -0.0272 0.218
12.6 -0.219 -0.0188 -0.0333 0.222
12.7 -0.226 -0.0156 -0.0448 0.231
12.8 -0.229 -0.0115 -0.0506 0.235
12.9 -0.23 -0.00768 -0.0527 0.236
13.0 -0.224 -0.00283 -0.0435 0.228
13.1 -0.216 -0.0752 -0.0705 0.239
13.2 -0.219 -0.0533 -0.0699 0.236
13.3 -0.22 -0.0392 -0.0669 0.233
13.4 -0.215 -0.0283 -0.055 0.224
13.5 -0.219 -0.0248 -0.0634 0.23
13.6 -0.225 -0.0222 -0.0753 0.238
13.7 -0.228 -0.019 -0.0832 0.244
13.8 -0.229 -0.0151 -0.0855 0.245
13.9 -0.229 -0.0115 -0.0848 0.244
14.0 -0.227 -0.00859 -0.0821 0.242
14.1 -0.222 -0.059 -0.111 0.255
14.2 -0.222 -0.0409 -0.105 0.249
14.3 -0.223 -0.031 -0.103 0.247
14.4 -0.223 -0.0242 -0.0984 0.245
14.5 -0.218 -0.0181 -0.0833 0.234
14.6 -0.223 -0.0166 -0.0973 0.244
14.7 -0.226 -0.0144 -0.106 0.25
14.8 -0.227 -0.0116 -0.109 0.252
14.9 -0.227 -0.00934 -0.109 0.252
15.0 -0.225 -0.00652 -0.105 0.248
15.1 -0.415 0.0383 0.183 0.456
15.2 -0.242 -0.0476 -0.141 0.284
15.3 -0.233 -0.0268 -0.108 0.258
15.4 -0.232 -0.0185 -0.0973 0.252
15.5 -0.227 -0.0119 -0.0814 0.241
15.6 -0.23 -0.0102 -0.0961 0.25
15.7 -0.239 -0.0105 -0.122 0.269
15.8 -0.24 -0.00844 -0.128 0.272
15.9 -0.239 -0.00602 -0.129 0.272
16.0 -0.234 -0.00367 -0.114 0.26
16.1 -0.229 -0.00151 -0.101 0.25
16.2 -0.247 -0.0419 -0.205 0.324
16.3 -0.255 -0.0321 -0.213 0.334
16.4 -0.253 -0.0185 -0.22 0.336
16.5 -0.228 0.0293 -0.212 0.313
16.6 -0.22 0.0315 -0.169 0.279
16.7 -0.21 0.0291 -0.117 0.242
16.8 -0.211 0.03 -0.121 0.245
16.9 -0.213 0.0308 -0.125 0.249
17.0 -0.219 0.0312 -0.145 0.264
17.1 -0.225 0.0301 -0.161 0.279
17.2 -0.232 0.028 -0.175 0.292
17.3 -0.219 0.0276 -0.134 0.258
17.4 -0.221 0.0255 -0.137 0.261
17.5 -0.297 0.0221 -0.223 0.372
17.6 -0.283 0.00544 -0.174 0.332
17.7 -0.253 0.00218 -0.125 0.282
17.8 -0.256 -0.00307 -0.123 0.284
17.9 -0.258 -0.00594 -0.121 0.285
18.0 -0.255 -0.00547 -0.113 0.279
18.1 -0.25 -0.00386 -0.104 0.271
18.2 -0.242 -0.000918 -0.0905 0.258
18.3 -0.227 0.00468 -0.0683 0.237
18.4 -0.212 0.0104 -0.0461 0.217
18.5 -0.31 0.0165 -0.216 0.378
18.6 -0.522 0.4 -0.129 0.67
18.7 -0.614 0.426 -0.113 0.755
18.8 -0.657 0.34 -0.075 0.743
18.9 -0.602 0.211 -0.0549 0.64
19.0 -0.513 0.141 -0.0429 0.534
19.1 -0.399 0.106 -0.0365 0.414
19.2 -0.3 0.0812 -0.0384 0.313
19.3 -0.294 0.0779 -0.0355 0.307
19.4 -0.289 0.0744 -0.0332 0.301
19.5 -0.284 0.072 -0.0311 0.294
19.6 -0.28 0.0689 -0.0287 0.29
19.7 -0.655 0.456 -0.0896 0.803
19.8 -0.306 -0.0727 0.114 0.335
19.9 -0.253 -0.101 0.146 0.309
20.0 -0.253 -0.0633 0.123 0.289
20.1 -0.254 -0.0167 0.0873 0.269
20.2 -0.256 0.0112 0.0603 0.263
20.3 -0.259 0.0266 0.042 0.264
20.4 -0.254 0.0299 0.0393 0.259
20.5 -0.246 0.0314 0.0406 0.252
20.6 -0.244 0.0348 0.0363 0.249
20.7 -0.24 0.0376 0.0361 0.246
20.8 -0.239 0.0403 0.032 0.245
20.9 -0.24 -0.129 0.163 0.318
21.0 -0.069 0.416 0.194 0.464
21.1 -0.0563 0.441 0.203 0.489
21.2 -0.0945 0.422 0.22 0.485
21.3 -0.211 0.234 0.174 0.36
21.4 -0.232 0.208 0.143 0.342
21.5 -0.24 0.188 0.124 0.329
21.6 -0.247 0.169 0.11 0.319
21.7 -0.254 0.157 0.103 0.316
21.8 -0.261 0.143 0.0971 0.313
21.9 -0.262 0.137 0.0877 0.308
22.0 -0.265 0.129 0.0825 0.306
22.1 -0.268 0.123 0.0776 0.305
22.2 -0.1 0.446 0.23 0.512
22.3 -0.0672 -0.0394 0.245 0.257
22.4 -0.0494 -0.0618 0.253 0.265
22.5 -0.13 0.0557 0.229 0.27
22.6 -0.148 0.117 0.182 0.262
22.7 -0.157 0.144 0.159 0.266
22.8 -0.157 0.137 0.141 0.252
22.9 -0.164 0.124 0.116 0.236
23.0 -0.182 0.095 0.0841 0.222
23.1 -0.186 0.0927 0.0746 0.221
23.2 -0.186 0.0902 0.0707 0.219
23.3 -0.187 0.086 0.067 0.216
23.4 -0.04 -0.0761 0.25 0.265
23.5 -0.0313 -0.088 0.26 0.276
23.6 -0.0231 -0.0992 0.269 0.287
23.7 -0.0154 -0.11 0.277 0.298
23.8 0.248 -0.00722 -0.0928 0.265
23.9 0.271 -0.00948 -0.111 0.293
24.0 0.292 0.0553 -0.127 0.324
24.1 0.313 0.0421 -0.142 0.346
24.2 0.0798 -0.129 0.222 0.269
24.3 0.0278 -0.0318 0.2 0.205
24.4 -0.0223 0.0284 0.14 0.145
24.5 -0.0515 0.0325 0.0889 0.108
24.6 -0.0767 0.0283 0.061 0.102
24.7 -0.0828 0.0298 0.0583 0.106
24.8 -0.0876 0.0301 0.0569 0.109
24.9 -0.0934 0.0319 0.0546 0.113
25.0 -0.0976 0.0323 0.0534 0.116
25.1 0.302 -0.355 -0.0602 0.47
25.2 0.324 -0.379 -0.0627 0.503
25.3 0.344 -0.214 0.129 0.425
25.4 0.0178 0.0473 0.124 0.134
25.5 -0.0204 0.0723 0.0812 0.111
25.6 -0.0488 0.00475 0.0507 0.0705
25.7 -0.0553 -0.000493 0.0493 0.074
25.8 -0.0609 0.00806 0.0486 0.0783
25.9 -0.0673 0.0034 0.0465 0.0818
26.0 -0.0715 0.00489 0.0467 0.0855
26.1 -0.0763 0.0064 0.0458 0.0892
26.2 -0.0803 0.0124 0.0455 0.0931
26.3 0.24 -0.0733 0.0449 0.255
26.4 0.239 -0.0773 0.0674 0.26
26.5 -0.0543 0.0264 0.045 0.0752
26.6 -0.0603 0.0529 0.0432 0.0911
26.7 -0.063 0.0104 0.0446 0.0779
26.8 -0.0676 0.0122 0.0442 0.0816
26.9 -0.0715 0.0141 0.0439 0.0851
27.0 -0.0761 0.0235 0.0424 0.0903
27.1 -0.0826 0.0462 0.0382 0.102
27.2 -0.0862 0.0482 0.0372 0.106
27.3 -0.0912 0.0606 0.0339 0.115
27.4 0.23 0.0107 -0.0555 0.237
27.5 0.252 0.00134 -0.06 0.259
27.6 -0.0334 0.0265 0.0226 0.0483
27.7 0.0409 0.0653 -0.00586 0.0773
27.8 0.054 0.0433 -0.00551 0.0694
27.9 0.0696 0.0267 -0.00779 0.075
28.0 0.0765 0.0202 -0.00981 0.0797
28.1 0.072 0.00943 -0.00857 0.0731
28.2 0.0567 0.0009 -0.00467 0.0569
28.3 0.0359 0.00134 0.000125 0.036
28.4 0.00348 0.00299 0.00905 0.0101
28.5 0.138 0.0125 -0.0752 0.158
28.6 0.127 0.0285 -0.0841 0.155
28.7 0.113 0.0478 -0.0929 0.154
28.8 0.0996 0.0579 -0.1 0.153
28.9 0.0979 0.0481 -0.106 0.152
29.0 0.111 -0.0246 -0.103 0.154
29.1 0.101 -0.0712 -0.102 0.16
29.2 0.0876 -0.105 -0.104 0.172
29.3 0.0612 -0.123 -0.102 0.171
29.4 0.0197 -0.117 -0.0865 0.147
29.5 -0.0137 -0.0863 -0.0662 0.11
29.6 -0.0319 -0.0661 -0.0488 0.0882
29.7 -0.044 -0.06 -0.0418 0.0854
29.8 -0.053 -0.0546 -0.0365 0.0844
29.9 0.172 0.0675 -0.177 0.256
30.0 0.167 0.0624 -0.186 0.258
30.1 0.0921 -0.0213 -0.187 0.209
30.2 0.0554 -0.0713 -0.185 0.205
30.3 -0.014 -0.0918 -0.14 0.168
30.4 -0.0269 -0.0594 -0.141 0.155
30.5 -0.0262 -0.0462 -0.143 0.153
30.6 -0.0213 -0.0408 -0.149 0.156
30.7 -0.0153 -0.0364 -0.152 0.157
30.8 -0.01 -0.0345 -0.15 0.154
30.9 -0.00413 -0.0376 -0.15 0.155
31.0 7.23e-05 -0.0436 -0.148 0.154
31.1 -0.00318 -0.0455 -0.127 0.135
31.2 0.191 0.0967 -0.243 0.324
31.3 0.249 0.0753 -0.251 0.361
31.4 0.3 0.018 -0.253 0.393
31.5 0.335 -0.0485 -0.249 0.421
31.6 0.354 -0.0511 -0.255 0.439
31.7 0.277 -0.121 -0.204 0.364
31.8 0.245 -0.138 -0.194 0.341
31.9 0.237 -0.149 -0.199 0.344
32.0 0.232 -0.136 -0.205 0.338
32.1 0.229 -0.125 -0.21 0.335
32.2 0.221 -0.113 -0.209 0.325
32.3 0.213 -0.105 -0.205 0.314
32.4 0.201 -0.0966 -0.195 0.296
32.5 0.175 -0.0841 -0.173 0.26
32.6 0.427 -0.245 -0.246 0.55
32.7 0.454 -0.25 -0.251 0.576
32.8 0.408 -0.223 -0.236 0.521
32.9 0.348 -0.191 -0.211 0.45
33.0 0.333 -0.183 -0.206 0.432
33.1 0.32 -0.174 -0.205 0.418
33.2 0.316 -0.166 -0.206 0.412
33.3 0.308 -0.156 -0.203 0.401
33.4 0.292 -0.143 -0.194 0.378
33.5 0.257 -0.124 -0.174 0.335
33.6 0.207 -0.102 -0.145 0.273
33.7 0.512 -0.207 -0.226 0.596
33.8 0.547 -0.199 -0.226 0.624
33.9 0.503 -0.178 -0.212 0.574
34.0 0.482 -0.166 -0.204 0.549
34.1 0.463 -0.155 -0.193 0.525
34.2 0.43 -0.141 -0.176 0.486
34.3 0.426 -0.134 -0.165 0.476
34.4 0.296 -0.104 -0.13 0.34
34.5 0.238 -0.0918 -0.115 0.28
34.6 0.2 -0.0814 -0.104 0.24
34.7 0.184 -0.0786 -0.1 0.224
34.8 0.28 -0.0867 -0.0933 0.308
34.9 0.287 -0.0833 -0.0826 0.31
35.0 0.466 -0.0953 -0.0772 0.482
35.1 0.379 -0.0876 -0.07 0.395
35.2 0.363 -0.0848 -0.0613 0.378
35.3 0.328 -0.0794 -0.0574 0.343
35.4 0.339 -0.0779 -0.0489 0.352
35.5 0.275 -0.0712 -0.0553 0.289
35.6 0.303 -0.0711 -0.044 0.314
35.7 0.326 -0.0703 -0.034 0.335
35.8 0.332 -0.069 -0.0253 0.34
35.9 0.393 -0.0558 0.0656 0.402
36.0 0.387 -0.0528 0.0758 0.398
36.1 0.384 -0.0477 0.0579 0.391
36.2 0.45 -0.0451 0.0929 0.462
36.3 0.408 -0.0469 0.0848 0.419
36.4 0.384 -0.0472 0.0821 0.396
36.5 0.374 -0.0468 0.0853 0.386
36.6 0.361 -0.0464 0.0852 0.374
36.7 0.344 -0.0459 0.0821 0.357
36.8 0.323 -0.0455 0.0749 0.334
36.9 0.294 -0.0452 0.0599 0.303
37.0 0.438 -0.0253 0.141 0.46
37.1 0.385 -0.0246 0.0993 0.399
37.2 0.446 -0.0209 0.0942 0.457
37.3 0.416 -0.0236 0.0984 0.428
37.4 0.402 -0.0246 0.106 0.417
37.5 0.386 -0.026 0.109 0.402
37.6 0.376 -0.0269 0.113 0.393
37.7 0.374 -0.0277 0.113 0.391
37.8 0.367 -0.0286 0.112 0.385
37.9 0.36 -0.0295 0.107 0.377
38.0 0.436 -0.0293 0.148 0.461
38.1 0.254 -0.0274 0.209 0.331
38.2 0.212 -0.0271 0.216 0.304
38.3 0.2 -0.0178 0.223 0.3
38.4 0.238 -0.00762 0.227 0.329
38.5 0.274 -0.0125 0.157 0.316
38.6 0.287 -0.0154 0.133 0.317
38.7 0.3 -0.015 0.134 0.328
38.8 0.31 -0.0145 0.136 0.339
38.9 0.327 -0.0146 0.134 0.354
39.0 0.329 -0.0149 0.133 0.355
39.1 0.328 -0.0161 0.126 0.352
39.2 0.114 -0.325 0.236 0.418
39.3 0.112 -0.352 0.243 0.442
39.4 0.103 -0.272 0.25 0.384
39.5 0.164 -0.164 0.256 0.345
39.6 0.248 -0.0636 0.253 0.36
39.7 0.324 0.0336 0.235 0.402
39.8 0.247 -0.02 0.134 0.282
39.9 0.206 -0.062 0.0832 0.231
40.0 0.201 -0.0576 0.0771 0.223
40.1 0.2 -0.0437 0.0814 0.22
40.2 0.197 -0.024 0.0926 0.219
40.3 0.0976 -0.44 0.169 0.481
40.4 0.127 -0.463 0.176 0.511
40.5 0.152 -0.264 0.142 0.336
40.6 0.166 -0.092 0.0912 0.211
40.7 0.171 -0.0777 0.0822 0.205
40.8 0.167 -0.0524 0.0922 0.198
40.9 0.169 -0.0223 0.104 0.199
41.0 0.167 -0.00108 0.112 0.201
41.1 0.167 0.0152 0.118 0.205
41.2 0.171 0.0199 0.115 0.207
41.3 0.179 -0.0122 0.0875 0.2
41.4 0.242 -0.419 -0.000959 0.484
41.5 0.288 -0.37 -0.014 0.469
41.6 0.184 -0.101 0.0424 0.213
41.7 0.175 -0.095 0.0416 0.204
41.8 0.18 -0.0945 0.0395 0.207
41.9 0.179 -0.0926 0.0377 0.205
42.0 0.179 -0.0909 0.0359 0.204
42.1 0.179 -0.0884 0.0349 0.202
42.2 0.183 -0.099 0.028 0.21
42.3 0.189 -0.111 0.0199 0.22
42.4 0.218 -0.176 -0.0153 0.28
42.5 0.521 -0.426 -0.148 0.689
42.6 0.548 -0.444 -0.126 0.716
42.7 0.254 -0.173 -0.00623 0.308
42.8 0.302 -0.229 -0.0236 0.38
42.9 0.335 -0.266 -0.0358 0.43
43.0 0.358 -0.285 -0.0438 0.46
43.1 0.372 -0.289 -0.0478 0.474
43.2 0.369 -0.277 -0.0451 0.463
43.3 0.354 -0.259 -0.039 0.441
43.4 0.368 -0.268 -0.0431 0.458
43.5 0.372 -0.269 -0.0434 0.461
43.6 0.602 -0.494 -0.145 0.792
43.7 0.275 -0.189 -0.00904 0.334
43.8 0.266 -0.17 0.00352 0.316
43.9 0.401 -0.262 -0.0141 0.479
44.0 0.439 -0.286 -0.0164 0.524
44.1 0.439 -0.28 -0.0146 0.521
44.2 0.434 -0.274 -0.0122 0.513
44.3 0.421 -0.266 -0.00884 0.498
44.4 0.415 -0.26 -0.00799 0.49
44.5 0.398 -0.247 -0.00557 0.468
44.6 0.38 -0.235 -0.00273 0.447
44.7 0.358 -0.221 -0.000362 0.421
44.8 0.291 -0.173 0.0142 0.339
44.9 0.0885 0.085 0.0733 0.143
45.0 0.279 -0.158 0.00682 0.321
45.1 0.327 -0.183 -0.00146 0.375
45.2 0.329 -0.183 -0.0025 0.377
45.3 0.327 -0.18 -0.00238 0.373
45.4 0.317 -0.175 -0.000411 0.362
45.5 0.308 -0.168 0.00118 0.351
45.6 0.292 -0.159 0.00406 0.332
45.7 0.269 -0.147 0.00653 0.307
45.8 0.265 -0.142 0.00665 0.301
45.9 -0.115 0.246 -0.0381 0.274
46.0 -0.13 0.244 -0.0458 0.28
46.1 0.184 -0.0697 -0.0168 0.197
46.2 0.207 -0.0863 -0.000147 0.224
46.3 0.209 -0.0885 0.00107 0.227
46.4 0.21 -0.0877 0.00114 0.227
46.5 0.207 -0.0862 0.00111 0.225
46.6 0.2 -0.0825 0.000286 0.217
46.7 0.193 -0.0753 -0.00163 0.207
46.8 0.183 -0.0668 -0.00421 0.194
46.9 0.172 -0.059 -0.00711 0.182
47.0 0.0454 0.181 -0.0592 0.196
47.1 0.0296 0.174 -0.0642 0.188
47.2 0.0879 0.0134 -0.028 0.0933
47.3 0.107 -6.93e-06 -0.0239 0.109
47.4 0.115 -0.00651 -0.0219 0.117
47.5 0.116 -0.00749 -0.0211 0.118
47.6 0.113 -0.00535 -0.0215 0.115
47.7 0.108 -0.00425 -0.0219 0.11
47.8 0.117 -0.0108 -0.0192 0.119
47.9 0.145 -0.0316 -0.012 0.149
48.0 0.167 -0.0488 -0.00623 0.174
48.1 0.0217 0.12 -0.0563 0.135
48.2 -0.00733 0.13 -0.0597 0.143
48.3 -0.0301 0.0846 -0.0524 0.104
48.4 -0.00781 0.0706 -0.0484 0.086
48.5 0.00847 0.0619 -0.0447 0.0768
48.6 0.0416 0.0389 -0.0365 0.0676
48.7 0.0883 0.0053 -0.0245 0.0918
48.8 0.129 -0.021 -0.0145 0.132
48.9 0.138 -0.0279 -0.0126 0.141
49.0 0.142 -0.0284 -0.0113 0.145
49.1 0.143 -0.0329 -0.0102 0.147
49.2 -0.125 0.164 -0.0796 0.221
49.3 -0.146 0.176 -0.0843 0.244
49.4 -0.136 0.143 -0.0769 0.212
49.5 -0.0534 0.0864 -0.0568 0.116
49.6 0.0234 0.0371 -0.0377 0.0579
49.7 0.0906 -0.000971 -0.0223 0.0934
49.8 0.103 -0.00737 -0.0185 0.105
49.9 0.107 -0.0115 -0.018 0.11
