0.0 2.44e+02 2.0
0.1 2.94e+02 2.0
0.2 1.18e+02 2.0
0.3 0.000138 2.0
0.4 9.99e-05 2.0
0.5 0.000137 2.0
0.6 0.000158 2.0
0.7 0.000125 2.0
0.8 9.38e-05 2.0
0.9 0.000159 2.0
1.0 0.0001 2.0
1.1 8.17e-05 2.0
1.2 2.54e+02 2.0
1.3 1.18e+02 2.0
1.4 7.75e-05 2.0
1.5 0.000107 2.0
1.6 0.00013 2.0
1.7 9.12e-05 2.0
1.8 0.000112 2.0
1.9 8.23e-05 2.0
2.0 0.00016 2.0
2.1 8.52e-05 2.0
2.2 8.78e-05 2.0
2.3 2.73e+02 2.0
2.4 1.51e+02 2.0
2.5 0.000194 2.0
2.6 0.00012 2.0
2.7 0.00012 2.0
2.8 7.53e-05 2.0
2.9 0.000135 2.0
3.0 0.000125 2.0
3.1 8.91e-05 2.0
3.2 7.96e-05 2.0
3.3 8.12e-05 2.0
3.4 2.81e+02 2.0
3.5 2.28e+02 2.0
3.6 0.000103 2.0
3.7 8.3e-05 2.0
3.8 0.000138 2.0
3.9 0.000146 2.0
4.0 0.000112 2.0
4.1 0.000106 2.0
4.2 7.31e-05 2.0
4.3 8.39e-05 2.0
4.4 0.000127 2.0
4.5 2.88e+02 2.0
4.6 1.93e+02 2.0
4.7 7.44e-05 2.0
4.8 0.000109 2.0
4.9 0.000136 2.0
5.0 0.000118 2.0
5.1 0.000135 2.0
5.2 0.000131 2.0
5.3 0.000123 2.0
5.4 0.000129 2.0
5.5 0.000109 2.0
5.6 2.88e+02 2.0
5.7 2.27e+02 2.0
5.8 0.000115 2.0
5.9 0.000112 2.0
6.0 9.51e-05 2.0
6.1 8.19e-05 2.0
6.2 8.9e-05 2.0
6.3 7.58e-05 2.0
6.4 0.00013 2.0
6.5 9.55e-05 2.0
6.6 7.08e-05 2.0
6.7 2.88e+02 2.0
6.8 2.09e+02 2.0
6.9 0.000118 2.0
7.0 9.6e-05 2.0
7.1 0.0001 2.0
7.2 0.000107 2.0
7.3 0.000113 2.0
7.4 0.000106 2.0
7.5 0.000138 2.0
7.6 0.000122 2.0
7.7 7.01e-05 2.0
7.8 2.88e+02 2.0
7.9 2.87e+02 2.0
8.0 67.5 2.0
8.1 0.000108 2.0
8.2 8.24e-05 2.0
8.3 9.86e-05 2.0
8.4 0.000129 2.0
8.5 0.000148 2.0
8.6 0.000138 2.0
8.7 0.000196 2.0
8.8 0.000153 2.0
8.9 9.57e-05 2.0
9.0 2.86e+02 2.0
9.1 1.67e+02 2.0
9.2 0.000103 2.0
9.3 0.000109 2.0
9.4 8.64e-05 2.0
9.5 0.000138 2.0
9.6 6.95e-05 2.0
9.7 9.76e-05 2.0
9.8 7.41e-05 2.0
9.9 7e-05 2.0
10.0 0.00011 2.0
10.1 2.52e+02 2.0
10.2 0.000107 2.0
10.3 9.88e-05 2.0
10.4 0.000104 2.0
10.5 0.000123 2.0
10.6 7.27e-05 2.0
10.7 7.23e-05 2.0
10.8 0.000107 2.0
10.9 6.85e-05 2.0
11.0 0.000136 2.0
11.1 2.32e+02 2.0
11.2 0.000114 2.0
11.3 0.000108 2.0
11.4 0.000101 2.0
11.5 9.7e-05 2.0
11.6 0.000102 2.0
11.7 0.000117 2.0
11.8 0.000102 2.0
11.9 0.00012 2.0
12.0 0.000113 2.0
12.1 2.26e+02 2.0
12.2 7.58e-05 2.0
12.3 7.78e-05 2.0
12.4 7.97e-05 2.0
12.5 0.000115 2.0
12.6 6.73e-05 2.0
12.7 7.13e-05 2.0
12.8 6.71e-05 2.0
12.9 6.41e-05 2.0
13.0 0.000106 2.0
13.1 1.47e+02 2.0
13.2 8.2e-05 2.0
13.3 0.000106 2.0
13.4 8.39e-05 2.0
13.5 0.000111 2.0
13.6 7e-05 2.0
13.7 6.55e-05 2.0
13.8 9.42e-05 2.0
13.9 7.3e-05 2.0
14.0 0.00012 2.0
14.1 1.31e+02 2.0
14.2 6.92e-05 2.0
14.3 7.48e-05 2.0
14.4 7.2e-05 2.0
14.5 0.000109 2.0
14.6 7.11e-05 2.0
14.7 6.63e-05 2.0
14.8 7.21e-05 2.0
14.9 6.7e-05 2.0
15.0 0.000116 2.0
15.1 1.87e+02 2.0
15.2 92.5 2.0
15.3 7.64e-05 2.0
15.4 8.76e-05 2.0
15.5 0.000133 2.0
15.6 8.46e-05 2.0
15.7 7.23e-05 2.0
15.8 8.37e-05 2.0
15.9 8.12e-05 2.0
16.0 0.000108 2.0
16.1 6.38e-05 2.0
16.2 1.7e+02 2.0
16.3 1.93e+02 2.0
16.4 1.87e+02 2.0
16.5 14.9 2.0
16.6 6.65e-05 2.0
16.7 6.89e-05 2.0
16.8 6.84e-05 2.0
16.9 7.04e-05 2.0
17.0 0.000118 2.0
17.1 8.23e-05 2.0
17.2 7.93e-05 2.0
17.3 7.61e-05 2.0
17.4 7.01e-05 2.0
17.5 1.24e+02 2.0
17.6 8.02e-05 2.0
17.7 6.71e-05 2.0
17.8 7.43e-05 2.0
17.9 8.28e-05 2.0
18.0 0.000107 2.0
18.1 6.68e-05 2.0
18.2 6.27e-05 2.0
18.3 6.19e-05 2.0
18.4 6.97e-05 2.0
18.5 1.85e+02 2.0
18.6 1.84e+02 2.0
18.7 1.64e+02 2.0
18.8 7.08e-05 2.0
18.9 6.32e-05 2.0
19.0 0.00013 2.0
19.1 9.18e-05 2.0
19.2 8.03e-05 2.0
19.3 8.67e-05 2.0
19.4 6.99e-05 2.0
19.5 0.000114 2.0
19.6 6.76e-05 2.0
19.7 1.84e+02 2.0
19.8 1.82e+02 2.0
19.9 1.08e+02 2.0
20.0 0.000133 2.0
20.1 7.24e-05 2.0
20.2 6.68e-05 2.0
20.3 6.42e-05 2.0
20.4 6.32e-05 2.0
20.5 0.000106 2.0
20.6 6.88e-05 2.0
20.7 8.19e-05 2.0
20.8 8.38e-05 2.0
20.9 1.8e+02 2.0
21.0 1.8e+02 2.0
21.1 1.8e+02 2.0
21.2 12.7 2.0
21.3 6.65e-05 2.0
21.4 6.5e-05 2.0
21.5 0.000113 2.0
21.6 7.56e-05 2.0
21.7 6.69e-05 2.0
21.8 6.7e-05 2.0
21.9 6.49e-05 2.0
22.0 0.000113 2.0
22.1 6.98e-05 2.0
22.2 1.81e+02 2.0
22.3 1.81e+02 2.0
22.4 12.6 2.0
22.5 0.000111 2.0
22.6 6.38e-05 2.0
22.7 7.8e-05 2.0
22.8 6.13e-05 2.0
22.9 6.24e-05 2.0
23.0 0.000107 2.0
23.1 6.56e-05 2.0
23.2 6.41e-05 2.0
23.3 6.24e-05 2.0
23.4 1.89e+02 2.0
23.5 1.99e+02 2.0
23.6 1.96e+02 2.0
23.7 1.93e+02 2.0
23.8 1.88e+02 2.0
23.9 1.93e+02 2.0
24.0 1.91e+02 2.0
24.1 3.77 2.0
24.2 6.48e-05 2.0
24.3 6.76e-05 2.0
24.4 6.65e-05 2.0
24.5 0.00011 2.0
24.6 7.14e-05 2.0
24.7 6.55e-05 2.0
24.8 6.55e-05 2.0
24.9 6.84e-05 2.0
25.0 0.000114 2.0
25.1 1.1e+02 2.0
25.2 91.1 2.0
25.3 28.4 2.0
25.4 7.03e-05 2.0
25.5 0.000107 2.0
25.6 6.62e-05 2.0
25.7 7.05e-05 2.0
25.8 0.000244 2.0
25.9 0.000169 2.0
26.0 0.000104 2.0
26.1 6.52e-05 2.0
26.2 6.19e-05 2.0
26.3 1.82e+02 2.0
26.4 1.66e+02 2.0
26.5 0.00011 2.0
26.6 6.51e-05 2.0
26.7 6.42e-05 2.0
26.8 6.4e-05 2.0
26.9 6.48e-05 2.0
27.0 0.000103 2.0
27.1 6.19e-05 2.0
27.2 6.55e-05 2.0
27.3 6.23e-05 2.0
27.4 1.81e+02 2.0
27.5 77.4 2.0
27.6 8.1e-05 2.0
27.7 6.41e-05 2.0
27.8 6.41e-05 2.0
27.9 6.4e-05 2.0
28.0 0.000106 2.0
28.1 7.21e-05 2.0
28.2 0.000207 2.0
28.3 6.5e-05 2.0
28.4 7.07e-05 2.0
28.5 1.82e+02 2.0
28.6 1.83e+02 2.0
28.7 1.83e+02 2.0
28.8 1.83e+02 2.0
28.9 7.7 2.0
29.0 0.000148 2.0
29.1 6.55e-05 2.0
29.2 7.22e-05 2.0
29.3 7.04e-05 2.0
29.4 6.84e-05 2.0
29.5 0.00011 2.0
29.6 8.11e-05 2.0
29.7 7.32e-05 2.0
29.8 6.72e-05 2.0
29.9 1.83e+02 2.0
30.0 1.81e+02 2.0
30.1 1.81e+02 2.0
30.2 32.0 2.0
30.3 6.68e-05 2.0
30.4 6.89e-05 2.0
30.5 0.000113 2.0
30.6 7.35e-05 2.0
30.7 6.66e-05 2.0
30.8 6.75e-05 2.0
30.9 7.11e-05 2.0
31.0 0.000124 2.0
31.1 7.16e-05 2.0
31.2 1.8e+02 2.0
31.3 1.79e+02 2.0
31.4 1.8e+02 2.0
31.5 1.8e+02 2.0
31.6 3.89 2.0
31.7 6.32e-05 2.0
31.8 6.37e-05 2.0
31.9 6.17e-05 2.0
32.0 0.000106 2.0
32.1 6.36e-05 2.0
32.2 6.22e-05 2.0
32.3 6.16e-05 2.0
32.4 6.34e-05 2.0
32.5 0.000104 2.0
32.6 1.8e+02 2.0
32.7 78.2 2.0
32.8 9.29e-05 2.0
32.9 6.8e-05 2.0
33.0 0.000176 2.0
33.1 7.54e-05 2.0
33.2 7.85e-05 2.0
33.3 6.52e-05 2.0
33.4 6.77e-05 2.0
33.5 0.000125 2.0
33.6 7.31e-05 2.0
33.7 1.82e+02 2.0
33.8 67.8 2.0
33.9 8.58e-05 2.0
34.0 0.000108 2.0
34.1 9.67e-05 2.0
34.2 6.8e-05 2.0
34.3 6.75e-05 2.0
34.4 6.48e-05 2.0
34.5 0.000117 2.0
34.6 6.85e-05 2.0
34.7 6.54e-05 2.0
34.8 1.8e+02 2.0
34.9 63.7 2.0
35.0 0.000108 2.0
35.1 6.32e-05 2.0
35.2 6.31e-05 2.0
35.3 6.23e-05 2.0
35.4 6.78e-05 2.0
35.5 0.000124 2.0
35.6 7.11e-05 2.0
35.7 7.43e-05 2.0
35.8 6.54e-05 2.0
35.9 1.79e+02 2.0
36.0 46.3 2.0
36.1 6.93e-05 2.0
36.2 6.52e-05 2.0
36.3 6.28e-05 2.0
36.4 6.4e-05 2.0
36.5 0.000108 2.0
36.6 6.55e-05 2.0
36.7 6.32e-05 2.0
36.8 6.33e-05 2.0
36.9 6.31e-05 2.0
37.0 1.41e+02 2.0
37.1 7.02e-05 2.0
37.2 7.31e-05 2.0
37.3 6.76e-05 2.0
37.4 6.58e-05 2.0
37.5 0.000106 2.0
37.6 6.44e-05 2.0
37.7 6.37e-05 2.0
37.8 6.74e-05 2.0
37.9 6.29e-05 2.0
38.0 1.8e+02 2.0
38.1 1.79e+02 2.0
38.2 37.5 2.0
38.3 6.55e-05 2.0
38.4 6.11e-05 2.0
38.5 0.000111 2.0
38.6 7.13e-05 2.0
38.7 7.24e-05 2.0
38.8 6.81e-05 2.0
38.9 6.61e-05 2.0
39.0 0.000116 2.0
39.1 7.17e-05 2.0
39.2 1.81e+02 2.0
39.3 1.25e+02 2.0
39.4 7.27e-05 2.0
39.5 0.000111 2.0
39.6 0.000143 2.0
39.7 6.86e-05 2.0
39.8 9.44e-05 2.0
39.9 6.56e-05 2.0
40.0 0.000114 2.0
40.1 8.75e-05 2.0
40.2 8.85e-05 2.0
40.3 1.82e+02 2.0
40.4 1.09e+02 2.0
40.5 0.000115 2.0
40.6 6.61e-05 2.0
40.7 6.56e-05 2.0
40.8 6.71e-05 2.0
40.9 0.000115 2.0
41.0 0.00011 2.0
41.1 6.8e-05 2.0
41.2 6.22e-05 2.0
41.3 7.03e-05 2.0
41.4 1.82e+02 2.0
41.5 1.13e+02 2.0
41.6 6.72e-05 2.0
41.7 6.25e-05 2.0
41.8 6.25e-05 2.0
41.9 7.73e-05 2.0
42.0 0.00013 2.0
42.1 7.02e-05 2.0
42.2 6.92e-05 2.0
42.3 7.05e-05 2.0
42.4 6.75e-05 2.0
42.5 1.8e+02 2.0
42.6 1.37e+02 2.0
42.7 6.71e-05 2.0
42.8 6.47e-05 2.0
42.9 6.5e-05 2.0
43.0 0.000113 2.0
43.1 6.65e-05 2.0
43.2 8.03e-05 2.0
43.3 7.53e-05 2.0
43.4 8.44e-05 2.0
43.5 0.000106 2.0
43.6 1.81e+02 2.0
43.7 1.8e+02 2.0
43.8 51.4 2.0
43.9 8.36e-05 2.0
44.0 0.000105 2.0
44.1 6.28e-05 2.0
44.2 6.98e-05 2.0
44.3 6.18e-05 2.0
44.4 9.3e-05 2.0
44.5 0.000112 2.0
44.6 6.77e-05 2.0
44.7 6.31e-05 2.0
44.8 1.81e+02 2.0
44.9 1.55e+02 2.0
45.0 0.000106 2.0
45.1 6.84e-05 2.0
45.2 7.87e-05 2.0
45.3 6.36e-05 2.0
45.4 6.21e-05 2.0
45.5 0.000108 2.0
45.6 7.15e-05 2.0
45.7 6.66e-05 2.0
45.8 6.6e-05 2.0
45.9 1.82e+02 2.0
46.0 98.1 2.0
46.1 7.2e-05 2.0
46.2 8.06e-05 2.0
46.3 8.39e-05 2.0
46.4 8.3e-05 2.0
46.5 0.000108 2.0
46.6 6.45e-05 2.0
46.7 6.52e-05 2.0
46.8 7.21e-05 2.0
46.9 7.82e-05 2.0
47.0 1.8e+02 2.0
47.1 91.4 2.0
47.2 7.72e-05 2.0
47.3 7.5e-05 2.0
47.4 6.96e-05 2.0
47.5 0.000103 2.0
47.6 6.16e-05 2.0
47.7 6.31e-05 2.0
47.8 6.22e-05 2.0
47.9 6.86e-05 2.0
48.0 0.000114 2.0
48.1 1.79e+02 2.0
48.2 93.3 2.0
48.3 6.38e-05 2.0
48.4 6.25e-05 2.0
48.5 0.000109 2.0
48.6 6.71e-05 2.0
48.7 9.04e-05 2.0
48.8 9.27e-05 2.0
48.9 7.58e-05 2.0
49.0 0.000105 2.0
49.1 6.32e-05 2.0
49.2 1.82e+02 2.0
49.3 82.2 2.0
49.4 6.46e-05 2.0
49.5 0.00011 2.0
49.6 8.5e-05 2.0
49.7 7.03e-05 2.0
49.8 6.79e-05 2.0
49.9 7.2e-05 2.0
