0.0 0.506 0.5 1.1
0.1 0.523 0.502 1.07
0.2 0.555 0.515 1.02
0.3 0.602 0.542 0.957
0.4 0.64 0.584 0.899
0.5 0.668 0.64 0.848
0.6 0.702 0.69 0.801
0.7 0.717 0.718 0.759
0.8 0.71 0.734 0.731
0.9 0.704 0.749 0.713
1.0 0.7 0.765 0.702
1.1 0.697 0.781 0.697
1.2 0.747 0.813 0.738
1.3 0.854 0.875 0.829
1.4 0.961 0.957 0.93
1.5 1.06 1.06 1.04
1.6 1.12 1.12 1.12
1.7 1.16 1.16 1.16
1.8 1.18 1.19 1.2
1.9 1.2 1.23 1.23
2.0 1.22 1.26 1.27
2.1 1.25 1.29 1.3
2.2 1.27 1.32 1.34
2.3 1.33 1.39 1.41
2.4 1.42 1.47 1.49
2.5 1.48 1.53 1.55
2.6 1.51 1.56 1.59
2.7 1.54 1.59 1.63
2.8 1.57 1.63 1.66
2.9 1.59 1.66 1.7
3.0 1.62 1.69 1.73
3.1 1.64 1.72 1.76
3.2 1.67 1.74 1.79
3.3 1.69 1.77 1.81
3.4 1.75 1.82 1.85
3.5 1.77 1.82 1.84
3.6 1.75 1.79 1.79
3.7 1.75 1.79 1.78
3.8 1.77 1.81 1.78
3.9 1.79 1.82 1.79
4.0 1.81 1.84 1.79
4.1 1.83 1.86 1.8
4.2 1.85 1.87 1.8
4.3 1.87 1.89 1.81
4.4 1.88 1.9 1.81
4.5 1.87 1.87 1.78
4.6 1.82 1.8 1.7
4.7 1.77 1.74 1.65
4.8 1.74 1.71 1.64
4.9 1.73 1.71 1.65
5.0 1.74 1.71 1.65
5.1 1.74 1.71 1.65
5.2 1.75 1.72 1.66
5.3 1.75 1.72 1.66
5.4 1.76 1.72 1.67
5.5 1.76 1.72 1.67
5.6 1.73 1.69 1.64
5.7 1.68 1.63 1.58
5.8 1.64 1.6 1.55
5.9 1.62 1.6 1.55
6.0 1.62 1.6 1.55
6.1 1.61 1.6 1.55
6.2 1.61 1.6 1.54
6.3 1.61 1.6 1.54
6.4 1.61 1.6 1.54
6.5 1.6 1.6 1.54
6.6 1.6 1.6 1.53
6.7 1.57 1.58 1.5
6.8 1.54 1.55 1.47
6.9 1.52 1.54 1.47
7.0 1.52 1.54 1.46
7.1 1.52 1.55 1.46
7.2 1.52 1.55 1.45
7.3 1.52 1.56 1.45
7.4 1.52 1.56 1.44
7.5 1.52 1.57 1.44
7.6 1.52 1.57 1.44
7.7 1.52 1.57 1.43
7.8 1.51 1.57 1.43
7.9 1.5 1.56 1.44
8.0 1.5 1.54 1.46
8.1 1.5 1.53 1.47
8.2 1.51 1.54 1.47
8.3 1.51 1.54 1.47
8.4 1.52 1.54 1.48
8.5 1.52 1.54 1.48
8.6 1.53 1.54 1.48
8.7 1.53 1.54 1.48
8.8 1.53 1.53 1.48
8.9 1.54 1.53 1.48
9.0 1.54 1.52 1.49
9.1 1.54 1.51 1.51
9.2 1.54 1.51 1.52
9.3 1.55 1.5 1.52
9.4 1.56 1.5 1.53
9.5 1.57 1.49 1.54
9.6 1.6 1.48 1.54
9.7 1.63 1.49 1.55
9.8 1.66 1.5 1.56
9.9 1.7 1.51 1.57
10.0 1.72 1.52 1.58
10.1 1.75 1.51 1.59
10.2 1.78 1.5 1.59
10.3 1.82 1.5 1.6
10.4 1.85 1.51 1.61
10.5 1.87 1.52 1.62
10.6 1.89 1.53 1.63
10.7 1.91 1.54 1.64
10.8 1.93 1.55 1.65
10.9 1.95 1.56 1.66
11.0 1.97 1.56 1.67
11.1 1.99 1.57 1.68
11.2 2.01 1.57 1.7
11.3 2.02 1.57 1.71
11.4 2.04 1.58 1.72
11.5 2.06 1.59 1.73
11.6 2.07 1.6 1.74
11.7 2.09 1.61 1.75
11.8 2.11 1.62 1.76
11.9 2.13 1.63 1.77
12.0 2.15 1.64 1.78
12.1 2.16 1.64 1.78
12.2 2.17 1.65 1.79
12.3 2.18 1.65 1.8
12.4 2.19 1.66 1.81
12.5 2.21 1.67 1.82
12.6 2.22 1.67 1.83
12.7 2.23 1.68 1.84
12.8 2.25 1.69 1.85
12.9 2.26 1.7 1.86
13.0 2.28 1.7 1.87
13.1 2.29 1.71 1.87
13.2 2.3 1.71 1.88
13.3 2.31 1.72 1.89
13.4 2.33 1.73 1.9
13.5 2.34 1.73 1.91
13.6 2.35 1.74 1.92
13.7 2.37 1.75 1.93
13.8 2.39 1.75 1.93
13.9 2.4 1.76 1.94
14.0 2.42 1.76 1.95
14.1 2.43 1.77 1.96
14.2 2.44 1.77 1.97
14.3 2.46 1.78 1.98
14.4 2.47 1.79 1.99
14.5 2.49 1.79 1.99
14.6 2.5 1.8 2.0
14.7 2.52 1.8 2.01
14.8 2.54 1.81 2.02
14.9 2.55 1.82 2.03
15.0 2.57 1.82 2.04
15.1 2.58 1.83 2.07
15.2 2.58 1.84 2.09
15.3 2.59 1.84 2.1
15.4 2.6 1.85 2.11
15.5 2.61 1.85 2.12
15.6 2.62 1.86 2.13
15.7 2.64 1.87 2.14
15.8 2.65 1.87 2.15
15.9 2.67 1.88 2.16
16.0 2.69 1.88 2.18
16.1 2.71 1.89 2.19
16.2 2.7 1.89 2.2
16.3 2.67 1.9 2.21
16.4 2.64 1.9 2.21
16.5 2.61 1.91 2.22
16.6 2.6 1.91 2.23
16.7 2.6 1.91 2.24
16.8 2.61 1.92 2.25
16.9 2.62 1.92 2.26
17.0 2.63 1.93 2.27
17.1 2.64 1.94 2.28
17.2 2.65 1.94 2.29
17.3 2.67 1.95 2.3
17.4 2.7 1.95 2.31
17.5 2.73 1.96 2.32
17.6 2.76 1.97 2.33
17.7 2.77 1.98 2.34
17.8 2.78 1.99 2.35
17.9 2.79 2.0 2.36
18.0 2.81 2.01 2.37
18.1 2.82 2.02 2.38
18.2 2.84 2.03 2.39
18.3 2.87 2.04 2.4
18.4 2.89 2.05 2.41
18.5 2.91 2.06 2.42
18.6 2.91 2.09 2.43
18.7 2.86 2.13 2.44
18.8 2.82 2.18 2.45
18.9 2.8 2.23 2.46
19.0 2.78 2.27 2.47
19.1 2.77 2.31 2.47
19.2 2.77 2.33 2.48
19.3 2.77 2.35 2.49
19.4 2.78 2.36 2.5
19.5 2.79 2.38 2.51
19.6 2.81 2.4 2.52
19.7 2.8 2.43 2.53
19.8 2.75 2.47 2.54
19.9 2.72 2.5 2.54
20.0 2.7 2.52 2.55
20.1 2.7 2.54 2.55
20.2 2.7 2.55 2.56
20.3 2.71 2.57 2.57
20.4 2.72 2.59 2.58
20.5 2.72 2.61 2.58
20.6 2.73 2.62 2.59
20.7 2.74 2.64 2.6
20.8 2.75 2.65 2.61
20.9 2.74 2.67 2.62
21.0 2.72 2.68 2.62
21.1 2.71 2.69 2.63
21.2 2.7 2.69 2.63
21.3 2.7 2.7 2.64
21.4 2.7 2.72 2.65
21.5 2.7 2.74 2.66
21.6 2.71 2.75 2.67
21.7 2.72 2.77 2.68
21.8 2.73 2.78 2.69
21.9 2.74 2.8 2.7
22.0 2.75 2.82 2.71
22.1 2.75 2.84 2.72
22.2 2.76 2.85 2.73
22.3 2.75 2.85 2.74
22.4 2.74 2.84 2.76
22.5 2.74 2.84 2.78
22.6 2.74 2.84 2.79
22.7 2.75 2.85 2.8
22.8 2.76 2.86 2.81
22.9 2.77 2.87 2.82
23.0 2.78 2.88 2.83
23.1 2.78 2.89 2.84
23.2 2.79 2.9 2.84
23.3 2.8 2.91 2.85
23.4 2.8 2.91 2.87
23.5 2.79 2.9 2.89
23.6 2.78 2.88 2.91
23.7 2.77 2.87 2.93
23.8 2.77 2.86 2.93
23.9 2.78 2.85 2.91
24.0 2.78 2.84 2.88
24.1 2.79 2.84 2.86
24.2 2.8 2.83 2.85
24.3 2.8 2.83 2.85
24.4 2.81 2.83 2.85
24.5 2.81 2.83 2.85
24.6 2.82 2.84 2.85
24.7 2.82 2.84 2.86
24.8 2.83 2.84 2.86
24.9 2.83 2.85 2.87
25.0 2.84 2.85 2.87
25.1 2.84 2.85 2.86
25.2 2.83 2.84 2.84
25.3 2.83 2.83 2.82
25.4 2.82 2.82 2.81
25.5 2.82 2.82 2.81
25.6 2.83 2.82 2.81
25.7 2.83 2.83 2.82
25.8 2.84 2.83 2.82
25.9 2.84 2.83 2.82
26.0 2.84 2.84 2.82
26.1 2.85 2.84 2.82
26.2 2.85 2.85 2.83
26.3 2.85 2.84 2.82
26.4 2.84 2.83 2.82
26.5 2.83 2.82 2.81
26.6 2.83 2.83 2.82
26.7 2.83 2.83 2.82
26.8 2.83 2.83 2.82
26.9 2.83 2.84 2.82
27.0 2.83 2.84 2.83
27.1 2.83 2.85 2.83
27.2 2.83 2.85 2.83
27.3 2.83 2.86 2.84
27.4 2.82 2.85 2.83
27.5 2.81 2.83 2.82
27.6 2.79 2.82 2.82
27.7 2.77 2.82 2.82
27.8 2.76 2.81 2.83
27.9 2.76 2.8 2.83
28.0 2.76 2.79 2.83
28.1 2.76 2.78 2.83
28.2 2.76 2.77 2.84
28.3 2.76 2.76 2.84
28.4 2.76 2.75 2.84
28.5 2.74 2.75 2.84
28.6 2.72 2.74 2.83
28.7 2.69 2.74 2.82
28.8 2.66 2.73 2.81
28.9 2.62 2.73 2.8
29.0 2.59 2.72 2.8
29.1 2.56 2.7 2.8
29.2 2.54 2.69 2.8
29.3 2.51 2.67 2.8
29.4 2.49 2.66 2.8
29.5 2.47 2.66 2.8
29.6 2.44 2.65 2.8
29.7 2.42 2.65 2.81
29.8 2.4 2.65 2.81
29.9 2.38 2.64 2.81
30.0 2.35 2.62 2.81
30.1 2.32 2.6 2.81
30.2 2.28 2.58 2.81
30.3 2.25 2.57 2.81
30.4 2.22 2.57 2.81
30.5 2.19 2.56 2.81
30.6 2.15 2.56 2.82
30.7 2.12 2.55 2.82
30.8 2.09 2.54 2.82
30.9 2.05 2.53 2.83
31.0 2.02 2.52 2.83
31.1 1.98 2.52 2.83
31.2 1.95 2.5 2.83
31.3 1.92 2.48 2.82
31.4 1.9 2.45 2.82
31.5 1.89 2.42 2.81
31.6 1.87 2.38 2.81
31.7 1.85 2.34 2.81
31.8 1.84 2.31 2.81
31.9 1.82 2.28 2.81
32.0 1.8 2.25 2.81
32.1 1.79 2.22 2.81
32.2 1.78 2.19 2.82
32.3 1.76 2.16 2.82
32.4 1.74 2.13 2.82
32.5 1.71 2.1 2.82
32.6 1.69 2.07 2.82
32.7 1.67 2.02 2.81
32.8 1.65 1.97 2.81
32.9 1.64 1.93 2.81
33.0 1.63 1.89 2.81
33.1 1.62 1.85 2.82
33.2 1.61 1.81 2.82
33.3 1.59 1.77 2.82
33.4 1.58 1.74 2.82
33.5 1.56 1.7 2.82
33.6 1.53 1.67 2.83
33.7 1.52 1.64 2.82
33.8 1.52 1.61 2.79
33.9 1.52 1.58 2.76
34.0 1.52 1.55 2.74
34.1 1.51 1.52 2.71
34.2 1.5 1.5 2.69
34.3 1.49 1.48 2.66
34.4 1.49 1.46 2.64
34.5 1.49 1.44 2.62
34.6 1.48 1.43 2.61
34.7 1.47 1.41 2.61
34.8 1.47 1.42 2.58
34.9 1.47 1.43 2.53
35.0 1.47 1.44 2.49
35.1 1.47 1.43 2.45
35.2 1.47 1.42 2.42
35.3 1.47 1.42 2.39
35.4 1.46 1.41 2.36
35.5 1.45 1.4 2.34
35.6 1.44 1.4 2.31
35.7 1.44 1.39 2.29
35.8 1.43 1.38 2.26
35.9 1.44 1.38 2.23
36.0 1.46 1.39 2.17
36.1 1.46 1.41 2.12
36.2 1.46 1.42 2.08
36.3 1.46 1.41 2.04
36.4 1.45 1.4 2.01
36.5 1.44 1.39 1.98
36.6 1.43 1.38 1.96
36.7 1.43 1.37 1.94
36.8 1.41 1.36 1.91
36.9 1.4 1.35 1.9
37.0 1.41 1.36 1.86
37.1 1.42 1.38 1.8
37.2 1.42 1.38 1.76
37.3 1.41 1.38 1.72
37.4 1.4 1.37 1.69
37.5 1.4 1.37 1.66
37.6 1.39 1.36 1.64
37.7 1.38 1.35 1.62
37.8 1.37 1.34 1.59
37.9 1.36 1.33 1.57
38.0 1.37 1.33 1.54
38.1 1.39 1.35 1.49
38.2 1.43 1.38 1.45
38.3 1.45 1.4 1.42
38.4 1.45 1.41 1.4
38.5 1.45 1.41 1.38
38.6 1.45 1.41 1.36
38.7 1.44 1.4 1.34
38.8 1.44 1.4 1.33
38.9 1.43 1.39 1.31
39.0 1.42 1.38 1.3
39.1 1.41 1.37 1.28
39.2 1.42 1.37 1.27
39.3 1.44 1.38 1.27
39.4 1.46 1.39 1.27
39.5 1.46 1.4 1.28
39.6 1.46 1.4 1.28
39.7 1.46 1.39 1.28
39.8 1.45 1.39 1.27
39.9 1.45 1.38 1.26
40.0 1.43 1.38 1.26
40.1 1.42 1.38 1.25
40.2 1.4 1.38 1.24
40.3 1.4 1.39 1.25
40.4 1.42 1.41 1.28
40.5 1.43 1.44 1.31
40.6 1.43 1.45 1.33
40.7 1.42 1.45 1.34
40.8 1.4 1.46 1.34
40.9 1.39 1.46 1.34
41.0 1.37 1.46 1.35
41.1 1.35 1.46 1.35
41.2 1.33 1.46 1.35
41.3 1.31 1.46 1.35
41.4 1.31 1.47 1.38
41.5 1.35 1.49 1.43
41.6 1.37 1.5 1.46
41.7 1.37 1.51 1.47
41.8 1.35 1.51 1.48
41.9 1.35 1.52 1.48
42.0 1.35 1.52 1.49
42.1 1.35 1.53 1.5
42.2 1.35 1.53 1.51
42.3 1.35 1.53 1.52
42.4 1.35 1.54 1.53
42.5 1.38 1.54 1.53
42.6 1.42 1.53 1.53
42.7 1.45 1.53 1.53
42.8 1.46 1.54 1.53
42.9 1.47 1.54 1.54
43.0 1.48 1.55 1.54
43.1 1.49 1.55 1.55
43.2 1.5 1.56 1.56
43.3 1.51 1.56 1.56
43.4 1.52 1.57 1.57
43.5 1.53 1.58 1.57
43.6 1.56 1.58 1.57
43.7 1.58 1.57 1.56
43.8 1.58 1.55 1.53
43.9 1.58 1.54 1.52
44.0 1.6 1.55 1.52
44.1 1.61 1.55 1.53
44.2 1.62 1.56 1.53
44.3 1.63 1.56 1.53
44.4 1.64 1.57 1.53
44.5 1.65 1.58 1.53
44.6 1.65 1.59 1.53
44.7 1.65 1.6 1.53
44.8 1.65 1.59 1.52
44.9 1.63 1.56 1.51
45.0 1.62 1.55 1.5
45.1 1.63 1.56 1.5
45.2 1.63 1.56 1.5
45.3 1.64 1.57 1.5
45.4 1.65 1.58 1.5
45.5 1.65 1.58 1.51
45.6 1.65 1.59 1.51
45.7 1.65 1.6 1.51
45.8 1.65 1.61 1.51
45.9 1.62 1.59 1.51
46.0 1.58 1.56 1.51
46.1 1.56 1.55 1.51
46.2 1.56 1.55 1.51
46.3 1.56 1.55 1.51
46.4 1.56 1.56 1.51
46.5 1.56 1.56 1.52
46.6 1.56 1.56 1.52
46.7 1.55 1.57 1.52
46.8 1.55 1.57 1.52
46.9 1.54 1.58 1.53
47.0 1.53 1.57 1.53
47.1 1.52 1.54 1.52
47.2 1.51 1.53 1.52
47.3 1.51 1.53 1.52
47.4 1.51 1.54 1.53
47.5 1.51 1.54 1.53
47.6 1.51 1.54 1.54
47.7 1.5 1.54 1.54
47.8 1.49 1.54 1.54
47.9 1.49 1.55 1.55
48.0 1.49 1.55 1.55
48.1 1.49 1.54 1.55
48.2 1.5 1.53 1.54
48.3 1.5 1.52 1.53
48.4 1.5 1.52 1.54
48.5 1.49 1.52 1.54
48.6 1.49 1.52 1.55
48.7 1.49 1.52 1.55
48.8 1.49 1.53 1.56
48.9 1.5 1.53 1.56
49.0 1.5 1.53 1.57
49.1 1.5 1.53 1.57
49.2 1.51 1.53 1.56
49.3 1.5 1.52 1.55
49.4 1.5 1.51 1.54
49.5 1.5 1.51 1.55
49.6 1.51 1.51 1.55
49.7 1.51 1.52 1.55
49.8 1.52 1.52 1.56
49.9 1.52 1.52 1.56
