0.0 0.0
0.1 0.0
0.2 0.0
0.3 0.0
0.4 0.0
0.5 0.0
0.6 0.0
0.7 0.0
0.8 0.0
0.9 0.0
1.0 0.0
1.1 0.0
1.2 0.0
1.3 0.0
1.4 0.0
1.5 0.0
1.6 0.0
1.7 0.0
1.8 0.0
1.9 0.0
2.0 0.0
2.1 0.0
2.2 0.0
2.3 0.0
2.4 0.0
2.5 0.0
2.6 0.0
2.7 0.0
2.8 0.0
2.9 0.0
3.0 0.0
3.1 0.0
3.2 0.0
3.3 0.0
3.4 0.0
3.5 0.0
3.6 0.0
3.7 0.0
3.8 0.0
3.9 0.0
4.0 0.0
4.1 0.0
4.2 0.0
4.3 0.0
4.4 0.0
4.5 0.0
4.6 0.0
4.7 0.0
4.8 0.0
4.9 0.0
5.0 0.0
5.1 0.0
5.2 0.0
5.3 0.0
5.4 0.0
5.5 0.0
5.6 0.0
5.7 0.0
5.8 0.0
5.9 0.0
6.0 0.0
6.1 0.0
6.2 0.0
6.3 0.0
6.4 0.0
6.5 0.0
6.6 0.0
6.7 0.0
6.8 0.0
6.9 0.0
7.0 0.0
7.1 0.0
7.2 0.0
7.3 0.0
7.4 0.0
7.5 0.0
7.6 0.0
7.7 0.0
7.8 0.0
7.9 0.0
8.0 0.0
8.1 0.0
8.2 0.0
8.3 0.0
8.4 0.0
8.5 0.0
8.6 0.0
8.7 0.0
8.8 0.0
8.9 0.0
9.0 0.0
9.1 0.0
9.2 0.0
9.3 0.0
9.4 0.0
9.5 0.0
9.6 0.0
9.7 0.0
9.8 0.0
9.9 0.0
10.0 0.0
10.1 0.0
10.2 0.0
10.3 0.0
10.4 0.0
10.5 0.0
10.6 0.0
10.7 0.0
10.8 0.0
10.9 0.0
11.0 0.0
11.1 0.0
11.2 0.0
11.3 0.0
11.4 0.0
11.5 0.0
11.6 0.0
11.7 0.0
11.8 0.0
11.9 0.0
12.0 0.0
12.1 0.0
12.2 0.0
12.3 0.0
12.4 0.0
12.5 0.0
12.6 0.0
12.7 0.0
12.8 0.0
12.9 0.0
13.0 0.0
13.1 0.0
13.2 0.0
13.3 0.0
13.4 0.0
13.5 0.0
13.6 0.0
13.7 0.0
13.8 0.0
13.9 0.0
14.0 0.0
14.1 0.0
14.2 0.0
14.3 0.0
14.4 0.0
14.5 0.0
14.6 0.0
14.7 0.0
14.8 0.0
14.9 0.0
15.0 0.0
15.1 0.0
15.2 0.0
15.3 0.0
15.4 0.0
15.5 0.0
15.6 0.0
15.7 -8.55e-05
15.8 -9.98e-05
15.9 -2.37e-05
16.0 -0.000128
16.1 -3.83e-05
16.2 -3.87e-05
16.3 -3.9e-05
16.4 -3.94e-05
16.5 -3.98e-05
16.6 -4.01e-05
16.7 -4.05e-05
16.8 5.39e-06
16.9 9.86e-05
17.0 0.000848
17.1 0.000234
17.2 0.00321
17.3 0.0118
17.4 0.012
17.5 0.0113
17.6 0.00539
17.7 0.13
17.8 0.157
17.9 0.296
18.0 0.158
18.1 0.444
18.2 0.733
18.3 1.67
18.4 1.94
18.5 2.5
18.6 2.13
18.7 1.44
18.8 2.74
18.9 1.57
19.0 2.35
19.1 2.22
19.2 3.23
19.3 4.04
19.4 2.58
19.5 4.63
19.6 5.99
19.7 4.59
19.8 8.04
19.9 6.08
20.0 8.58
20.1 10.7
20.2 12.6
20.3 6.99
20.4 8.75
20.5 5.91
20.6 7.25
20.7 7.13
20.8 6.19
20.9 5.63
21.0 3.48
21.1 6.51
21.2 4.07
21.3 0.953
21.4 2.49
21.5 -1.24
21.6 -6.28
21.7 -1.33
21.8 -3.11
21.9 -4.25
22.0 -5.98
22.1 -9.35
22.2 -8.62
22.3 -7.3
22.4 -13.1
22.5 -6.09
22.6 -22.1
22.7 -7.58
22.8 -6.06
22.9 -4.36
23.0 -5.43
23.1 5.69
23.2 -3.58
23.3 -1.53
23.4 3.3
23.5 10.6
23.6 7.47
23.7 0.5
23.8 0.995
23.9 18.6
24.0 3.02
24.1 16.7
24.2 -5.23
24.3 7.15
24.4 3.65
24.5 3.08
24.6 2.55
24.7 1.73
24.8 -7.83
24.9 1.28
25.0 0.835
25.1 0.446
25.2 -0.147
25.3 -0.446
25.4 -0.337
25.5 -0.562
25.6 -2.35
25.7 -0.918
25.8 -1.32
25.9 -0.992
26.0 -1.28
26.1 -1.83
26.2 -2.11
26.3 -2.27
26.4 -2.29
26.5 -2.24
26.6 -2.19
26.7 -2.15
26.8 -2.13
26.9 -2.21
27.0 -2.33
27.1 -2.15
27.2 -2.19
27.3 -2.07
27.4 -2.08
27.5 -2.07
27.6 -2.06
27.7 -2.05
27.8 -2.05
27.9 -2.05
28.0 -1.71
28.1 -1.97
28.2 -2.04
28.3 -2.0
28.4 -2.05
28.5 -2.06
28.6 -2.11
28.7 -2.07
28.8 -2.0
28.9 -2.13
29.0 -2.09
29.1 -2.1
29.2 -1.84
29.3 -2.16
29.4 -2.14
29.5 -2.15
29.6 -2.14
29.7 -2.21
29.8 -2.18
29.9 -2.21
30.0 -2.2
30.1 -2.23
30.2 -2.2
30.3 -2.25
30.4 -2.3
30.5 -2.23
30.6 -2.34
30.7 -2.26
30.8 -2.35
30.9 -2.36
31.0 -2.37
31.1 -2.39
31.2 -2.3
31.3 -2.44
31.4 -2.45
31.5 -2.47
31.6 -2.48
31.7 -2.49
31.8 -2.5
31.9 -2.51
32.0 -2.52
32.1 -2.54
32.2 -2.55
32.3 -2.56
32.4 -2.57
32.5 -2.44
32.6 -2.46
32.7 -1.82
32.8 -1.19
32.9 -2.08
33.0 -2.03
33.1 -1.17
33.2 -1.92
33.3 -0.554
33.4 -0.89
33.5 -1.0
33.6 -0.141
33.7 -1.3
33.8 -1.44
33.9 -1.24
34.0 -1.36
34.1 -1.29
34.2 -1.35
34.3 -1.27
34.4 -1.3
34.5 -1.3
34.6 -1.26
34.7 -1.35
34.8 -1.24
34.9 -1.35
35.0 -1.31
35.1 -1.25
35.2 -1.33
35.3 -1.31
35.4 -1.33
35.5 -1.35
35.6 -1.3
35.7 -1.35
35.8 -1.36
35.9 -1.36
36.0 -1.37
36.1 -1.37
36.2 -1.37
36.3 -1.38
36.4 -1.37
36.5 -1.38
36.6 -1.38
36.7 -1.38
36.8 -1.38
36.9 -1.39
37.0 -1.39
37.1 -1.39
37.2 -1.39
37.3 -1.4
37.4 -1.4
37.5 -1.4
37.6 -1.4
37.7 -1.41
37.8 -1.41
37.9 -1.41
38.0 -1.41
38.1 -1.42
38.2 -1.42
38.3 -1.42
38.4 -1.42
38.5 -1.43
38.6 -1.43
38.7 -1.43
38.8 -1.44
38.9 -1.44
39.0 -1.44
39.1 -1.44
39.2 -1.45
39.3 -1.45
39.4 -1.45
39.5 -1.45
39.6 -1.46
39.7 -1.46
39.8 -1.46
39.9 -1.46
40.0 -1.47
40.1 -1.47
40.2 -1.47
40.3 -1.48
40.4 -1.48
40.5 -1.48
40.6 -1.48
40.7 -1.49
40.8 -1.49
40.9 -1.49
41.0 -1.49
41.1 -1.5
41.2 -1.5
41.3 -1.5
41.4 -1.38
41.5 -1.43
41.6 -1.44
41.7 -1.44
41.8 -1.45
41.9 -1.43
42.0 -1.45
42.1 -1.45
42.2 -1.27
42.3 -1.43
42.4 -1.4
42.5 -1.32
42.6 -1.37
42.7 -1.35
42.8 -1.34
42.9 -1.32
43.0 -1.28
43.1 -1.37
43.2 -1.37
43.3 -1.36
43.4 -1.36
43.5 -1.35
43.6 -1.38
43.7 -1.36
43.8 -1.38
43.9 -1.36
44.0 -1.38
44.1 -1.38
44.2 -1.3
44.3 -1.37
44.4 -1.37
44.5 -1.37
44.6 -1.38
44.7 -1.38
44.8 -1.37
44.9 -1.38
45.0 -1.38
45.1 -1.38
45.2 -1.38
45.3 -1.38
45.4 -1.38
45.5 -1.39
45.6 -1.38
45.7 -1.38
45.8 -1.38
45.9 -1.38
46.0 -1.38
46.1 -1.38
46.2 -1.39
46.3 -1.39
46.4 -1.39
46.5 -1.39
46.6 -1.39
46.7 -1.39
46.8 -1.39
46.9 -1.39
47.0 -1.31
47.1 -1.39
47.2 -1.31
47.3 -1.38
47.4 -1.33
47.5 -1.37
47.6 -1.34
47.7 -1.33
47.8 -1.33
47.9 -1.33
48.0 -1.33
48.1 -1.33
48.2 -1.33
48.3 -1.33
48.4 -1.33
48.5 -1.33
48.6 -1.33
48.7 -1.21
48.8 -1.31
48.9 -1.31
49.0 -1.31
49.1 -1.2
49.2 -1.3
49.3 -1.3
49.4 -1.2
49.5 -1.28
49.6 -1.27
49.7 -1.17
49.8 -1.27
49.9 -1.27
