0.0 0.0544 0.000458 0.0326 0.0635
0.1 0.105 0.386 0.0622 0.405
0.2 0.153 0.412 0.089 0.448
0.3 0.198 0.436 0.113 0.492
0.4 0.24 0.459 0.136 0.535
0.5 0.274 0.481 0.156 0.575
0.6 0.0288 0.259 0.0709 0.27
0.7 -0.0689 0.115 -0.00401 0.134
0.8 -0.0625 0.111 -0.000636 0.127
0.9 -0.0569 0.104 0.00178 0.119
1.0 -0.0485 0.0964 0.0056 0.108
1.1 -0.0417 0.096 0.00714 0.105
1.2 -0.437 0.481 0.198 0.679
1.3 -0.458 0.502 0.212 0.711
1.4 -0.476 0.522 0.225 0.741
1.5 -0.477 0.538 0.228 0.754
1.6 -0.108 0.171 0.0599 0.211
1.7 -0.0958 0.164 0.0577 0.198
1.8 -0.0874 0.157 0.0559 0.188
1.9 -0.08 0.15 0.0542 0.179
2.0 -0.0725 0.144 0.0527 0.17
2.1 -0.0659 0.139 0.0514 0.162
2.2 -0.0596 0.133 0.0501 0.154
2.3 -0.238 0.441 0.139 0.52
2.4 -0.163 0.335 0.103 0.387
2.5 -0.0571 0.161 0.0555 0.179
2.6 -0.0525 0.153 0.0544 0.171
2.7 -0.0464 0.148 0.0527 0.164
2.8 -0.0415 0.145 0.0516 0.16
2.9 -0.038 0.142 0.051 0.156
3.0 -0.0318 0.138 0.0493 0.15
3.1 -0.0292 0.136 0.0491 0.148
3.2 -0.0244 0.133 0.0479 0.143
3.3 -0.0205 0.13 0.047 0.14
3.4 -0.126 0.308 0.0957 0.346
3.5 0.364 -0.262 -0.139 0.469
3.6 0.182 0.0546 -0.0561 0.198
3.7 0.0302 0.114 0.0258 0.121
3.8 0.0162 0.094 0.0305 0.1
3.9 0.0188 0.0934 0.031 0.1
4.0 0.0193 0.0916 0.0319 0.0989
4.1 0.0182 0.0892 0.0326 0.0967
4.2 0.018 0.0877 0.0329 0.0954
4.3 0.0181 0.0857 0.0335 0.0938
4.4 0.0187 0.0849 0.034 0.0934
4.5 0.409 -0.305 -0.154 0.533
4.6 0.393 -0.331 -0.166 0.54
4.7 0.0905 -0.0622 -0.0108 0.11
4.8 0.0812 0.053 0.00751 0.0973
4.9 0.0633 0.0329 0.0132 0.0726
5.0 0.0624 0.0343 0.0147 0.0727
5.1 0.0598 0.0356 0.0169 0.0716
5.2 0.0565 0.0368 0.0184 0.0699
5.3 0.0538 0.0384 0.0204 0.0692
5.4 0.054 0.039 0.021 0.0699
5.5 0.0526 0.0406 0.0217 0.0699
5.6 0.402 -0.348 -0.165 0.556
5.7 0.0581 -0.363 -0.0545 0.371
5.8 0.0686 -0.00521 0.00899 0.0694
5.9 0.067 -0.00191 0.0109 0.0679
6.0 0.0605 -0.00209 0.0134 0.062
6.1 0.048 -0.00838 0.0173 0.0517
6.2 0.0355 -0.0153 0.0211 0.044
6.3 0.0223 -0.0222 0.025 0.0402
6.4 0.00825 -0.0305 0.0291 0.043
6.5 -0.00348 -0.0388 0.032 0.0504
6.6 -0.0128 -0.0436 0.0346 0.0571
6.7 0.0277 -0.374 -0.0425 0.378
6.8 -0.212 -0.212 0.0676 0.307
6.9 -0.0399 -0.0698 0.0371 0.0885
7.0 -0.0456 -0.0725 0.0382 0.0938
7.1 -0.0531 -0.0781 0.0392 0.102
7.2 -0.0669 -0.0881 0.0418 0.118
7.3 -0.084 -0.0971 0.0458 0.136
7.4 -0.0979 -0.11 0.0476 0.155
7.5 -0.117 -0.12 0.052 0.175
7.6 -0.132 -0.136 0.0532 0.197
7.7 -0.147 -0.153 0.0544 0.218
7.8 -0.27 -0.233 0.0824 0.366
7.9 -0.43 -0.149 0.172 0.487
8.0 -0.404 -0.16 0.159 0.463
8.1 -0.165 -0.132 0.063 0.22
8.2 -0.176 -0.157 0.0585 0.243
8.3 -0.193 -0.178 0.0575 0.269
8.4 -0.21 -0.196 0.0577 0.293
8.5 -0.237 -0.218 0.0601 0.328
8.6 -0.256 -0.249 0.0575 0.362
8.7 -0.277 -0.276 0.0564 0.395
8.8 -0.299 -0.309 0.0541 0.433
8.9 -0.31 -0.353 0.0448 0.472
9.0 -0.461 -0.215 0.159 0.533
9.1 -0.462 -0.408 0.0585 0.619
9.2 -0.319 -0.318 0.0399 0.452
9.3 -0.334 -0.371 0.0216 0.499
9.4 -0.336 -0.415 -0.000318 0.533
9.5 -0.247 -0.311 0.0133 0.397
9.6 -0.183 -0.219 0.0267 0.286
9.7 -0.144 -0.146 0.0383 0.209
9.8 -0.138 -0.139 0.0383 0.199
9.9 -0.132 -0.132 0.0381 0.19
10.0 -0.126 -0.126 0.0381 0.182
10.1 -0.306 -0.329 -0.15 0.474
10.2 -0.185 -0.208 -0.0503 0.282
10.3 -0.13 -0.13 0.0178 0.185
10.4 -0.123 -0.123 0.0211 0.175
10.5 -0.116 -0.118 0.0228 0.167
10.6 -0.112 -0.112 0.0243 0.16
10.7 -0.107 -0.108 0.025 0.154
10.8 -0.103 -0.103 0.0259 0.148
10.9 -0.0998 -0.0995 0.0266 0.143
11.0 -0.0972 -0.0959 0.0273 0.139
11.1 -0.301 0.133 -0.154 0.363
11.2 -0.189 0.002 -0.0634 0.199
11.3 -0.13 -0.0526 -0.00931 0.141
11.4 -0.104 -0.0647 0.0127 0.123
11.5 -0.102 -0.0626 0.0135 0.12
11.6 -0.0988 -0.0617 0.0149 0.117
11.7 -0.109 -0.0585 0.00575 0.124
11.8 -0.119 -0.0577 -0.00329 0.132
11.9 -0.124 -0.0577 -0.00865 0.137
12.0 -0.122 -0.0574 -0.00771 0.135
12.1 -0.206 0.166 -0.119 0.29
12.2 -0.171 0.0622 -0.0833 0.2
12.3 -0.151 0.0125 -0.06 0.163
12.4 -0.137 -0.0093 -0.0423 0.144
12.5 -0.134 -0.016 -0.0377 0.14
12.6 -0.134 -0.0194 -0.0366 0.14
12.7 -0.135 -0.0217 -0.0376 0.141
12.8 -0.134 -0.0238 -0.0373 0.141
12.9 -0.13 -0.026 -0.0331 0.136
13.0 -0.121 -0.0276 -0.0239 0.126
13.1 -0.171 0.157 -0.106 0.255
13.2 -0.15 0.0662 -0.0785 0.182
13.3 -0.138 0.0269 -0.0606 0.153
13.4 -0.133 0.0117 -0.0521 0.143
13.5 -0.132 0.00493 -0.0495 0.141
13.6 -0.134 0.00124 -0.0501 0.143
13.7 -0.136 -0.00148 -0.0521 0.145
13.8 -0.136 -0.00418 -0.0522 0.146
13.9 -0.134 -0.00678 -0.05 0.144
14.0 -0.129 -0.00948 -0.0436 0.137
14.1 -0.146 0.109 -0.0905 0.204
14.2 -0.139 0.054 -0.0774 0.168
14.3 -0.131 0.0241 -0.0623 0.147
14.4 -0.131 0.0156 -0.0605 0.145
14.5 -0.131 0.0106 -0.0593 0.144
14.6 -0.133 0.00752 -0.0607 0.146
14.7 -0.134 0.00491 -0.062 0.148
14.8 -0.135 0.00234 -0.062 0.148
14.9 -0.133 -2.67e-05 -0.0595 0.146
15.0 -0.128 -0.00285 -0.0522 0.139
15.1 -0.441 -0.309 -0.0121 0.539
15.2 -0.152 0.0611 -0.0726 0.18
15.3 -0.142 0.0148 -0.0563 0.154
15.4 -0.142 0.00941 -0.0584 0.154
15.5 -0.146 0.0123 -0.0678 0.161
15.6 -0.148 0.00211 -0.066 0.162
15.7 -0.145 -0.00326 -0.063 0.158
15.8 -0.149 -0.00558 -0.0697 0.164
15.9 -0.148 -0.00698 -0.0691 0.163
16.0 -0.144 -0.00783 -0.0643 0.158
16.1 -0.137 -0.00882 -0.0555 0.148
16.2 -0.148 0.0602 -0.0845 0.181
16.3 -0.138 0.06 -0.074 0.168
16.4 -0.138 0.0565 -0.0754 0.167
16.5 -0.132 0.0761 -0.0692 0.167
16.6 -0.13 0.0548 -0.0639 0.155
16.7 -0.128 0.0442 -0.06 0.149
16.8 -0.129 0.0393 -0.0603 0.147
16.9 -0.132 0.038 -0.0669 0.152
17.0 -0.135 0.0361 -0.0744 0.158
17.1 -0.137 0.0333 -0.079 0.162
17.2 -0.137 0.0299 -0.0782 0.16
17.3 -0.131 0.0257 -0.0672 0.149
17.4 -0.123 0.0206 -0.052 0.135
17.5 -0.137 0.0562 -0.0782 0.168
17.6 -0.132 0.0339 -0.0668 0.151
17.7 -0.131 0.0275 -0.0669 0.15
17.8 -0.13 0.0212 -0.0644 0.147
17.9 -0.129 0.0169 -0.0627 0.144
18.0 -0.126 0.013 -0.0582 0.14
18.1 -0.123 0.00978 -0.052 0.134
18.2 -0.119 0.00754 -0.0458 0.128
18.3 -0.115 0.00559 -0.0385 0.122
18.4 -0.111 0.0036 -0.0303 0.115
18.5 -0.134 0.0527 -0.0755 0.163
18.6 -0.114 0.294 -0.0585 0.321
18.7 -0.113 0.308 -0.0571 0.333
18.8 -0.113 0.229 -0.0472 0.259
18.9 -0.11 0.192 -0.0447 0.226
19.0 -0.111 0.131 -0.0376 0.176
19.1 -0.106 0.0738 -0.0299 0.133
19.2 -0.107 0.0553 -0.0283 0.124
19.3 -0.107 0.0525 -0.0272 0.122
19.4 -0.107 0.0501 -0.0257 0.121
19.5 -0.105 0.0468 -0.0255 0.118
19.6 -0.105 0.0439 -0.0245 0.117
19.7 -0.108 0.326 -0.0498 0.347
19.8 -0.0602 0.0407 0.0393 0.0826
19.9 -0.0553 0.0461 0.0493 0.0873
20.0 -0.0638 0.0417 0.0384 0.0853
20.1 -0.068 0.0388 0.0319 0.0846
20.2 -0.0742 0.0376 0.0229 0.0862
20.3 -0.0808 0.0373 0.0131 0.0899
20.4 -0.085 0.0367 0.00679 0.0928
20.5 -0.0891 0.0362 0.000358 0.0962
20.6 -0.0924 0.0358 -0.00476 0.0993
20.7 -0.0935 0.0344 -0.00639 0.0999
20.8 -0.0944 0.0328 -0.00773 0.1
20.9 -0.0503 0.018 0.0557 0.0772
21.0 -0.0562 0.206 0.0643 0.223
21.1 -0.0544 0.217 0.068 0.234
21.2 -0.0776 0.233 0.0767 0.257
21.3 -0.0853 0.211 0.0663 0.237
21.4 -0.0911 0.192 0.059 0.221
21.5 -0.0962 0.171 0.0509 0.203
21.6 -0.101 0.148 0.0414 0.184
21.7 -0.103 0.13 0.0351 0.17
21.8 -0.104 0.113 0.028 0.156
21.9 -0.104 0.0973 0.0208 0.144
22.0 -0.101 0.0865 0.0151 0.134
22.1 -0.0961 0.076 0.00924 0.123
22.2 -0.0853 0.254 0.0811 0.28
22.3 -0.169 0.241 0.157 0.334
22.4 -0.162 0.244 0.165 0.336
22.5 -0.0948 0.182 0.11 0.233
22.6 -0.0943 0.16 0.0884 0.206
22.7 -0.0935 0.14 0.0681 0.181
22.8 -0.094 0.115 0.0491 0.156
22.9 -0.0991 0.0963 0.0328 0.142
23.0 -0.0982 0.0991 0.0313 0.143
23.1 -0.101 0.0888 0.0256 0.137
23.2 -0.101 0.0853 0.0235 0.134
23.3 -0.101 0.0828 0.0216 0.132
23.4 -0.175 0.242 0.165 0.341
23.5 -0.179 0.25 0.173 0.353
23.6 -0.183 0.258 0.181 0.364
23.7 -0.187 0.265 0.188 0.375
23.8 0.211 -0.0576 0.017 0.22
23.9 0.233 -0.0722 0.0113 0.244
24.0 0.238 -0.0592 -0.0182 0.246
24.1 0.254 -0.0503 -0.0295 0.26
24.2 0.00681 0.00274 0.107 0.107
24.3 -0.00621 0.017 0.0869 0.0887
24.4 -0.0198 0.0333 0.066 0.0765
24.5 -0.033 0.0441 0.0452 0.0712
24.6 -0.0436 0.0508 0.0313 0.0739
24.7 -0.0461 0.051 0.0284 0.0744
24.8 -0.0483 0.0503 0.0269 0.0748
24.9 -0.0506 0.0502 0.0254 0.0756
25.0 -0.0525 0.0502 0.024 0.0765
25.1 0.193 -0.339 -0.0159 0.391
25.2 0.194 -0.364 -0.0164 0.413
25.3 0.179 -0.2 0.0645 0.275
25.4 -4.19e-05 -0.00752 0.0449 0.0455
25.5 -0.00716 -0.00661 0.0391 0.0403
25.6 -0.0182 -0.00912 0.0278 0.0345
25.7 -0.0254 -0.00305 0.0216 0.0335
25.8 -0.029 -0.000467 0.0201 0.0353
25.9 -0.0316 0.00238 0.0196 0.0373
26.0 -0.0346 0.00323 0.0185 0.0393
26.1 -0.0361 0.00354 0.0191 0.041
26.2 -0.0386 0.00713 0.0182 0.0433
26.3 0.0682 0.00367 0.00944 0.0689
26.4 0.0814 -0.0347 0.035 0.0951
26.5 -0.031 0.00787 0.0173 0.0363
26.6 -0.0332 0.00933 0.017 0.0384
26.7 -0.0353 0.0106 0.0166 0.0404
26.8 -0.0373 0.012 0.0163 0.0424
26.9 -0.0391 0.0129 0.016 0.0441
27.0 -0.0409 0.0143 0.0157 0.0461
27.1 -0.0425 0.0157 0.0155 0.0478
27.2 -0.044 0.0169 0.0151 0.0495
27.3 -0.0455 0.0202 0.0148 0.052
27.4 0.0657 -0.00983 -0.0381 0.0766
27.5 0.0631 -0.0352 -0.0364 0.081
27.6 -0.0357 0.0138 0.0081 0.0391
27.7 -0.0375 0.0147 0.00844 0.0411
27.8 -0.0387 0.0153 0.00894 0.0426
27.9 -0.0404 0.0147 0.00873 0.0439
28.0 -0.0421 0.0133 0.00809 0.0449
28.1 -0.0434 0.0129 0.00784 0.046
28.2 -0.0443 0.0135 0.00807 0.047
28.3 -0.045 0.0147 0.00856 0.0481
28.4 -0.0449 0.0174 0.00978 0.0492
28.5 0.0803 -0.132 -0.0686 0.169
28.6 0.0733 -0.141 -0.0738 0.175
28.7 0.062 -0.142 -0.0773 0.173
28.8 0.0498 -0.138 -0.082 0.168
28.9 0.0471 -0.136 -0.0848 0.167
29.0 -0.0223 -0.0211 -0.0119 0.0329
29.1 -0.0295 -0.0311 -0.021 0.0478
29.2 -0.0374 -0.0499 -0.0303 0.0694
29.3 -0.0426 -0.0604 -0.0352 0.0818
29.4 -0.0438 -0.0641 -0.0356 0.0854
29.5 -0.0436 -0.0561 -0.0313 0.0776
29.6 -0.0418 -0.0454 -0.0257 0.0668
29.7 -0.0386 -0.0273 -0.0153 0.0497
29.8 -0.0364 -0.0185 -0.00919 0.0419
29.9 -0.0338 -0.0122 -0.046 0.0584
30.0 -0.0332 -0.0122 -0.0482 0.0597
30.1 -0.0317 -0.0138 -0.0528 0.0631
30.2 -0.0312 -0.0164 -0.0547 0.0651
30.3 -0.0529 -0.0204 -0.0487 0.0747
30.4 -0.0575 -0.024 -0.0559 0.0837
30.5 -0.0606 -0.0259 -0.0601 0.0892
30.6 -0.0628 -0.0267 -0.063 0.0928
30.7 -0.0634 -0.0262 -0.0629 0.093
30.8 -0.0632 -0.025 -0.0604 0.0909
30.9 -0.0613 -0.023 -0.056 0.0862
31.0 -0.0576 -0.0196 -0.0475 0.0772
31.1 -0.0532 -0.0154 -0.0368 0.0665
31.2 0.027 -0.0533 -0.115 0.129
31.3 0.0231 -0.063 -0.118 0.136
31.4 0.00289 -0.0742 -0.116 0.138
31.5 -0.0133 -0.0857 -0.111 0.141
31.6 -0.0123 -0.089 -0.114 0.145
31.7 -0.0401 -0.0443 -0.0566 0.0823
31.8 -0.0457 -0.0624 -0.0687 0.103
31.9 -0.0502 -0.0762 -0.0782 0.12
32.0 -0.0536 -0.0847 -0.0847 0.131
32.1 -0.0557 -0.0878 -0.0879 0.136
32.2 -0.0564 -0.0855 -0.087 0.134
32.3 -0.0553 -0.0787 -0.0818 0.126
32.4 -0.0522 -0.0664 -0.0709 0.11
32.5 -0.0467 -0.0477 -0.0533 0.0854
32.6 0.0169 -0.157 -0.0943 0.184
32.7 0.0147 -0.163 -0.0947 0.189
32.8 -0.0441 -0.119 -0.0717 0.146
32.9 -0.0467 -0.132 -0.0781 0.16
33.0 -0.0487 -0.137 -0.082 0.167
33.1 -0.0501 -0.135 -0.0834 0.167
33.2 -0.051 -0.129 -0.082 0.161
33.3 -0.051 -0.118 -0.0773 0.15
33.4 -0.0495 -0.101 -0.0684 0.132
33.5 -0.0458 -0.0796 -0.0549 0.107
33.6 -0.0398 -0.06 -0.042 0.0834
33.7 0.183 -0.156 -0.0768 0.252
33.8 0.25 -0.158 -0.0795 0.306
33.9 0.228 -0.143 -0.0785 0.28
34.0 0.236 -0.139 -0.0805 0.285
34.1 0.239 -0.132 -0.0801 0.284
34.2 0.239 -0.123 -0.078 0.28
34.3 0.215 -0.113 -0.0725 0.254
34.4 0.16 -0.0989 -0.0626 0.198
34.5 0.0997 -0.0822 -0.0516 0.139
34.6 0.0601 -0.0695 -0.0431 0.101
34.7 0.0429 -0.0646 -0.0392 0.0869
34.8 0.443 -0.119 -0.0977 0.469
34.9 0.465 -0.12 -0.0948 0.489
35.0 0.441 -0.122 -0.0173 0.458
35.1 0.308 -0.102 -0.0196 0.325
35.2 0.276 -0.0925 -0.0209 0.292
35.3 0.261 -0.0859 -0.0211 0.275
35.4 0.232 -0.0789 -0.0217 0.246
35.5 0.273 -0.0799 -0.0182 0.285
35.6 0.252 -0.0751 -0.018 0.263
35.7 0.226 -0.0707 -0.0183 0.238
35.8 0.197 -0.0666 -0.0195 0.209
35.9 0.519 -0.071 -0.0234 0.524
36.0 0.538 -0.07 -0.0229 0.543
36.1 0.553 -0.0874 0.0677 0.564
36.2 0.38 -0.079 0.0656 0.393
36.3 0.331 -0.0715 0.0516 0.342
36.4 0.3 -0.0661 0.0403 0.31
36.5 0.277 -0.063 0.0373 0.286
36.6 0.255 -0.0604 0.0335 0.264
36.7 0.228 -0.0579 0.0248 0.236
36.8 0.201 -0.0557 0.0153 0.209
36.9 0.164 -0.0535 0.000451 0.173
37.0 0.556 -0.0381 -0.0725 0.562
37.1 0.574 -0.0465 0.0285 0.577
37.2 0.422 -0.0507 0.0954 0.435
37.3 0.344 -0.0481 0.0645 0.353
37.4 0.311 -0.0466 0.0535 0.319
37.5 0.285 -0.0457 0.0456 0.293
37.6 0.262 -0.0452 0.0398 0.268
37.7 0.249 -0.0446 0.0381 0.256
37.8 0.234 -0.0442 0.0329 0.24
37.9 0.214 -0.0441 0.0243 0.22
38.0 0.58 -0.0556 0.00615 0.583
38.1 0.515 -0.000547 0.186 0.547
38.2 0.466 0.00301 0.2 0.507
38.3 0.378 0.00161 0.21 0.432
38.4 0.28 -0.014 0.148 0.317
38.5 0.216 -0.0339 0.0441 0.223
38.6 0.199 -0.0348 0.0345 0.205
38.7 0.202 -0.0348 0.0286 0.207
38.8 0.199 -0.0345 0.025 0.203
38.9 0.186 -0.0349 0.0231 0.191
39.0 0.181 -0.0351 0.0214 0.185
39.1 0.177 -0.0354 0.0172 0.181
39.2 0.195 0.348 0.204 0.449
39.3 0.181 0.377 0.214 0.47
39.4 0.123 0.396 0.224 0.471
39.5 0.0763 0.206 0.183 0.286
39.6 0.148 0.0425 0.0511 0.162
39.7 0.146 0.037 0.0458 0.157
39.8 0.142 0.0292 0.0426 0.151
39.9 0.14 0.0294 0.0384 0.148
40.0 0.14 0.0215 0.0371 0.146
40.1 0.13 0.0113 0.0341 0.135
40.2 0.119 -0.00633 0.0333 0.124
40.3 0.187 0.406 0.21 0.494
40.4 0.188 0.425 0.224 0.516
40.5 0.0926 0.44 0.194 0.489
40.6 0.13 0.0818 0.0536 0.163
40.7 0.123 0.0705 0.0502 0.151
40.8 0.12 0.0613 0.0467 0.142
40.9 0.118 0.0552 0.0437 0.137
41.0 0.112 0.0448 0.0412 0.128
41.1 0.108 0.0345 0.0389 0.119
41.2 0.106 0.0297 0.0366 0.116
41.3 0.116 0.0425 0.0337 0.128
41.4 0.166 0.432 0.17 0.493
41.5 0.193 0.398 0.149 0.467
41.6 0.124 0.0841 0.0441 0.156
41.7 0.12 0.0762 0.0421 0.148
41.8 0.121 0.0746 0.0393 0.148
41.9 0.121 0.0709 0.0376 0.145
42.0 0.12 0.0671 0.0357 0.142
42.1 0.12 0.0625 0.0334 0.139
42.2 0.12 0.061 0.0323 0.138
42.3 0.121 0.06 0.0308 0.139
42.4 0.127 0.0641 0.0289 0.145
42.5 0.151 0.0021 0.0189 0.152
42.6 0.14 -0.0304 0.0217 0.145
42.7 0.122 0.0401 0.026 0.131
42.8 0.125 0.0395 0.0261 0.134
42.9 0.123 0.0372 0.0253 0.131
43.0 0.119 0.0349 0.0244 0.126
43.1 0.119 0.0332 0.0238 0.126
43.2 0.117 0.0302 0.0242 0.124
43.3 0.117 0.026 0.0245 0.122
43.4 0.114 0.0211 0.0261 0.119
43.5 0.112 0.0161 0.0269 0.117
43.6 0.137 -0.0511 0.017 0.147
43.7 0.0508 -0.329 0.0457 0.336
43.8 0.0498 -0.297 0.054 0.306
43.9 0.102 -0.0284 0.0282 0.11
44.0 0.105 -0.0313 0.0268 0.112
44.1 0.102 -0.0383 0.0276 0.112
44.2 0.0992 -0.0379 0.0288 0.11
44.3 0.0978 -0.0343 0.0304 0.108
44.4 0.097 -0.0404 0.0304 0.109
44.5 0.0964 -0.0393 0.0306 0.108
44.6 0.0968 -0.0374 0.0301 0.108
44.7 0.0986 -0.0328 0.0287 0.108
44.8 0.0429 -0.313 0.055 0.321
44.9 0.0328 -0.223 0.0646 0.235
45.0 0.097 -0.0491 0.029 0.113
45.1 0.096 -0.0505 0.0296 0.112
45.2 0.0962 -0.0492 0.0293 0.112
45.3 0.0969 -0.047 0.0287 0.111
45.4 0.0971 -0.0453 0.0285 0.111
45.5 0.0982 -0.0424 0.0277 0.11
45.6 0.099 -0.0397 0.027 0.11
45.7 0.101 -0.0358 0.0257 0.11
45.8 0.101 -0.032 0.0245 0.109
45.9 0.0713 -0.109 0.0389 0.136
46.0 0.0829 -0.0914 0.0321 0.128
46.1 0.107 -0.0155 0.023 0.11
46.2 0.101 -0.0325 0.0246 0.109
46.3 0.101 -0.0315 0.0247 0.109
46.4 0.102 -0.0287 0.024 0.109
46.5 0.103 -0.0269 0.0231 0.109
46.6 0.105 -0.0215 0.0218 0.11
46.7 0.107 -0.015 0.0211 0.11
46.8 0.111 -0.00806 0.0196 0.113
46.9 0.114 -0.00111 0.0182 0.115
47.0 0.11 -0.0627 -0.00129 0.126
47.1 0.116 -0.0492 -0.0022 0.126
47.2 0.123 0.0292 0.00121 0.127
47.3 0.121 0.0199 0.00409 0.123
47.4 0.121 0.016 0.00521 0.122
47.5 0.121 0.0169 0.00559 0.122
47.6 0.121 0.0182 0.0056 0.123
47.7 0.123 0.0217 0.00486 0.125
47.8 0.121 0.0169 0.00664 0.123
47.9 0.116 0.00472 0.0117 0.117
48.0 0.112 -0.00493 0.0153 0.113
48.1 0.12 -0.0535 -0.0367 0.137
48.2 0.129 -0.0339 -0.0366 0.138
48.3 0.139 0.0724 -0.0216 0.158
48.4 0.135 0.0601 -0.0168 0.149
48.5 0.134 0.052 -0.0152 0.144
48.6 0.13 0.0371 -0.00822 0.135
48.7 0.123 0.0178 0.000785 0.125
48.8 0.117 0.00497 0.00714 0.117
48.9 0.116 0.00278 0.00875 0.116
49.0 0.117 0.00351 0.00881 0.118
49.1 0.115 0.00136 0.0102 0.115
49.2 0.144 0.00247 -0.0729 0.161
49.3 0.152 0.0151 -0.0723 0.169
49.4 0.154 0.0899 -0.0344 0.181
49.5 0.14 0.0488 -0.0218 0.15
49.6 0.129 0.0243 -0.00803 0.132
49.7 0.121 0.00991 0.000267 0.121
49.8 0.12 0.00827 0.00181 0.12
49.9 0.119 0.0076 0.00311 0.12
