0.0 0.0
0.1 0.0
0.2 0.0
0.3 0.0
0.4 0.0
0.5 0.0
0.6 0.0
0.7 0.0
0.8 0.0
0.9 0.0
1.0 0.0
1.1 0.0
1.2 0.0
1.3 1.45e-11
1.4 -2.11e-11
1.5 -2.11e-11
1.6 -2.11e-11
1.7 -2.11e-11
1.8 -2.11e-11
1.9 -2.11e-11
2.0 -2.11e-11
2.1 -2.11e-11
2.2 -3.55e-11
2.3 -3.55e-11
2.4 -1.62e-11
2.5 -1.19e-11
2.6 -1.19e-11
2.7 -1.19e-11
2.8 -1.19e-11
2.9 -1.19e-11
3.0 -1.19e-11
3.1 -2.38e-11
3.2 -2.38e-11
3.3 -2.69e-11
3.4 1.83e-11
3.5 -1.19e-11
3.6 -1.11e-11
3.7 -1.11e-11
3.8 -1.11e-11
3.9 -1.11e-11
4.0 -1.11e-11
4.1 -1.11e-11
4.2 -2.3e-11
4.3 -2.3e-11
4.4 -2.61e-11
4.5 1.91e-11
4.6 -1.11e-11
4.7 -1.11e-11
4.8 -1.11e-11
4.9 -1.11e-11
5.0 -1.11e-11
5.1 -1.11e-11
5.2 -1.11e-11
5.3 -2.3e-11
5.4 -2.3e-11
5.5 -2.61e-11
5.6 1.91e-11
5.7 -1.11e-11
5.8 -1.11e-11
5.9 -1.11e-11
6.0 -1.11e-11
6.1 -1.11e-11
6.2 -1.11e-11
6.3 -1.11e-11
6.4 -2.3e-11
6.5 -2.3e-11
6.6 -2.61e-11
6.7 1.91e-11
6.8 -1.11e-11
6.9 -1.11e-11
7.0 -1.11e-11
7.1 -1.11e-11
7.2 -1.11e-11
7.3 -1.11e-11
7.4 -1.11e-11
7.5 -2.3e-11
7.6 -2.3e-11
7.7 -2.61e-11
7.8 1.91e-11
7.9 -1.11e-11
8.0 -6.09e-10
8.1 -2.81e-10
8.2 -2.81e-10
8.3 -2.81e-10
8.4 -2.81e-10
8.5 -2.81e-10
8.6 -2.81e-10
8.7 -2.93e-10
8.8 -3.13e-10
8.9 -3.16e-10
9.0 -2.71e-10
9.1 -2.81e-10
9.2 2.21e-10
9.3 2.21e-10
9.4 2.21e-10
9.5 2.21e-10
9.6 2.21e-10
9.7 2.21e-10
9.8 2.09e-10
9.9 1.89e-10
10.0 1.86e-10
10.1 2.31e-10
10.2 3.99e-10
10.3 8.63e-11
10.4 8.02e-10
10.5 -1.99e-09
10.6 -1.53e-09
10.7 -1.43e-09
10.8 1.48e-10
10.9 1.48e-10
11.0 -9.81e-10
11.1 -9.81e-10
11.2 1.45e-09
11.3 1.38e-09
11.4 1.38e-09
11.5 1.38e-09
11.6 1.38e-09
11.7 -8.58e-10
11.8 -2.84e-09
11.9 7.01e-09
12.0 2.95e-09
12.1 -7.54e-11
12.2 -7.54e-11
12.3 -7.54e-11
12.4 -7.54e-11
12.5 -7.54e-11
12.6 -7.54e-11
12.7 -7.54e-11
12.8 -7.54e-11
12.9 -7.54e-11
13.0 -7.54e-11
13.1 3.32e-11
13.2 3.32e-11
13.3 3.32e-11
13.4 3.32e-11
13.5 3.32e-11
13.6 3.32e-11
13.7 3.32e-11
13.8 3.32e-11
13.9 3.32e-11
14.0 3.32e-11
14.1 3.32e-11
14.2 -3.01e-09
14.3 -3.01e-09
14.4 -3.01e-09
14.5 -3.01e-09
14.6 -3.01e-09
14.7 -3.01e-09
14.8 -3.01e-09
14.9 -3.01e-09
15.0 -3.01e-09
15.1 8.38e-10
15.2 2.21e-10
15.3 2.21e-10
15.4 2.21e-10
15.5 2.21e-10
15.6 2.21e-10
15.7 2.21e-10
15.8 2.21e-10
15.9 2.09e-10
16.0 1.89e-10
16.1 1.86e-10
16.2 2.31e-10
16.3 2.31e-10
16.4 2.31e-10
16.5 7.9e-11
16.6 7.9e-11
16.7 -2.33e-10
16.8 4.82e-10
16.9 -2.31e-09
17.0 -1.85e-09
17.1 -5.28e-10
17.2 1.05e-09
17.3 1.05e-09
17.4 -8.13e-11
17.5 -8.13e-11
17.6 -8.13e-11
17.7 -1.52e-10
17.8 -1.52e-10
17.9 -1.52e-10
18.0 0.0
18.1 0.0
18.2 0.0
18.3 0.0
18.4 0.0
18.5 0.0
18.6 -8.13e-11
18.7 -8.13e-11
18.8 -8.13e-11
18.9 -1.52e-10
19.0 -1.52e-10
19.1 -1.52e-10
19.2 0.0
19.3 0.0
19.4 0.0
19.5 0.0
19.6 0.0
19.7 0.0
19.8 -8.13e-11
19.9 -8.13e-11
20.0 -8.13e-11
20.1 -1.52e-10
20.2 -1.52e-10
20.3 -1.52e-10
20.4 0.0
20.5 0.0
20.6 0.0
20.7 0.0
20.8 0.0
20.9 0.0
21.0 -8.13e-11
21.1 -1.77e-06
21.2 -1.77e-06
21.3 9.22e-07
21.4 9.27e-07
21.5 -3.86e-06
21.6 -6.4e-06
21.7 4.36e-06
21.8 3.17e-06
21.9 -2.87e-06
22.0 -3.01e-06
22.1 -5.57e-06
22.2 -1.17e-05
22.3 9.22e-07
22.4 1.85e-06
22.5 1.85e-06
22.6 1.97e-06
22.7 -2.54e-06
22.8 -4.99e-06
22.9 5.52e-06
23.0 4.44e-06
23.1 -1.15e-06
23.2 -1.01e-06
23.3 -3.39e-06
23.4 -9.59e-06
23.5 1.85e-06
23.6 1.85e-06
23.7 1.85e-06
23.8 1.85e-06
23.9 1.7e-06
24.0 1.7e-06
24.1 3.64e-06
24.2 3.62e-06
24.3 3.68e-06
24.4 4.46e-07
24.5 -2.87e-06
24.6 7.25e-06
24.7 5.6e-06
24.8 5.59e-07
24.9 1.03e-07
25.0 -1.59e-06
25.1 -7.64e-06
25.2 -9.51e-06
25.3 -9.18e-06
25.4 -8.48e-06
25.5 1.63e-06
25.6 3.01e-06
25.7 -9.84e-07
25.8 -1.06e-06
25.9 8.46e-06
26.0 4.12e-06
26.1 5.04e-07
26.2 1.56e-06
26.3 -1.4e-05
26.4 -1.35e-05
26.5 -6.01e-06
26.6 4.01e-06
26.7 -9.31e-06
26.8 1.92e-06
26.9 -1.02e-07
27.0 3.51e-05
27.1 -1.43e-05
27.2 -1.43e-05
27.3 -3.47e-05
27.4 2.14e-05
27.5 2.32e-05
27.6 2.27e-05
27.7 -2.3e-05
27.8 -8.18e-06
27.9 4.82e-06
28.0 -3.18e-06
28.1 2.28e-05
28.2 -3.41e-06
28.3 -9.21e-06
28.4 -1.52e-05
28.5 9.43e-06
28.6 6.7e-06
28.7 1.02e-05
28.8 9.25e-06
28.9 2.78e-05
29.0 2.52e-05
29.1 2.2e-05
29.2 2.26e-05
29.3 -4.19e-05
29.4 -2.91e-06
29.5 3.12e-05
29.6 -4.7e-06
29.7 -1.72e-05
29.8 -1.84e-06
29.9 3.92e-05
30.0 3.78e-05
30.1 3.96e-05
30.2 2.74e-05
30.3 3e-05
30.4 -1.38e-06
30.5 -3.49e-05
30.6 5.62e-05
30.7 -6.09e-06
30.8 -3.02e-05
30.9 1.81e-06
31.0 -2.69e-05
31.1 2.81e-05
31.2 -2.55e-05
31.3 -2.15e-05
31.4 -2.05e-05
31.5 -1.96e-05
31.6 -1.9e-05
31.7 -1.9e-05
31.8 1.57e-05
31.9 4.25e-06
32.0 -6.24e-06
32.1 -6.44e-06
32.2 1.36e-06
32.3 9.17e-06
32.4 -1.23e-05
32.5 5.62e-08
32.6 2.46e-06
32.7 -5.64e-09
32.8 8.49e-08
32.9 3.16e-06
33.0 1.72e-06
33.1 -2.76e-06
33.2 -2.85e-06
33.3 -5.49e-06
33.4 3.69e-07
33.5 -1.37e-06
33.6 -5.33e-06
33.7 5.48e-07
33.8 -9.47e-07
33.9 -9.08e-07
34.0 1.17e-06
34.1 3.38e-07
34.2 -2.66e-07
34.3 -7.27e-07
34.4 -1.03e-06
34.5 -1.19e-06
34.6 -1.15e-06
34.7 -8.58e-07
34.8 -1.83e-07
34.9 -3.18e-07
35.0 -3.41e-07
35.1 8.48e-07
35.2 2.51e-07
35.3 -2.09e-07
35.4 -5.49e-07
35.5 -7.8e-07
35.6 -9.24e-07
35.7 -9.27e-07
35.8 -7.11e-07
35.9 -1.61e-07
36.0 -8.85e-07
36.1 -8.41e-07
36.2 1.8e-07
36.3 -3.01e-07
36.4 -6.63e-07
36.5 -8.71e-07
36.6 -9.88e-07
36.7 -9.67e-07
36.8 -8.13e-07
36.9 -4.37e-07
37.0 1.47e-07
37.1 -9.94e-07
37.2 -6.52e-08
37.3 -2.54e-07
37.4 -4.15e-07
37.5 -4.99e-07
37.6 -5.14e-07
37.7 -4.93e-07
37.8 -3.82e-07
37.9 -1.98e-07
38.0 1.24e-07
38.1 -8.41e-07
38.2 -4.41e-07
38.3 -4.31e-07
38.4 5.91e-07
38.5 1.43e-07
38.6 -1.9e-07
38.7 -4.03e-07
38.8 -5.47e-07
38.9 -6.24e-07
39.0 -6.22e-07
39.1 -4.24e-07
39.2 -7.61e-08
39.3 -2.72e-07
39.4 -2.8e-07
39.5 4.51e-07
39.6 1.14e-07
39.7 -1.14e-07
39.8 -2.82e-07
39.9 -3.6e-07
40.0 -4.33e-07
40.1 -4.48e-07
40.2 -3.75e-07
40.3 -7.96e-08
40.4 -4.13e-07
40.5 -3.76e-07
40.6 1.3e-07
40.7 -1.21e-07
40.8 -2.41e-07
40.9 -3.74e-07
41.0 -4.47e-07
41.1 -4.2e-07
41.2 -3.72e-07
41.3 -2.74e-07
41.4 -1.68e-08
41.5 -4.51e-07
41.6 -4.45e-07
41.7 2.66e-08
41.8 -7.4e-08
41.9 -1.4e-07
42.0 -1.92e-07
42.1 -2.16e-07
42.2 -2.18e-07
42.3 -1.9e-07
42.4 -1.2e-07
42.5 3.67e-09
42.6 -3.16e-07
42.7 -2.82e-07
42.8 -6.98e-08
42.9 -1.21e-07
43.0 -1.58e-07
43.1 -1.82e-07
43.2 -1.91e-07
43.3 -1.83e-07
43.4 -1.53e-07
43.5 -8.95e-08
43.6 1.71e-08
43.7 -2.82e-07
43.8 -2.43e-07
43.9 -2.43e-07
44.0 -1.78e-08
44.1 -5.78e-08
44.2 -8.8e-08
44.3 -1.1e-07
44.4 -1.24e-07
44.5 -1.31e-07
44.6 -1.2e-07
44.7 -8.19e-08
44.8 -7.38e-09
44.9 -2.43e-07
45.0 -2.42e-07
45.1 -1.18e-08
45.2 -4.57e-08
45.3 -7.18e-08
45.4 -9.1e-08
45.5 -1.05e-07
45.6 -1.12e-07
45.7 -1.05e-07
45.8 -7.52e-08
45.9 -6.35e-09
46.0 -2.16e-07
46.1 -1.98e-07
46.2 -5.69e-08
46.3 -1.19e-07
46.4 -1.6e-07
46.5 -1.87e-07
46.6 -1.99e-07
46.7 -1.93e-07
46.8 -1.62e-07
46.9 -9.79e-08
47.0 1.06e-08
47.1 -3.05e-07
47.2 -2.87e-07
47.3 -1.06e-07
47.4 -1.25e-07
47.5 -1.38e-07
47.6 -1.38e-07
47.7 -1.33e-07
47.8 -1.14e-07
47.9 -8.57e-08
48.0 -4.1e-08
48.1 1.81e-08
48.2 -2.41e-07
48.3 -2.28e-07
48.4 -1.36e-07
48.5 -1.31e-07
48.6 -1.24e-07
48.7 -1.15e-07
48.8 -1.01e-07
48.9 -8.31e-08
49.0 -5.67e-08
49.1 -2.32e-08
49.2 2.19e-08
49.3 -1.89e-07
49.4 -1.83e-07
49.5 -1.13e-07
49.6 -1.06e-07
49.7 -9.95e-08
49.8 -9.19e-08
49.9 -8.09e-08
