0.0 0.0
0.1 -1.75e-12
0.2 -1.75e-12
0.3 -3.49e-12
0.4 -3.49e-12
0.5 -5.24e-12
0.6 -5.24e-12
0.7 -6.4e-12
0.8 -6.4e-12
0.9 -7.57e-12
1.0 -7.57e-12
1.1 -8.73e-12
1.2 -8.73e-12
1.3 -9.31e-12
1.4 -9.31e-12
1.5 -9.31e-12
1.6 -9.31e-12
1.7 -1.05e-11
1.8 -1.05e-11
1.9 -1.05e-11
2.0 -1.16e-11
2.1 -1.22e-11
2.2 -1.28e-11
2.3 -1.4e-11
2.4 -1.51e-11
2.5 -1.57e-11
2.6 -1.69e-11
2.7 -1.8e-11
2.8 -1.8e-11
2.9 -1.8e-11
3.0 -1.8e-11
3.1 -1.92e-11
3.2 -2.04e-11
3.3 -2.15e-11
3.4 -2.15e-11
3.5 -2.15e-11
3.6 -2.15e-11
3.7 -2.15e-11
3.8 -2.15e-11
3.9 -2.15e-11
4.0 -2.15e-11
4.1 -2.15e-11
4.2 -2.15e-11
4.3 -2.15e-11
4.4 -2.15e-11
4.5 -2.15e-11
4.6 -2.39e-11
4.7 -2.39e-11
4.8 -2.39e-11
4.9 -2.39e-11
5.0 -2.39e-11
5.1 -2.39e-11
5.2 -2.39e-11
5.3 -2.39e-11
5.4 -2.39e-11
5.5 -2.39e-11
5.6 -2.39e-11
5.7 -2.39e-11
5.8 -2.39e-11
5.9 -2.39e-11
6.0 -2.39e-11
6.1 -2.39e-11
6.2 -2.39e-11
6.3 -2.39e-11
6.4 -2.39e-11
6.5 -2.39e-11
6.6 -2.39e-11
6.7 -2.39e-11
6.8 -2.39e-11
6.9 -2.39e-11
7.0 -2.39e-11
7.1 -2.39e-11
7.2 -2.39e-11
7.3 -2.39e-11
7.4 -2.39e-11
7.5 -2.39e-11
7.6 -2.39e-11
7.7 -2.39e-11
7.8 -2.39e-11
7.9 -2.39e-11
8.0 -2.39e-11
8.1 -2.39e-11
8.2 -2.39e-11
8.3 -2.39e-11
8.4 -2.39e-11
8.5 -2.39e-11
8.6 -2.39e-11
8.7 -2.39e-11
8.8 -2.39e-11
8.9 -2.39e-11
9.0 -2.39e-11
9.1 -2.39e-11
9.2 -2.39e-11
9.3 -2.39e-11
9.4 -2.39e-11
9.5 -2.39e-11
9.6 -2.39e-11
9.7 -2.39e-11
9.8 -2.39e-11
9.9 -2.39e-11
10.0 -2.39e-11
10.1 -2.39e-11
10.2 -2.39e-11
10.3 -2.39e-11
10.4 -2.39e-11
10.5 -2.39e-11
10.6 -2.39e-11
10.7 -2.39e-11
10.8 -3.34e-13
10.9 -2.94e-12
11.0 -3.02e-11
11.1 -3.02e-11
11.2 -3.02e-11
11.3 -3.74e-11
11.4 -3.74e-11
11.5 -3.74e-11
11.6 -3.74e-11
11.7 -3.74e-11
11.8 -3.74e-11
11.9 -3.74e-11
12.0 -3.74e-11
12.1 -3.74e-11
12.2 -3.74e-11
12.3 -3.74e-11
12.4 -3.74e-11
12.5 -3.74e-11
12.6 -3.74e-11
12.7 -3.74e-11
12.8 -3.74e-11
12.9 -3.74e-11
13.0 -3.74e-11
13.1 -3.74e-11
13.2 -3.74e-11
13.3 -3.74e-11
13.4 -3.74e-11
13.5 -3.74e-11
13.6 -3.74e-11
13.7 -3.74e-11
13.8 -3.74e-11
13.9 -3.74e-11
14.0 -3.74e-11
14.1 -3.74e-11
14.2 -3.74e-11
14.3 -3.74e-11
14.4 -3.74e-11
14.5 -3.74e-11
14.6 -3.74e-11
14.7 -3.74e-11
14.8 -3.74e-11
14.9 -3.74e-11
15.0 -3.74e-11
15.1 -3.74e-11
15.2 -3.74e-11
15.3 -3.74e-11
15.4 -1.75e-12
15.5 -1.75e-12
15.6 -1.75e-12
15.7 -1.75e-12
15.8 -1.75e-12
15.9 -1.75e-12
16.0 -1.75e-12
16.1 -1.75e-12
16.2 -1.75e-12
16.3 -1.75e-12
16.4 -1.75e-12
16.5 -1.75e-12
16.6 -1.75e-12
16.7 -1.75e-12
16.8 -1.75e-12
16.9 -1.75e-12
17.0 -1.75e-12
17.1 -1.75e-12
17.2 -1.75e-12
17.3 -1.75e-12
17.4 -1.75e-12
17.5 -1.75e-12
17.6 -1.75e-12
17.7 -1.75e-12
17.8 -1.75e-12
17.9 -1.75e-12
18.0 -1.75e-12
18.1 -1.75e-12
18.2 -1.75e-12
18.3 -1.75e-12
18.4 -1.75e-12
18.5 -1.75e-12
18.6 -1.75e-12
18.7 -1.75e-12
18.8 -1.75e-12
18.9 -1.75e-12
19.0 -1.75e-12
19.1 -1.75e-12
19.2 -1.75e-12
19.3 -1.75e-12
19.4 -1.75e-12
19.5 -1.75e-12
19.6 -1.75e-12
19.7 -1.27e-11
19.8 -4.05e-12
19.9 -4.05e-12
20.0 -4.05e-12
20.1 -7.83e-12
20.2 -7.83e-12
20.3 -1.33e-11
20.4 -1.33e-11
20.5 -1.33e-11
20.6 -1.33e-11
20.7 -1.33e-11
20.8 -1.33e-11
20.9 -1.33e-11
21.0 -1.33e-11
21.1 -1.33e-11
21.2 -1.33e-11
21.3 -1.33e-11
21.4 -1.33e-11
21.5 5.55e-10
21.6 -1.66e-06
21.7 -7.37e-07
21.8 -2.11e-07
21.9 6.46e-08
22.0 2.31e-07
22.1 2.84e-07
22.2 2.54e-07
22.3 2.34e-07
22.4 1.75e-07
22.5 1.67e-07
22.6 4.12e-08
22.7 3.52e-08
22.8 2.35e-08
22.9 1.06e-08
23.0 7.04e-09
23.1 -2.49e-08
23.2 -2.65e-08
23.3 -2.89e-08
23.4 -3.79e-08
23.5 -2.32e-05
23.6 -3.68e-06
23.7 -4.33e-06
23.8 -4.89e-06
23.9 -7.17e-06
24.0 -7.59e-06
24.1 -4.05e-12
24.2 6.84e-08
24.3 1.18e-07
24.4 1.24e-07
24.5 1.29e-07
24.6 1.36e-07
24.7 1.45e-07
24.8 2.01e-07
24.9 2.02e-07
25.0 2.04e-07
25.1 2.06e-07
25.2 2.07e-07
25.3 2.12e-07
25.4 2.15e-07
25.5 2.18e-07
25.6 2.26e-07
25.7 2.28e-07
25.8 2.32e-07
25.9 2.33e-07
26.0 2.35e-07
26.1 2.38e-07
26.2 2.41e-07
26.3 2.45e-07
26.4 2.48e-07
26.5 2.51e-07
26.6 2.54e-07
26.7 2.56e-07
26.8 2.59e-07
26.9 2.61e-07
27.0 2.64e-07
27.1 2.66e-07
27.2 2.68e-07
27.3 2.69e-07
27.4 2.71e-07
27.5 2.72e-07
27.6 2.73e-07
27.7 2.75e-07
27.8 2.76e-07
27.9 2.78e-07
28.0 2.87e-07
28.1 2.93e-07
28.2 2.95e-07
28.3 2.99e-07
28.4 3.01e-07
28.5 3.03e-07
28.6 3.04e-07
28.7 3.05e-07
28.8 3.08e-07
28.9 3.09e-07
29.0 3.1e-07
29.1 3.11e-07
29.2 3.16e-07
29.3 3.17e-07
29.4 3.17e-07
29.5 3.18e-07
29.6 3.19e-07
29.7 3.19e-07
29.8 3.19e-07
29.9 3.19e-07
30.0 3.19e-07
30.1 3.2e-07
30.2 3.2e-07
30.3 3.2e-07
30.4 3.2e-07
30.5 3.2e-07
30.6 3.2e-07
30.7 3.19e-07
30.8 3.19e-07
30.9 3.19e-07
31.0 3.19e-07
31.1 3.19e-07
31.2 3.18e-07
31.3 3.18e-07
31.4 3.18e-07
31.5 3.18e-07
31.6 3.17e-07
31.7 3.17e-07
31.8 3.16e-07
31.9 3.16e-07
32.0 3.15e-07
32.1 3.14e-07
32.2 3.14e-07
32.3 3.13e-07
32.4 3.12e-07
32.5 3.08e-07
32.6 3.06e-07
32.7 3.02e-07
32.8 3.04e-07
32.9 3.03e-07
33.0 3.04e-07
33.1 3.1e-07
33.2 3.12e-07
33.3 3.19e-07
33.4 3.21e-07
33.5 3.26e-07
33.6 3.31e-07
33.7 3.29e-07
33.8 3.28e-07
33.9 3.26e-07
34.0 3.26e-07
34.1 3.24e-07
34.2 3.23e-07
34.3 3.22e-07
34.4 3.2e-07
34.5 3.19e-07
34.6 3.17e-07
34.7 3.16e-07
34.8 3.14e-07
34.9 3.13e-07
35.0 3.13e-07
35.1 3.09e-07
35.2 3.09e-07
35.3 3.08e-07
35.4 3.07e-07
35.5 3.06e-07
35.6 3.04e-07
35.7 3.04e-07
35.8 3.04e-07
35.9 3.04e-07
36.0 3.04e-07
36.1 3.04e-07
36.2 3.04e-07
36.3 3.04e-07
36.4 3.04e-07
36.5 3.01e-07
36.6 3.01e-07
36.7 2.99e-07
36.8 2.99e-07
36.9 2.98e-07
37.0 2.98e-07
37.1 2.97e-07
37.2 2.95e-07
37.3 2.95e-07
37.4 2.95e-07
37.5 2.95e-07
37.6 2.92e-07
37.7 2.9e-07
37.8 2.9e-07
37.9 2.9e-07
38.0 2.9e-07
38.1 2.9e-07
38.2 2.9e-07
38.3 2.9e-07
38.4 2.85e-07
38.5 2.85e-07
38.6 2.8e-07
38.7 2.8e-07
38.8 2.8e-07
38.9 2.8e-07
39.0 2.8e-07
39.1 2.8e-07
39.2 2.8e-07
39.3 2.76e-07
39.4 2.76e-07
39.5 2.71e-07
39.6 2.71e-07
39.7 2.66e-07
39.8 2.66e-07
39.9 2.66e-07
40.0 2.61e-07
40.1 2.59e-07
40.2 2.59e-07
40.3 2.57e-07
40.4 2.57e-07
40.5 2.57e-07
40.6 2.53e-07
40.7 2.52e-07
40.8 2.49e-07
40.9 2.49e-07
41.0 2.48e-07
41.1 2.47e-07
41.2 2.46e-07
41.3 2.45e-07
41.4 2.19e-07
41.5 2.1e-07
41.6 2.08e-07
41.7 2.05e-07
41.8 2.02e-07
41.9 1.98e-07
42.0 1.96e-07
42.1 1.94e-07
42.2 1.77e-07
42.3 1.76e-07
42.4 1.73e-07
42.5 1.65e-07
42.6 1.61e-07
42.7 1.57e-07
42.8 1.52e-07
42.9 1.47e-07
43.0 1.41e-07
43.1 1.41e-07
43.2 1.4e-07
43.3 1.38e-07
43.4 1.37e-07
43.5 1.35e-07
43.6 1.35e-07
43.7 1.33e-07
43.8 1.33e-07
43.9 1.31e-07
44.0 1.31e-07
44.1 1.31e-07
44.2 1.25e-07
44.3 1.25e-07
44.4 1.25e-07
44.5 1.25e-07
44.6 1.25e-07
44.7 1.25e-07
44.8 1.25e-07
44.9 1.25e-07
45.0 1.25e-07
45.1 1.24e-07
45.2 1.24e-07
45.3 1.24e-07
45.4 1.24e-07
45.5 1.24e-07
45.6 1.23e-07
45.7 1.22e-07
45.8 1.22e-07
45.9 1.22e-07
46.0 1.21e-07
46.1 1.2e-07
46.2 1.19e-07
46.3 1.18e-07
46.4 1.18e-07
46.5 1.17e-07
46.6 1.16e-07
46.7 1.15e-07
46.8 1.15e-07
46.9 1.14e-07
47.0 1.04e-07
47.1 1.04e-07
47.2 1e-07
47.3 1e-07
47.4 9.71e-08
47.5 9.66e-08
47.6 9.45e-08
47.7 9.28e-08
47.8 9.1e-08
47.9 8.91e-08
48.0 8.79e-08
48.1 8.66e-08
48.2 8.54e-08
48.3 8.42e-08
48.4 8.3e-08
48.5 8.19e-08
48.6 8.08e-08
48.7 7.37e-08
48.8 7.3e-08
48.9 7.24e-08
49.0 7.17e-08
49.1 6.62e-08
49.2 6.59e-08
49.3 6.56e-08
49.4 6.11e-08
49.5 6.08e-08
49.6 6.02e-08
49.7 5.5e-08
49.8 5.47e-08
49.9 5.45e-08
