0.0 0.0 0.0 0.0
0.1 10.1 0.0885 28.4
0.2 10.2 74.5 28.5
0.3 10.3 10.2 28.6
0.4 10.4 10.3 28.7
0.5 10.5 10.4 28.8
0.6 9.72 10.5 28.8
0.7 -41.8 -36.2 -3.9
0.8 -17.7 -24.2 -3.58
0.9 0.253 0.798 18.9
1.0 0.174 0.153 18.7
1.1 0.784 -0.0152 19.2
1.2 0.601 1.26 18.6
1.3 -73.9 75.7 79.0
1.4 -9.82 10.6 29.0
1.5 -9.61 10.8 29.1
1.6 -6.7 10.3 26.3
1.7 61.8 -63.5 -28.0
1.8 0.795 1.05 19.3
1.9 0.237 0.932 19.3
2.0 0.169 0.916 19.3
2.1 0.281 0.932 19.3
2.2 0.218 0.991 19.3
2.3 0.26 0.895 19.3
2.4 -33.9 61.3 47.9
2.5 10.5 -14.4 11.2
2.6 17.5 -29.0 6.24
2.7 0.0475 0.748 19.5
2.8 0.385 1.22 19.3
2.9 0.246 1.53 19.4
3.0 0.0574 1.5 19.5
3.1 0.611 1.2 19.2
3.2 0.0178 1.61 19.6
3.3 0.477 1.3 19.3
3.4 0.359 1.37 19.3
3.5 -19.8 36.3 35.1
3.6 89.1 -1.06e+02 -53.5
3.7 -28.8 57.6 39.8
3.8 -25.7 12.3 42.3
3.9 -2.21 -2.25 20.3
4.0 0.691 1.25 19.2
4.1 0.325 1.02 19.3
4.2 0.0261 0.87 19.3
4.3 0.193 1.01 19.2
4.4 0.249 0.909 19.3
4.5 0.341 1.11 19.3
4.6 72.6 -74.1 -40.7
4.7 2.76 -9.16 9.12
4.8 -50.8 47.5 61.9
4.9 -0.486 21.5 23.5
5.0 -2.22 -3.08 20.0
5.1 0.68 0.777 18.9
5.2 0.372 0.797 19.2
5.3 0.201 0.801 19.0
5.4 0.262 0.879 19.2
5.5 0.778 0.719 18.9
5.6 0.461 0.898 18.9
5.7 65.5 -74.4 -40.8
5.8 -58.2 -7.59 47.7
5.9 2.74 64.1 36.4
6.0 0.641 0.626 18.9
6.1 -0.269 -0.00167 19.1
6.2 -1.49 -1.18 19.7
6.3 -1.66 -1.39 19.8
6.4 -1.95 -1.48 19.9
6.5 -2.3 -1.87 20.1
6.6 -2.05 -1.96 19.9
6.7 -1.77 -1.4 19.9
6.8 7.35 -64.4 -5.42
6.9 -44.1 26.3 51.7
7.0 29.1 24.5 10.5
7.1 -1.58 -1.45 19.6
7.2 -2.0 -2.03 19.6
7.3 -3.27 -2.96 20.1
7.4 -4.08 -2.89 20.6
7.5 -3.72 -3.76 20.1
7.6 -4.84 -3.42 20.9
7.7 -4.31 -4.75 20.1
7.8 -4.57 -4.95 20.1
7.9 -24.9 -17.5 28.7
8.0 -33.4 12.9 49.2
8.1 -1.06 -4.03 19.7
8.2 38.9 3.28 -7.48
8.3 -4.3 -6.61 18.6
8.4 -5.64 -6.22 19.6
8.5 -5.78 -5.93 19.9
8.6 -7.78 -6.87 20.6
8.7 -6.77 -8.9 19.1
8.8 -7.37 -8.68 19.5
8.9 -7.84 -10.1 19.1
9.0 -6.14 -12.6 16.8
9.1 -32.3 21.8 55.8
9.2 -6.42 -40.1 -8.78
9.3 20.1 11.8 14.0
9.4 -7.12 -14.5 13.5
9.5 -4.87 -13.6 11.7
9.6 11.8 14.4 22.3
9.7 8.5 13.5 22.7
9.8 4.78 11.0 22.5
9.9 -0.821 -0.579 19.2
10.0 -0.705 -0.656 19.2
10.1 -0.73 -0.523 19.2
10.2 -35.1 -41.1 -40.6
10.3 18.3 19.0 44.7
10.4 7.68 12.1 38.0
10.5 -0.477 -0.317 19.6
10.6 -0.485 -0.669 19.2
10.7 -0.72 -0.529 19.2
10.8 -0.727 -0.726 19.0
10.9 -0.726 -0.613 19.1
11.0 -0.757 -0.704 19.1
11.1 -0.887 -0.672 19.0
11.2 -39.2 42.8 -38.8
11.3 16.7 -23.4 41.7
11.4 8.33 -10.5 33.1
11.5 3.13 -3.07 24.7
11.6 -1.03 -0.481 18.6
11.7 -0.866 -0.686 18.9
11.8 -3.2 -0.245 15.5
11.9 -3.3 -0.639 15.3
12.0 -2.62 -0.8 16.1
12.1 -1.3 -0.75 18.0
12.2 -17.3 42.4 -17.9
12.3 3.71 -17.8 25.5
12.4 1.38 -8.76 22.6
12.5 0.463 -4.05 21.6
12.6 -1.31 -1.42 18.0
12.7 -1.75 -0.889 17.1
12.8 -2.04 -0.714 16.4
12.9 -1.76 -0.72 16.8
13.0 -1.04 -0.744 18.1
13.1 -0.0949 -0.688 19.8
13.2 -11.0 35.2 -9.1
13.3 1.54 -15.3 23.3
13.4 0.172 -6.69 21.1
13.5 -0.957 -2.58 18.6
13.6 -1.67 -1.15 17.1
13.7 -2.08 -0.652 16.1
13.8 -2.24 -0.516 15.7
13.9 -1.93 -0.547 16.2
14.0 -1.56 -0.566 16.9
14.1 -0.859 -0.621 18.3
14.2 -4.96 22.7 1.55
14.3 -0.674 -9.12 19.2
14.4 -0.475 -5.04 20.2
14.5 -1.78 -1.31 16.5
14.6 -1.83 -0.758 16.3
14.7 -2.13 -0.461 15.6
14.8 -2.12 -0.407 15.5
14.9 -1.93 -0.434 15.9
15.0 -1.56 -0.43 16.7
15.1 -0.925 -0.552 18.3
15.2 -59.7 -59.2 29.0
15.3 47.4 67.3 -1.74
15.4 -0.258 -8.11 20.8
15.5 -1.89 -0.846 15.4
15.6 -2.69 0.681 13.0
15.7 -2.31 -1.81 16.3
15.8 -1.63 -1.01 16.7
15.9 -2.66 -0.498 13.7
16.0 -1.87 -0.354 15.8
16.1 -1.28 -0.266 17.2
16.2 -0.769 -0.306 18.6
16.3 -3.91 13.2 6.88
16.4 -0.262 0.769 18.5
16.5 -1.87 0.136 15.1
16.6 -0.784 4.56 17.4
16.7 -1.52 -3.08 17.3
16.8 -1.47 -1.29 17.1
16.9 -1.79 -0.342 15.9
17.0 -2.35 0.27 13.8
17.1 -2.49 0.158 13.4
17.2 -2.28 -0.0533 14.0
17.3 -1.77 -0.201 15.6
17.4 -0.804 -0.399 18.9
17.5 -0.385 -0.637 20.6
17.6 -4.38 7.16 7.87
17.7 -0.842 -3.53 19.0
17.8 -1.82 -0.78 15.7
17.9 -1.56 -0.835 16.5
18.0 -1.6 -0.551 16.3
18.1 -1.32 -0.521 17.3
18.2 -1.12 -0.448 18.0
18.3 -1.08 -0.299 18.2
18.4 -0.931 -0.276 18.7
18.5 -0.788 -0.31 19.3
18.6 -5.9 9.54 2.52
18.7 1.98 47.4 20.8
18.8 -1.53 6.58 16.4
18.9 -1.53 -11.0 19.2
19.0 -1.01 -3.87 17.1
19.1 -1.69 -9.13 18.7
19.2 -0.668 -9.34 19.1
19.3 -1.62 -2.55 17.4
19.4 -1.53 0.204 17.3
19.5 -1.48 0.266 17.5
19.6 -1.08 0.0424 17.1
19.7 -1.54 0.0757 17.4
19.8 -2.01 55.1 9.01
19.9 7.44 -50.6 44.6
20.0 0.0674 1.6 22.4
20.1 -2.33 -0.22 16.1
20.2 -1.67 0.0182 17.1
20.3 -2.07 0.283 16.1
20.4 -2.25 0.463 15.5
20.5 -1.88 0.386 16.3
20.6 -1.93 0.409 16.1
20.7 -1.83 0.423 16.3
20.8 -1.46 0.211 17.2
20.9 -1.43 0.168 17.3
21.0 6.9 -2.42 37.8
21.1 -1.77 36.6 22.5
21.2 -0.426 4.83 21.2
21.3 -5.03 6.09 22.9
21.4 -2.46 -1.03 17.1
21.5 -2.24 -0.717 17.8
21.6 -2.16 -1.49 17.2
21.7 -2.27 -2.08 16.6
21.8 -1.62 -1.47 17.3
21.9 -1.59 -1.6 16.8
22.0 -1.33 -1.42 16.5
22.1 -0.915 -0.771 16.8
22.2 -0.379 -0.838 16.5
22.3 0.754 35.3 41.1
22.4 -16.7 1.08 44.8
22.5 -0.84 3.91 25.7
22.6 10.2 -8.74 5.8
22.7 -1.17 -1.71 14.6
22.8 -1.11 -1.78 14.4
22.9 -1.34 -2.86 14.1
23.0 -2.19 -2.02 14.4
23.1 -1.14 1.86 18.5
23.2 -1.75 -0.649 17.1
23.3 -1.34 0.546 18.1
23.4 -1.34 0.667 18.1
23.5 -15.0 31.9 64.4
23.6 -3.19 4.89 26.0
23.7 -3.21 4.93 26.0
23.8 -3.23 4.98 26.1
23.9 71.1 -58.8 -30.3
24.0 6.84 -3.6 16.7
24.1 4.12 1.54 8.93
24.2 6.03 0.896 13.7
24.3 -42.3 9.56 60.4
24.4 -2.34 2.79 15.1
24.5 -2.63 3.4 14.1
24.6 -2.73 2.53 13.5
24.7 -2.43 1.91 15.0
24.8 -1.09 0.734 18.0
24.9 -1.05 0.573 18.4
25.0 -1.1 0.665 18.3
25.1 -1.07 0.687 18.4
25.2 44.9 -74.5 6.01
25.3 2.8 -9.56 17.3
25.4 -0.252 26.8 43.2
25.5 -30.7 34.4 13.8
25.6 -1.32 0.0744 17.6
25.7 -2.15 -0.573 15.6
25.8 -1.58 1.05 16.9
25.9 -1.01 0.458 18.1
26.0 -0.867 0.545 18.5
26.1 -0.969 0.197 18.2
26.2 -0.738 0.106 18.7
26.3 -0.952 0.743 18.3
26.4 19.3 -0.569 15.8
26.5 3.4 -7.35 26.4
26.6 -19.7 7.74 13.5
26.7 -0.825 0.392 18.4
26.8 -0.842 0.38 18.4
26.9 -0.845 0.403 18.4
27.0 -0.836 0.339 18.4
27.1 -0.865 0.459 18.3
27.2 -0.838 0.464 18.4
27.3 -0.85 0.446 18.3
27.4 -0.87 0.881 18.3
27.5 20.0 -5.53 1.54
27.6 0.437 -5.04 17.2
27.7 -17.5 8.98 30.9
27.8 -0.823 0.366 18.3
27.9 -0.757 0.314 18.4
28.0 -0.851 0.101 18.2
28.1 -0.897 -0.0774 18.0
28.2 -0.852 0.101 18.1
28.3 -0.803 0.29 18.3
28.4 -0.766 0.422 18.4
28.5 -0.662 0.732 18.6
28.6 22.6 -28.6 -6.7
28.7 -0.241 -3.48 14.0
28.8 -1.15 -2.24 14.4
28.9 -1.45 -1.04 13.9
29.0 0.146 -1.63 14.4
29.1 -12.3 20.4 38.4
29.2 -1.69 -2.24 14.7
29.3 -1.92 -4.06 14.3
29.4 -1.52 -2.71 15.4
29.5 -0.861 -1.55 16.7
29.6 -0.631 0.671 18.2
29.7 -0.311 1.29 18.7
29.8 -0.0451 2.87 20.4
29.9 -0.191 1.31 19.4
30.0 -0.0756 0.959 5.92
30.1 -0.411 -0.167 15.8
30.2 -0.246 -0.484 14.9
30.3 -0.426 -0.698 15.6
30.4 -4.53 -0.988 18.0
30.5 -1.67 -0.981 14.1
30.6 -1.44 -0.702 14.8
30.7 -1.33 -0.512 15.0
30.8 -1.06 -0.271 15.9
30.9 -0.926 -0.126 16.7
31.0 -0.622 0.0228 17.4
31.1 -0.247 0.338 18.8
31.2 -0.0809 0.547 19.8
31.3 14.0 -7.53 -8.06
31.4 -0.455 -2.61 13.1
31.5 -3.54 -3.04 14.8
31.6 -3.07 -3.23 15.6
31.7 -0.109 -1.82 13.4
31.8 -5.45 7.4 32.4
31.9 -1.7 -4.1 12.2
32.0 -1.59 -3.52 12.7
32.1 -1.45 -2.7 13.3
32.2 -1.26 -1.76 14.1
32.3 -1.01 -0.761 15.3
32.4 -0.724 0.15 16.7
32.5 -0.319 1.29 18.7
32.6 0.154 2.7 21.2
32.7 11.0 -21.8 3.11
32.8 -0.33 -3.29 14.7
32.9 -10.9 6.19 22.2
33.0 -1.22 -4.01 13.5
33.1 -1.17 -2.77 14.1
33.2 -1.11 -1.64 14.8
33.3 -1.01 -0.615 15.6
33.4 -0.862 0.396 16.7
33.5 -0.605 1.55 18.2
33.6 -0.17 2.8 19.9
33.7 0.32 2.69 20.2
33.8 40.5 -19.4 5.43
33.9 14.8 -2.41 14.5
34.0 -0.85 0.608 15.6
34.1 4.46 -1.1 14.7
34.2 3.7 -0.527 15.3
34.3 3.1 -0.176 15.9
34.4 -1.17 0.391 17.1
34.5 -7.52 1.09 18.6
34.6 -9.03 1.86 19.3
34.7 -6.08 1.33 18.9
34.8 -2.46 -0.00722 17.7
34.9 74.8 -11.5 -2.11
35.0 9.95 -1.65 15.5
35.1 1.86 -2.21 39.3
35.2 -18.6 2.26 16.5
35.3 -1.79 0.459 16.7
35.4 0.864 0.0105 17.0
35.5 -1.92 0.172 16.9
35.6 10.8 -1.27 18.2
35.7 -0.249 -0.168 17.2
35.8 -1.32 -0.182 17.1
35.9 -2.46 -0.178 16.8
36.0 62.4 -1.75 15.9
36.1 10.5 -0.786 17.1
36.2 10.2 -4.32 45.9
36.3 -24.6 0.428 19.3
36.4 -3.91 0.366 15.5
36.5 -1.19 0.0579 15.9
36.6 -0.284 -0.314 18.2
36.7 -0.235 -0.363 17.8
36.8 -1.54 -0.328 16.1
36.9 -1.86 -0.375 15.6
37.0 -4.09 -0.348 13.6
37.1 74.8 2.25 -5.43
37.2 11.0 -2.14 47.6
37.3 -20.4 -1.45 40.0
37.4 -8.73 -0.182 11.1
37.5 -1.37 -0.38 16.5
37.6 -0.495 -0.471 17.1
37.7 -0.526 -0.519 17.5
37.8 1.27 -0.502 18.6
37.9 0.538 -0.537 17.5
38.0 -0.403 -0.576 16.2
38.1 70.8 -2.84 12.9
38.2 -4.2 9.87 75.2
38.3 -2.02 0.68 28.7
38.4 -10.0 -0.229 27.7
38.5 -12.9 -3.0 5.1
38.6 -8.11 -4.03 -10.4
38.7 -0.0869 -0.64 16.3
38.8 3.18 -0.485 17.2
38.9 2.26 -0.411 17.7
39.0 0.351 -0.549 18.1
39.1 1.56 -0.521 18.1
39.2 1.73 -0.537 17.3
39.3 5.86 73.7 78.1
39.4 -0.0431 10.3 27.9
39.5 -8.26 8.78 28.0
39.6 -6.92 -31.1 12.3
39.7 14.3 -28.8 -18.0
39.8 1.66 -0.467 17.9
39.9 1.37 -0.977 18.4
40.0 1.6 0.447 18.0
40.1 1.81 -1.11 18.8
40.2 0.2 -1.66 18.2
40.3 -0.343 -3.25 18.8
40.4 14.3 79.5 75.5
40.5 2.79 9.36 29.2
40.6 -15.1 8.6 15.8
40.7 8.19 -63.1 -20.4
40.8 0.564 -1.05 18.6
40.9 1.01 -0.791 18.5
41.0 1.3 -0.309 18.5
41.1 0.614 -1.22 18.6
41.2 0.668 -1.36 18.6
41.3 1.21 -0.429 18.5
41.4 3.23 2.9 18.2
41.5 10.9 75.8 62.6
41.6 7.3 -0.622 16.9
41.7 -10.1 -55.1 -10.7
41.8 0.994 -0.346 18.8
41.9 1.9 0.775 18.5
42.0 1.62 0.351 18.7
42.1 1.55 0.271 18.6
42.2 1.54 0.0726 18.4
42.3 1.64 0.594 18.7
42.4 1.91 0.683 18.6
42.5 2.78 1.66 18.4
42.6 6.14 -11.1 15.7
42.7 0.163 -6.2 19.5
42.8 -1.54 13.2 20.0
42.9 2.35 0.476 18.8
43.0 1.23 0.137 18.6
43.1 1.03 0.109 18.5
43.2 1.66 0.205 18.6
43.3 1.3 -0.0705 18.9
43.4 1.54 -0.361 18.9
43.5 1.09 -0.535 19.3
43.6 1.23 -0.617 19.1
43.7 6.14 -12.7 15.7
43.8 -14.1 -54.3 27.7
43.9 0.513 1.62 22.1
44.0 10.4 47.9 11.5
44.1 1.81 -0.901 18.4
44.2 0.959 -1.73 19.1
44.3 0.902 -0.386 19.3
44.4 1.09 0.22 19.4
44.5 1.2 -1.59 19.0
44.6 1.22 -0.289 19.0
44.7 1.4 -0.118 18.8
44.8 1.65 0.429 18.5
44.9 -8.97 -54.5 27.3
45.0 -1.29 13.1 22.9
45.1 12.4 30.7 8.75
45.2 1.14 -0.897 19.1
45.3 1.36 -0.388 18.8
45.4 1.45 -0.198 18.7
45.5 1.37 -0.267 18.9
45.6 1.53 0.00228 18.6
45.7 1.49 0.00657 18.7
45.8 1.65 0.265 18.5
45.9 1.45 0.286 18.4
46.0 -4.13 -15.3 23.4
46.1 3.14 2.04 17.1
46.2 5.57 13.5 16.1
46.3 0.415 -3.45 19.3
46.4 1.37 -0.201 18.8
46.5 1.59 0.167 18.6
46.6 1.61 0.00952 18.5
46.7 1.78 0.73 18.3
46.8 1.83 1.01 18.5
46.9 2.05 1.2 18.2
47.0 2.08 1.29 18.2
47.1 0.809 -11.9 12.4
47.2 2.73 1.8 17.6
47.3 2.92 14.5 19.0
47.4 1.29 -1.35 18.9
47.5 1.59 -0.417 18.5
47.6 1.67 0.449 18.3
47.7 1.73 0.542 18.2
47.8 1.92 0.984 17.9
47.9 1.46 -0.578 18.7
48.0 0.718 -2.07 19.8
48.1 0.81 -1.74 19.5
48.2 3.04 -9.38 1.92
48.3 3.25 3.11 16.8
48.4 3.61 20.1 21.6
48.5 1.29 -1.34 18.8
48.6 1.54 -0.687 18.0
48.7 1.13 -2.1 19.7
48.8 0.57 -3.17 20.6
48.9 0.511 -2.17 20.0
49.0 1.36 -0.298 18.7
49.1 1.94 0.235 18.3
49.2 1.1 -0.31 18.7
49.3 6.94 0.29 -8.16
49.4 3.51 2.52 15.8
49.5 2.43 14.7 27.7
49.6 -0.329 -6.65 20.9
49.7 -0.131 -4.02 21.6
49.8 0.2 -2.39 20.4
49.9 1.48 -0.125 18.5
