0.0 0.0
0.1 -1.75e-12
0.2 -1.75e-12
0.3 -3.49e-12
0.4 -3.49e-12
0.5 -5.24e-12
0.6 -5.24e-12
0.7 -6.4e-12
0.8 -6.4e-12
0.9 -7.57e-12
1.0 -7.57e-12
1.1 -8.73e-12
1.2 -8.73e-12
1.3 -9.31e-12
1.4 -9.31e-12
1.5 -9.31e-12
1.6 -9.31e-12
1.7 -1.05e-11
1.8 -1.05e-11
1.9 -1.05e-11
2.0 -1.16e-11
2.1 -1.22e-11
2.2 -1.28e-11
2.3 -1.4e-11
2.4 -1.51e-11
2.5 -1.57e-11
2.6 -1.69e-11
2.7 -1.8e-11
2.8 -1.8e-11
2.9 -1.8e-11
3.0 -1.8e-11
3.1 -1.92e-11
3.2 -2.04e-11
3.3 -2.15e-11
3.4 -2.15e-11
3.5 -2.15e-11
3.6 -2.15e-11
3.7 -2.15e-11
3.8 -2.15e-11
3.9 -2.15e-11
4.0 -2.15e-11
4.1 -2.15e-11
4.2 -2.15e-11
4.3 -2.15e-11
4.4 -2.15e-11
4.5 -2.15e-11
4.6 -2.39e-11
4.7 -2.39e-11
4.8 -2.39e-11
4.9 -2.39e-11
5.0 -2.39e-11
5.1 -2.39e-11
5.2 -2.39e-11
5.3 -2.39e-11
5.4 -2.39e-11
5.5 -2.39e-11
5.6 -2.39e-11
5.7 -2.39e-11
5.8 -2.39e-11
5.9 -2.39e-11
6.0 -2.39e-11
6.1 -2.39e-11
6.2 -2.39e-11
6.3 -2.39e-11
6.4 -2.39e-11
6.5 -2.39e-11
6.6 -2.39e-11
6.7 -2.39e-11
6.8 -2.39e-11
6.9 -2.39e-11
7.0 -2.39e-11
7.1 -2.39e-11
7.2 -2.39e-11
7.3 -2.39e-11
7.4 -2.39e-11
7.5 -2.39e-11
7.6 -2.39e-11
7.7 -2.39e-11
7.8 -2.39e-11
7.9 -2.39e-11
8.0 -2.39e-11
8.1 -2.39e-11
8.2 -2.39e-11
8.3 -2.39e-11
8.4 -2.39e-11
8.5 -2.39e-11
8.6 -2.39e-11
8.7 -2.39e-11
8.8 -2.39e-11
8.9 -2.39e-11
9.0 -2.39e-11
9.1 -2.39e-11
9.2 -2.39e-11
9.3 -2.39e-11
9.4 -2.39e-11
9.5 -2.39e-11
9.6 -2.39e-11
9.7 -2.39e-11
9.8 -2.39e-11
9.9 -2.39e-11
10.0 -2.39e-11
10.1 -2.39e-11
10.2 -2.39e-11
10.3 -2.39e-11
10.4 -2.39e-11
10.5 -2.39e-11
10.6 -2.39e-11
10.7 -2.39e-11
10.8 -3.34e-13
10.9 -2.94e-12
11.0 -3.02e-11
11.1 -3.02e-11
11.2 -3.02e-11
11.3 -3.74e-11
11.4 -3.74e-11
11.5 -3.74e-11
11.6 -3.74e-11
11.7 -3.74e-11
11.8 -3.74e-11
11.9 -3.74e-11
12.0 -3.74e-11
12.1 -3.74e-11
12.2 -3.74e-11
12.3 -3.74e-11
12.4 -3.74e-11
12.5 -3.74e-11
12.6 -3.74e-11
12.7 -3.74e-11
12.8 -3.74e-11
12.9 -3.74e-11
13.0 -3.74e-11
13.1 -3.74e-11
13.2 -3.74e-11
13.3 -3.74e-11
13.4 -3.74e-11
13.5 -3.74e-11
13.6 -3.74e-11
13.7 -3.74e-11
13.8 -3.74e-11
13.9 -3.74e-11
14.0 -3.74e-11
14.1 -3.74e-11
14.2 -3.74e-11
14.3 -3.74e-11
14.4 -3.74e-11
14.5 -3.74e-11
14.6 -3.74e-11
14.7 -3.74e-11
14.8 -3.74e-11
14.9 -3.74e-11
15.0 -3.74e-11
15.1 -3.74e-11
15.2 -3.74e-11
15.3 -3.74e-11
15.4 -1.75e-12
15.5 -1.75e-12
15.6 -1.75e-12
15.7 -1.75e-12
15.8 -1.75e-12
15.9 -1.75e-12
16.0 -1.75e-12
16.1 -1.75e-12
16.2 -1.75e-12
16.3 -1.75e-12
16.4 -1.75e-12
16.5 -1.75e-12
16.6 -1.75e-12
16.7 -1.75e-12
16.8 -1.75e-12
16.9 -1.75e-12
17.0 -1.75e-12
17.1 -1.75e-12
17.2 -1.75e-12
17.3 -1.75e-12
17.4 -1.75e-12
17.5 -1.75e-12
17.6 -1.75e-12
17.7 -1.75e-12
17.8 -1.75e-12
17.9 -1.75e-12
18.0 -1.75e-12
18.1 -1.75e-12
18.2 -1.75e-12
18.3 -1.75e-12
18.4 -1.75e-12
18.5 -1.75e-12
18.6 -1.75e-12
18.7 -1.75e-12
18.8 -1.75e-12
18.9 -1.75e-12
19.0 -1.75e-12
19.1 -1.75e-12
19.2 -1.75e-12
19.3 -1.75e-12
19.4 -1.75e-12
19.5 -1.75e-12
19.6 -1.75e-12
19.7 -1.27e-11
19.8 -4.05e-12
19.9 -4.05e-12
20.0 -4.05e-12
20.1 -7.83e-12
20.2 -7.83e-12
20.3 -7.83e-12
20.4 -7.83e-12
20.5 -7.83e-12
20.6 -7.83e-12
20.7 -7.83e-12
20.8 -7.83e-12
20.9 -7.83e-12
21.0 -7.83e-12
21.1 -7.83e-12
21.2 -7.83e-12
21.3 -7.83e-12
21.4 -7.83e-12
21.5 -7.83e-12
21.6 -7.83e-12
21.7 -7.83e-12
21.8 -7.83e-12
21.9 -7.83e-12
22.0 -7.83e-12
22.1 -7.83e-12
22.2 -7.83e-12
22.3 -7.83e-12
22.4 -7.83e-12
22.5 -7.83e-12
22.6 -7.83e-12
22.7 -7.83e-12
22.8 -7.83e-12
22.9 -7.83e-12
23.0 -7.83e-12
23.1 -7.83e-12
23.2 -7.83e-12
23.3 -7.83e-12
23.4 -7.83e-12
23.5 -7.83e-12
23.6 -7.83e-12
23.7 -7.83e-12
23.8 -7.83e-12
23.9 -7.83e-12
24.0 -7.83e-12
24.1 -4.05e-12
24.2 -4.05e-12
24.3 -4.05e-12
24.4 -4.05e-12
24.5 -4.05e-12
24.6 -4.05e-12
24.7 -4.05e-12
24.8 -4.05e-12
24.9 -4.05e-12
25.0 -4.05e-12
25.1 -4.05e-12
25.2 -4.05e-12
25.3 -4.05e-12
25.4 -4.05e-12
25.5 -4.05e-12
25.6 -4.05e-12
25.7 -4.05e-12
25.8 -4.05e-12
25.9 -4.05e-12
26.0 -4.05e-12
26.1 -4.05e-12
26.2 -4.05e-12
26.3 -4.05e-12
26.4 -4.05e-12
26.5 -4.05e-12
26.6 -4.05e-12
26.7 -4.05e-12
26.8 -4.05e-12
26.9 -4.05e-12
27.0 -4.05e-12
27.1 -4.05e-12
27.2 -4.05e-12
27.3 -4.05e-12
27.4 -4.05e-12
27.5 -4.05e-12
27.6 -4.05e-12
27.7 -4.05e-12
27.8 -4.05e-12
27.9 4.11e-11
28.0 2.42e-11
28.1 -4.39e-11
28.2 -4.39e-11
28.3 -2.23e-11
28.4 -1.89e-11
28.5 -1.33e-11
28.6 -1.33e-11
28.7 -1.33e-11
28.8 -5.25e-12
28.9 -5.25e-12
29.0 -5.25e-12
29.1 -5.25e-12
29.2 -5.25e-12
29.3 -5.25e-12
29.4 -5.25e-12
29.5 -5.25e-12
29.6 -5.25e-12
29.7 -5.25e-12
29.8 -5.25e-12
29.9 -5.25e-12
30.0 -5.25e-12
30.1 -5.25e-12
30.2 -5.25e-12
30.3 -5.25e-12
30.4 -5.25e-12
30.5 -5.25e-12
30.6 -5.25e-12
30.7 -5.25e-12
30.8 -5.25e-12
30.9 -5.25e-12
31.0 -5.25e-12
31.1 -5.25e-12
31.2 -5.25e-12
31.3 -5.25e-12
31.4 -5.25e-12
31.5 -5.25e-12
31.6 -5.25e-12
31.7 -5.25e-12
31.8 -5.25e-12
31.9 -5.25e-12
32.0 -5.25e-12
32.1 -5.25e-12
32.2 -5.25e-12
32.3 -5.25e-12
32.4 -5.25e-12
32.5 -5.25e-12
32.6 -5.25e-12
32.7 -5.25e-12
32.8 -5.25e-12
32.9 -5.25e-12
33.0 -5.25e-12
33.1 -5.25e-12
33.2 -5.25e-12
33.3 -5.25e-12
33.4 -5.25e-12
33.5 -5.25e-12
33.6 -5.25e-12
33.7 -5.25e-12
33.8 -5.25e-12
33.9 -5.25e-12
34.0 -5.25e-12
34.1 -5.25e-12
34.2 -5.25e-12
34.3 -5.25e-12
34.4 -5.25e-12
34.5 -5.25e-12
34.6 -5.25e-12
34.7 -5.25e-12
34.8 -5.25e-12
34.9 -5.25e-12
35.0 -5.25e-12
35.1 -5.25e-12
35.2 -5.25e-12
35.3 -5.25e-12
35.4 -5.25e-12
35.5 -5.25e-12
35.6 -5.25e-12
35.7 -5.25e-12
35.8 -5.25e-12
35.9 -5.25e-12
36.0 -5.25e-12
36.1 -5.25e-12
36.2 -5.25e-12
36.3 -5.25e-12
36.4 -5.25e-12
36.5 -5.25e-12
36.6 -5.25e-12
36.7 -5.25e-12
36.8 -5.25e-12
36.9 -5.25e-12
37.0 -5.25e-12
37.1 -5.25e-12
37.2 -5.25e-12
37.3 -5.25e-12
37.4 -5.25e-12
37.5 -5.25e-12
37.6 -5.25e-12
37.7 -5.25e-12
37.8 -5.25e-12
37.9 -5.25e-12
38.0 -5.25e-12
38.1 -5.25e-12
38.2 -5.25e-12
38.3 -5.25e-12
38.4 -5.25e-12
38.5 -5.25e-12
38.6 -5.25e-12
38.7 -5.25e-12
38.8 -5.25e-12
38.9 -5.25e-12
39.0 -5.25e-12
39.1 -5.25e-12
39.2 -5.25e-12
39.3 -5.25e-12
39.4 -5.25e-12
39.5 -5.25e-12
39.6 -5.25e-12
39.7 -5.25e-12
39.8 -5.25e-12
39.9 -5.25e-12
40.0 -5.25e-12
40.1 -5.25e-12
40.2 -5.25e-12
40.3 -5.25e-12
40.4 -5.25e-12
40.5 -5.25e-12
40.6 -5.25e-12
40.7 -5.25e-12
40.8 -5.25e-12
40.9 -5.25e-12
41.0 -5.25e-12
41.1 -5.25e-12
41.2 -5.25e-12
41.3 -5.25e-12
41.4 -5.25e-12
41.5 -5.25e-12
41.6 -5.25e-12
41.7 -5.25e-12
41.8 -5.25e-12
41.9 -5.25e-12
42.0 -5.25e-12
42.1 -5.25e-12
42.2 -5.25e-12
42.3 -5.25e-12
42.4 -5.25e-12
42.5 -5.25e-12
42.6 -5.25e-12
42.7 -5.25e-12
42.8 -5.25e-12
42.9 1.13e-12
43.0 -1.76e-11
43.1 -1.76e-11
43.2 -9.99e-12
43.3 -9.99e-12
43.4 -9.99e-12
43.5 -9.99e-12
43.6 -9.99e-12
43.7 -9.99e-12
43.8 -9.99e-12
43.9 -9.99e-12
44.0 -9.99e-12
44.1 -9.99e-12
44.2 -9.99e-12
44.3 -9.99e-12
44.4 -9.99e-12
44.5 -9.99e-12
44.6 -9.99e-12
44.7 -9.99e-12
44.8 -9.99e-12
44.9 -9.99e-12
45.0 -9.99e-12
45.1 -9.99e-12
45.2 -9.99e-12
45.3 -9.99e-12
45.4 -9.99e-12
45.5 -9.99e-12
45.6 -9.99e-12
45.7 -9.99e-12
45.8 -9.99e-12
45.9 -9.99e-12
46.0 -9.99e-12
46.1 -9.99e-12
46.2 -9.99e-12
46.3 -9.99e-12
46.4 -9.99e-12
46.5 -9.99e-12
46.6 -9.99e-12
46.7 -9.99e-12
46.8 -9.99e-12
46.9 -9.99e-12
47.0 -9.99e-12
47.1 -9.99e-12
47.2 -9.99e-12
47.3 -9.99e-12
47.4 -9.99e-12
47.5 -9.99e-12
47.6 -9.99e-12
47.7 -9.99e-12
47.8 -9.99e-12
47.9 -9.99e-12
48.0 -9.99e-12
48.1 -9.99e-12
48.2 -9.99e-12
48.3 -9.99e-12
48.4 -9.99e-12
48.5 -9.99e-12
48.6 -9.99e-12
48.7 -9.99e-12
48.8 -9.99e-12
48.9 -9.99e-12
49.0 -9.99e-12
49.1 -5.17e-12
49.2 -5.17e-12
49.3 -5.17e-12
49.4 -5.17e-12
49.5 -5.17e-12
49.6 -5.17e-12
49.7 -5.17e-12
49.8 -5.17e-12
49.9 -5.17e-12
