0.0 -2.15e-21 3.38e-05 0.303 0.303
0.1 -4.15e-21 6.52e-05 0.559 0.559
0.2 -2.74e-17 9.42e-05 0.752 0.752
0.3 -1.87e-16 0.000121 0.857 0.857
0.4 -5.03e-16 0.000146 0.867 0.867
0.5 -9.72e-16 0.000169 0.805 0.805
0.6 -1.59e-15 0.00019 0.708 0.708
0.7 -2.36e-15 0.00021 0.6 0.6
0.8 -3.27e-15 0.000228 0.494 0.494
0.9 -4.33e-15 0.000245 0.394 0.394
1.0 -5.52e-15 0.000261 0.301 0.301
1.1 -6.85e-15 0.000276 0.217 0.217
1.2 -8.31e-15 0.000289 0.141 0.141
1.3 -9.91e-15 0.000302 0.0725 0.0725
1.4 -1.16e-14 0.000314 0.0107 0.0107
1.5 -1.35e-14 0.000325 -0.0446 0.0446
1.6 -1.54e-14 0.000335 -0.0941 0.0941
1.7 -1.75e-14 0.000344 -0.138 0.138
1.8 -1.97e-14 0.000353 -0.177 0.177
1.9 -2.2e-14 0.000361 -0.212 0.212
2.0 -2.45e-14 0.000369 -0.242 0.242
2.1 -2.7e-14 0.000376 -0.267 0.267
2.2 -2.96e-14 0.000382 -0.288 0.288
2.3 -3.24e-14 0.000388 -0.305 0.305
2.4 -3.54e-14 0.000394 -0.316 0.316
2.5 -3.86e-14 0.000399 -0.321 0.321
2.6 -4.21e-14 0.000404 -0.318 0.318
2.7 -4.59e-14 0.000409 -0.307 0.307
2.8 -4.99e-14 0.000413 -0.286 0.286
2.9 -5.41e-14 0.000417 -0.254 0.254
3.0 -5.85e-14 0.000421 -0.212 0.212
3.1 -6.32e-14 0.000425 -0.161 0.161
3.2 -6.81e-14 0.000428 -0.103 0.103
3.3 -7.33e-14 0.000431 -0.044 0.044
3.4 -7.9e-14 0.000434 0.0126 0.0126
3.5 -8.51e-14 0.000437 0.0623 0.0623
3.6 -9.17e-14 0.000439 0.102 0.102
3.7 -9.88e-14 0.000441 0.13 0.13
3.8 -1.06e-13 0.000443 0.146 0.146
3.9 -1.14e-13 0.000445 0.151 0.151
4.0 -1.23e-13 0.000446 0.146 0.146
4.1 -1.33e-13 0.000448 0.134 0.134
4.2 -1.44e-13 0.000449 0.117 0.117
4.3 -1.57e-13 0.000451 0.0965 0.0965
4.4 -1.72e-13 0.000452 0.0741 0.0741
4.5 -1.88e-13 0.000453 0.0511 0.0511
4.6 -2.06e-13 0.000454 0.0286 0.0286
4.7 -2.25e-13 0.000455 0.0075 0.00751
4.8 -2.46e-13 0.000456 -0.0117 0.0117
4.9 -2.68e-13 0.000457 -0.0285 0.0285
5.0 -2.92e-13 0.000457 -0.0426 0.0426
5.1 -3.17e-13 0.000458 -0.0536 0.0536
5.2 -3.44e-13 0.000459 -0.0615 0.0615
5.3 -3.72e-13 0.000459 -0.0662 0.0662
5.4 -4.01e-13 0.00046 -0.0676 0.0676
5.5 -4.32e-13 0.00046 -0.0659 0.0659
5.6 -4.64e-13 0.00046 -0.0613 0.0613
5.7 -5.03e-13 0.000461 -0.0543 0.0543
5.8 -5.48e-13 0.000461 -0.0453 0.0453
5.9 -6e-13 0.000461 -0.0349 0.0349
6.0 -6.59e-13 0.000462 -0.0237 0.0237
6.1 -7.24e-13 0.000462 -0.0123 0.0123
6.2 -7.95e-13 0.000462 -0.0015 0.00157
6.3 -8.73e-13 0.000462 0.0083 0.00831
6.4 -9.57e-13 0.000463 0.0166 0.0166
6.5 -1.05e-12 0.000463 0.0232 0.0232
6.6 -1.14e-12 0.000463 0.0278 0.0278
6.7 -1.24e-12 0.000462 0.0305 0.0305
6.8 -1.35e-12 0.000462 0.0313 0.0313
6.9 -1.46e-12 0.000462 0.0304 0.0304
7.0 -1.57e-12 0.000462 0.0281 0.0281
7.1 -1.7e-12 0.000462 0.0247 0.0247
7.2 -1.82e-12 0.000462 0.0204 0.0204
7.3 -1.95e-12 0.000462 0.0157 0.0157
7.4 -2.09e-12 0.000462 0.0106 0.0107
7.5 -2.23e-12 0.000462 0.00567 0.00569
7.6 -2.37e-12 0.000462 0.000943 0.00105
7.7 -2.52e-12 0.000462 -0.00334 0.00337
7.8 -2.68e-12 0.000461 -0.00702 0.00703
7.9 -2.83e-12 0.000461 -0.01 0.01
8.0 -2.99e-12 0.000461 -0.0122 0.0122
8.1 -3.16e-12 0.00046 -0.0136 0.0136
8.2 -3.32e-12 0.00046 -0.0142 0.0143
8.3 -3.5e-12 0.00046 -0.0141 0.0141
8.4 -3.67e-12 0.00046 -0.0133 0.0134
8.5 -3.85e-12 0.000459 -0.012 0.012
8.6 -4.03e-12 0.000459 -0.0102 0.0102
8.7 -4.22e-12 0.000459 -0.0081 0.00811
8.8 -4.41e-12 0.000458 -0.00581 0.00583
8.9 -4.6e-12 0.000458 -0.00346 0.00349
9.0 -4.79e-12 0.000457 -0.00119 0.00127
9.1 -4.99e-12 0.000457 0.000913 0.00102
9.2 -5.19e-12 0.000457 0.00275 0.00279
9.3 -5.39e-12 0.000456 0.00426 0.00428
9.4 -5.6e-12 0.000456 0.0054 0.00542
9.5 -5.81e-12 0.000455 0.00615 0.00617
9.6 -6.02e-12 0.000455 0.00653 0.00654
9.7 -6.23e-12 0.000454 0.00654 0.00655
9.8 -6.45e-12 0.000454 0.00623 0.00624
9.9 -6.66e-12 0.000454 0.00565 0.00566
10.0 -6.89e-12 0.000453 0.00485 0.00487
10.1 -7.11e-12 0.000453 0.0039 0.00393
10.2 -7.34e-12 0.000453 0.00286 0.0029
10.3 -7.57e-12 0.000452 0.0018 0.00185
10.4 -7.8e-12 0.000452 0.000753 0.000879
10.5 -8.03e-12 0.000452 -0.000218 0.000502
10.6 -8.27e-12 0.000452 -0.00108 0.00117
10.7 -8.51e-12 0.000451 -0.0018 0.00185
10.8 -8.75e-12 0.000451 -0.00236 0.0024
10.9 -9.01e-12 0.000451 -0.00274 0.00278
11.0 -9.27e-12 0.000451 -0.00296 0.00299
11.1 -9.53e-12 0.000452 -0.003 0.00304
11.2 -9.81e-12 0.000452 -0.0029 0.00294
11.3 -1.01e-11 0.000453 -0.00267 0.00271
11.4 -1.04e-11 0.000455 -0.00233 0.00237
11.5 -1.07e-11 0.000456 -0.00191 0.00196
11.6 -1.1e-11 0.000459 -0.00144 0.00151
11.7 -1.13e-11 0.000462 -0.00095 0.00106
11.8 -1.16e-11 0.000467 -0.000463 0.000657
11.9 -1.2e-11 0.000472 -2.48e-06 0.000472
12.0 -1.23e-11 0.000478 0.000411 0.00063
12.1 -1.27e-11 0.000485 0.000762 0.000904
12.2 -1.31e-11 0.000494 0.00104 0.00115
12.3 -1.35e-11 0.000504 0.00124 0.00134
12.4 -1.37e-11 0.000516 0.00136 0.00145
12.5 -1.36e-11 0.00053 0.0014 0.0015
12.6 -1.29e-11 0.000547 0.00137 0.00148
12.7 -1.12e-11 0.000567 0.00128 0.0014
12.8 -8.19e-12 0.00059 0.00114 0.00128
12.9 -3.83e-12 0.000617 0.000955 0.00114
13.0 1.96e-12 0.000648 0.000747 0.000989
13.1 9.32e-12 0.000683 0.000526 0.000862
13.2 1.83e-11 0.000721 0.000303 0.000782
13.3 2.92e-11 0.000763 9.13e-05 0.000769
13.4 4.21e-11 0.00081 -0.000101 0.000816
13.5 5.71e-11 0.000861 -0.000268 0.000901
13.6 7.46e-11 0.000917 -0.000402 0.001
13.7 9.46e-11 0.000977 -0.0005 0.0011
13.8 1.18e-10 0.00104 -0.000562 0.00119
13.9 1.44e-10 0.00112 -0.000589 0.00126
14.0 1.73e-10 0.00119 -0.000581 0.00133
14.1 2.06e-10 0.00127 -0.000544 0.00139
14.2 2.43e-10 0.00136 -0.000482 0.00145
14.3 2.87e-10 0.00146 -0.000401 0.00151
14.4 3.48e-10 0.00156 -0.000305 0.00159
14.5 4.3e-10 0.00168 -0.000202 0.00169
14.6 5.35e-10 0.0018 -9.7e-05 0.0018
14.7 6.64e-10 0.00193 4.99e-06 0.00193
14.8 8.17e-10 0.00206 9.92e-05 0.00207
14.9 9.98e-10 0.00221 0.000182 0.00222
15.0 1.21e-09 0.00237 0.000252 0.00238
15.1 1.46e-09 0.00255 0.000307 0.00256
15.2 1.75e-09 0.00274 0.000345 0.00276
15.3 2.07e-09 0.00294 0.000369 0.00296
15.4 3.19e-10 0.00315 0.000375 0.00317
15.5 -1.17e-08 0.00336 0.000365 0.00338
15.6 -4.97e-07 0.00358 0.000343 0.00359
15.7 -1.04e-06 0.0038 0.00031 0.00381
15.8 -1.14e-06 0.00403 0.00027 0.00404
15.9 -1.81e-06 0.00427 0.000225 0.00428
16.0 -1.96e-06 0.00451 0.000178 0.00452
16.1 -2.11e-06 0.00476 0.000132 0.00476
16.2 -2.27e-06 0.00502 9.02e-05 0.00502
16.3 -2.44e-06 0.00529 5.35e-05 0.00529
16.4 -2.59e-06 0.00557 2.35e-05 0.00557
16.5 -2.75e-06 0.00586 1.84e-06 0.00586
16.6 -2.89e-06 0.00616 -1.05e-05 0.00616
16.7 -2.75e-06 0.00648 -1.31e-05 0.00648
16.8 -2.08e-06 0.00682 -5.6e-06 0.00682
16.9 2.67e-06 0.00719 1.22e-05 0.00719
17.0 3.9e-06 0.00759 4.02e-05 0.00759
17.1 2.12e-05 0.008 7.25e-05 0.008
17.2 8.37e-05 0.00844 0.000112 0.00844
17.3 0.000143 0.0089 0.000151 0.0089
17.4 0.000194 0.00933 0.000181 0.00933
17.5 0.00021 0.00972 0.000199 0.00973
17.6 0.000895 0.0101 0.000204 0.0101
17.7 0.00168 0.0104 0.000197 0.0106
17.8 0.00316 0.0107 0.00018 0.0112
17.9 0.00379 0.011 0.000153 0.0117
18.0 0.00592 0.0113 0.000119 0.0127
18.1 0.00945 0.0115 7.89e-05 0.0149
18.2 0.0178 0.0117 3.54e-05 0.0213
18.3 0.027 0.0119 -1.03e-05 0.0295
18.4 0.0385 0.0121 -5.08e-05 0.0404
18.5 0.0472 0.0123 -8.7e-05 0.0488
18.6 0.0515 0.0125 -0.000118 0.053
18.7 0.0626 0.0127 -0.000145 0.0639
18.8 0.0666 0.0129 -0.000171 0.0678
18.9 0.0745 0.013 -0.00019 0.0756
19.0 0.0811 0.0132 -0.000203 0.0821
19.1 0.0927 0.0133 -0.000213 0.0936
19.2 0.108 0.0135 -0.000217 0.109
19.3 0.114 0.0136 -0.000216 0.115
19.4 0.131 0.0138 -0.000209 0.131
19.5 0.154 0.0139 -0.000203 0.154
19.6 0.167 0.014 -0.000193 0.168
19.7 0.199 0.0141 -0.000181 0.199
19.8 0.217 0.0142 -0.000172 0.217
19.9 0.248 0.0143 -0.000161 0.248
20.0 0.287 0.0144 -0.000153 0.288
20.1 0.334 0.0145 -0.000143 0.335
20.2 0.348 0.0146 -0.000136 0.348
20.3 0.369 0.0146 -0.000131 0.37
20.4 0.374 0.0147 -0.000127 0.375
20.5 0.386 0.0147 -0.00012 0.386
20.6 0.396 0.0148 -0.000111 0.397
20.7 0.401 0.0149 -0.000103 0.401
20.8 0.402 0.0149 -9.48e-05 0.402
20.9 0.391 0.015 -8.58e-05 0.391
21.0 0.398 0.015 -7.55e-05 0.398
21.1 0.39 0.015 -6.39e-05 0.391
21.2 0.367 0.0151 -5.1e-05 0.367
21.3 0.353 0.0151 -3.74e-05 0.354
21.4 0.321 0.0151 -2.58e-05 0.321
21.5 0.263 0.0151 -1.17e-05 0.264
21.6 0.237 0.0151 5.83e-06 0.237
21.7 0.202 0.0151 2.34e-05 0.203
21.8 0.165 0.0151 4.31e-05 0.165
21.9 0.12 0.0151 6.41e-05 0.121
22.0 0.061 0.0151 8.27e-05 0.0628
22.1 0.00997 0.0151 0.000102 0.0181
22.2 -0.0302 0.015 0.000118 0.0337
22.3 -0.0988 0.015 0.000134 0.1
22.4 -0.124 0.015 0.000144 0.125
22.5 -0.234 0.0149 0.000153 0.235
22.6 -0.258 0.0149 0.000157 0.258
22.7 -0.272 0.0149 0.00016 0.272
22.8 -0.275 0.0148 0.000158 0.276
22.9 -0.284 0.0148 0.000154 0.285
23.0 -0.233 0.0147 0.000146 0.233
23.1 -0.235 0.0147 0.000138 0.235
23.2 -0.226 0.0146 0.000127 0.226
23.3 -0.191 0.0146 0.000115 0.192
23.4 -0.12 0.0146 0.000105 0.121
23.5 -0.0707 0.0145 9.01e-05 0.0721
23.6 -0.0628 0.0145 7.61e-05 0.0644
23.7 -0.0528 0.0144 6.37e-05 0.0547
23.8 0.0516 0.0144 5.31e-05 0.0535
23.9 0.0641 0.0144 4.37e-05 0.0657
24.0 0.15 0.0144 3.28e-05 0.15
24.1 0.11 0.0143 1.46e-05 0.111
24.2 0.141 0.0143 -4.25e-07 0.141
24.3 0.15 0.0143 -1.36e-05 0.151
24.4 0.156 0.0143 -2.51e-05 0.156
24.5 0.158 0.0143 -3.39e-05 0.158
24.6 0.156 0.0143 -3.56e-05 0.156
24.7 0.102 0.0143 -3.63e-05 0.103
24.8 0.101 0.0143 -3.55e-05 0.102
24.9 0.0982 0.0143 -3.34e-05 0.0993
25.0 0.0934 0.0143 -3.05e-05 0.0945
25.1 0.0857 0.0143 -2.67e-05 0.0869
25.2 0.0769 0.0143 -2.22e-05 0.0783
25.3 0.0694 0.0143 -1.77e-05 0.0709
25.4 0.0613 0.0144 -1.31e-05 0.0629
25.5 0.044 0.0144 -8.49e-06 0.0463
25.6 0.0358 0.0144 -4.17e-06 0.0386
25.7 0.026 0.0144 -8.47e-07 0.0297
25.8 0.0187 0.0144 2.16e-06 0.0236
25.9 0.0104 0.0144 4.58e-06 0.0177
26.0 -0.000255 0.0144 6.34e-06 0.0144
26.1 -0.0116 0.0144 7.42e-06 0.0185
26.2 -0.023 0.0144 7.47e-06 0.0271
26.3 -0.0337 0.0144 6.86e-06 0.0366
26.4 -0.0433 0.0144 5.71e-06 0.0456
26.5 -0.0519 0.0144 4.06e-06 0.0539
26.6 -0.0597 0.0144 1.72e-06 0.0614
26.7 -0.0668 0.0144 -7.93e-07 0.0683
26.8 -0.0738 0.0143 -3.73e-06 0.0752
26.9 -0.0809 0.0143 -6.68e-06 0.0821
27.0 -0.0865 0.0143 -9.8e-06 0.0877
27.1 -0.0919 0.0143 -1.28e-05 0.093
27.2 -0.0963 0.0143 -1.57e-05 0.0974
27.3 -0.1 0.0143 -1.86e-05 0.101
27.4 -0.104 0.0143 -2.14e-05 0.105
27.5 -0.108 0.0143 -2.36e-05 0.109
27.6 -0.111 0.0143 -2.56e-05 0.112
27.7 -0.114 0.0143 -2.72e-05 0.114
27.8 -0.116 0.0142 -2.87e-05 0.117
27.9 -0.117 0.0143 -2.5e-05 0.118
28.0 -0.119 0.0143 -2.12e-05 0.12
28.1 -0.121 0.0143 -1.84e-05 0.122
28.2 -0.123 0.0143 -1.66e-05 0.124
28.3 -0.125 0.0143 -1.62e-05 0.126
28.4 -0.127 0.0143 -1.67e-05 0.128
28.5 -0.129 0.0143 -1.83e-05 0.13
28.6 -0.13 0.0143 -2.09e-05 0.131
28.7 -0.132 0.0143 -1.92e-05 0.132
28.8 -0.133 0.0143 -1.79e-05 0.134
28.9 -0.135 0.0143 -1.8e-05 0.136
29.0 -0.136 0.0143 -1.9e-05 0.137
29.1 -0.136 0.0144 -2.12e-05 0.137
29.2 -0.138 0.0144 -2.42e-05 0.138
29.3 -0.139 0.0144 -2.79e-05 0.14
29.4 -0.14 0.0144 -3.11e-05 0.141
29.5 -0.141 0.0144 -2.98e-05 0.142
29.6 -0.143 0.0144 -2.94e-05 0.144
29.7 -0.144 0.0144 -2.98e-05 0.145
29.8 -0.145 0.0144 -3.1e-05 0.146
29.9 -0.147 0.0144 -3.28e-05 0.147
30.0 -0.148 0.0144 -3.5e-05 0.148
30.1 -0.149 0.0144 -3.75e-05 0.149
30.2 -0.15 0.0145 -3.58e-05 0.15
30.3 -0.151 0.0145 -3.4e-05 0.152
30.4 -0.152 0.0145 -3.3e-05 0.153
30.5 -0.153 0.0145 -3.28e-05 0.154
30.6 -0.154 0.0145 -3.33e-05 0.155
30.7 -0.155 0.0145 -3.45e-05 0.156
30.8 -0.157 0.0145 -3.65e-05 0.157
30.9 -0.158 0.0146 -3.45e-05 0.159
31.0 -0.159 0.0146 -3.26e-05 0.16
31.1 -0.16 0.0146 -3.16e-05 0.16
31.2 -0.161 0.0146 -3.16e-05 0.162
31.3 -0.162 0.0146 -3.27e-05 0.163
31.4 -0.164 0.0146 -3.44e-05 0.164
31.5 -0.165 0.0146 -3.66e-05 0.166
31.6 -0.166 0.0147 -3.25e-05 0.167
31.7 -0.167 0.0147 -3.18e-05 0.168
31.8 -0.168 0.0147 -3.2e-05 0.169
31.9 -0.17 0.0147 -3.31e-05 0.17
32.0 -0.171 0.0148 -3.51e-05 0.171
32.1 -0.172 0.0148 -3.77e-05 0.172
32.2 -0.173 0.0148 -4.07e-05 0.173
32.3 -0.174 0.0148 -4.31e-05 0.175
32.4 -0.174 0.0148 -4.21e-05 0.175
32.5 -0.175 0.0148 -4.17e-05 0.175
32.6 -0.171 0.0148 -4.2e-05 0.172
32.7 -0.165 0.0148 -4.27e-05 0.166
32.8 -0.164 0.0148 -4.39e-05 0.165
32.9 -0.163 0.0149 -4.55e-05 0.164
33.0 -0.157 0.0148 -4.71e-05 0.158
33.1 -0.156 0.0149 -4.55e-05 0.156
33.2 -0.147 0.0149 -4.37e-05 0.148
33.3 -0.141 0.0149 -4.26e-05 0.142
33.4 -0.136 0.0149 -4.22e-05 0.137
33.5 -0.127 0.015 -4.22e-05 0.128
33.6 -0.124 0.015 -4.26e-05 0.125
33.7 -0.123 0.015 -4.33e-05 0.124
33.8 -0.12 0.015 -4.42e-05 0.121
33.9 -0.119 0.015 -4.46e-05 0.12
34.0 -0.117 0.015 -4.23e-05 0.118
34.1 -0.115 0.015 -4.05e-05 0.116
34.2 -0.114 0.015 -3.95e-05 0.115
34.3 -0.112 0.015 -3.92e-05 0.113
34.4 -0.111 0.0151 -3.94e-05 0.112
34.5 -0.109 0.0151 -4.01e-05 0.11
34.6 -0.108 0.0151 -4.13e-05 0.11
34.7 -0.107 0.0151 -4.28e-05 0.108
34.8 -0.106 0.0151 -4.39e-05 0.107
34.9 -0.105 0.0151 -4.26e-05 0.107
35.0 -0.104 0.0151 -4.18e-05 0.105
35.1 -0.104 0.0151 -4.16e-05 0.105
35.2 -0.103 0.0152 -4.2e-05 0.104
35.3 -0.102 0.0152 -4.27e-05 0.104
35.4 -0.102 0.0152 -4.38e-05 0.103
35.5 -0.101 0.0152 -4.5e-05 0.102
35.6 -0.101 0.0152 -4.64e-05 0.102
35.7 -0.101 0.0152 -4.79e-05 0.102
35.8 -0.101 0.0152 -4.92e-05 0.102
35.9 -0.1 0.0152 -5e-05 0.101
36.0 -0.1 0.0152 -4.85e-05 0.101
36.1 -0.1 0.0152 -4.73e-05 0.101
36.2 -0.0999 0.0152 -4.63e-05 0.101
36.3 -0.0998 0.0153 -4.55e-05 0.101
36.4 -0.0997 0.0153 -4.49e-05 0.101
36.5 -0.0996 0.0153 -4.46e-05 0.101
36.6 -0.0995 0.0153 -4.44e-05 0.101
36.7 -0.0995 0.0153 -4.43e-05 0.101
36.8 -0.0994 0.0153 -4.43e-05 0.101
36.9 -0.0994 0.0153 -4.44e-05 0.101
37.0 -0.0994 0.0153 -4.44e-05 0.101
37.1 -0.0994 0.0153 -4.44e-05 0.101
37.2 -0.0994 0.0153 -4.43e-05 0.101
37.3 -0.0994 0.0152 -4.4e-05 0.101
37.4 -0.0995 0.0152 -4.36e-05 0.101
37.5 -0.0995 0.0152 -4.3e-05 0.101
37.6 -0.0996 0.0152 -4.2e-05 0.101
37.7 -0.0996 0.0152 -3.94e-05 0.101
37.8 -0.0996 0.0153 -3.7e-05 0.101
37.9 -0.0997 0.0153 -3.47e-05 0.101
38.0 -0.0998 0.0153 -3.26e-05 0.101
38.1 -0.0998 0.0153 -3.07e-05 0.101
38.2 -0.0999 0.0153 -2.91e-05 0.101
38.3 -0.1 0.0153 -2.75e-05 0.101
38.4 -0.1 0.0153 -2.62e-05 0.101
38.5 -0.1 0.0153 -2.49e-05 0.101
38.6 -0.1 0.0153 -2.38e-05 0.101
38.7 -0.1 0.0153 -2.26e-05 0.102
38.8 -0.1 0.0153 -2.15e-05 0.102
38.9 -0.101 0.0153 -2.04e-05 0.102
39.0 -0.101 0.0153 -1.93e-05 0.102
39.1 -0.101 0.0153 -1.8e-05 0.102
39.2 -0.101 0.0153 -1.67e-05 0.102
39.3 -0.101 0.0153 -1.53e-05 0.102
39.4 -0.101 0.0153 -1.38e-05 0.102
39.5 -0.101 0.0153 -1.23e-05 0.102
39.6 -0.101 0.0153 -1.07e-05 0.102
39.7 -0.101 0.0153 -9.01e-06 0.103
39.8 -0.102 0.0153 -7.33e-06 0.103
39.9 -0.102 0.0153 -5.65e-06 0.103
40.0 -0.102 0.0152 -4.03e-06 0.103
40.1 -0.102 0.0152 -2.47e-06 0.103
40.2 -0.102 0.0152 -1.01e-06 0.103
40.3 -0.102 0.0152 3.33e-07 0.103
40.4 -0.102 0.0152 1.53e-06 0.103
40.5 -0.102 0.0152 2.57e-06 0.104
40.6 -0.103 0.0152 3.44e-06 0.104
40.7 -0.103 0.0152 4.13e-06 0.104
40.8 -0.103 0.0152 4.65e-06 0.104
40.9 -0.103 0.0151 4.99e-06 0.104
41.0 -0.103 0.0151 5.16e-06 0.104
41.1 -0.103 0.0151 5.16e-06 0.104
41.2 -0.103 0.0151 5.02e-06 0.105
41.3 -0.103 0.0151 4.75e-06 0.104
41.4 -0.103 0.0151 4.39e-06 0.104
41.5 -0.102 0.0151 3.96e-06 0.104
41.6 -0.102 0.015 3.49e-06 0.103
41.7 -0.102 0.015 2.99e-06 0.103
41.8 -0.102 0.015 2.48e-06 0.103
41.9 -0.102 0.015 1.97e-06 0.103
42.0 -0.102 0.015 1.27e-06 0.103
42.1 -0.101 0.0149 -2.66e-07 0.102
42.2 -0.101 0.0149 -1.59e-06 0.102
42.3 -0.1 0.0148 -2.67e-06 0.102
42.4 -0.0998 0.0148 -3.48e-06 0.101
42.5 -0.0994 0.0147 -4.02e-06 0.101
42.6 -0.099 0.0147 -4.31e-06 0.1
42.7 -0.0985 0.0147 -4.36e-06 0.0996
42.8 -0.098 0.0146 -4.2e-06 0.0991
42.9 -0.0973 0.0146 -3.87e-06 0.0984
43.0 -0.0971 0.0145 -3.59e-06 0.0982
43.1 -0.0969 0.0145 -4.02e-06 0.098
43.2 -0.0967 0.0144 -4.25e-06 0.0978
43.3 -0.0965 0.0143 -4.3e-06 0.0976
43.4 -0.0963 0.0143 -4.2e-06 0.0973
43.5 -0.0962 0.0142 -3.97e-06 0.0972
43.6 -0.096 0.0142 -3.81e-06 0.097
43.7 -0.096 0.0141 -4.29e-06 0.097
43.8 -0.0958 0.014 -4.61e-06 0.0968
43.9 -0.0957 0.0139 -4.77e-06 0.0967
44.0 -0.0957 0.0138 -4.78e-06 0.0967
44.1 -0.0952 0.0138 -4.81e-06 0.0962
44.2 -0.0952 0.0137 -5.36e-06 0.0962
44.3 -0.0952 0.0136 -5.7e-06 0.0961
44.4 -0.0951 0.0135 -5.84e-06 0.0961
44.5 -0.0951 0.0134 -5.79e-06 0.096
44.6 -0.0951 0.0133 -6.19e-06 0.096
44.7 -0.0951 0.0132 -6.48e-06 0.096
44.8 -0.0951 0.0131 -6.54e-06 0.096
44.9 -0.0951 0.0131 -6.39e-06 0.096
45.0 -0.0951 0.013 -6.61e-06 0.096
45.1 -0.0951 0.0129 -6.7e-06 0.096
45.2 -0.0951 0.0128 -6.58e-06 0.096
45.3 -0.0952 0.0127 -6.26e-06 0.096
45.4 -0.0952 0.0126 -5.89e-06 0.096
45.5 -0.0952 0.0125 -5.87e-06 0.096
45.6 -0.0952 0.0124 -5.68e-06 0.096
45.7 -0.0952 0.0123 -5.33e-06 0.096
45.8 -0.0953 0.0122 -5.31e-06 0.096
45.9 -0.0953 0.0121 -5.24e-06 0.096
46.0 -0.0953 0.012 -5.11e-06 0.0961
46.1 -0.0953 0.0119 -5.24e-06 0.0961
46.2 -0.0954 0.0118 -5.29e-06 0.0961
46.3 -0.0954 0.0116 -5.54e-06 0.0961
46.4 -0.0954 0.0115 -5.67e-06 0.0961
46.5 -0.0955 0.0114 -5.94e-06 0.0962
46.6 -0.0955 0.0113 -6.53e-06 0.0962
46.7 -0.0956 0.0111 -6.74e-06 0.0962
46.8 -0.0956 0.011 -7.47e-06 0.0962
46.9 -0.0953 0.0108 -8.03e-06 0.0959
47.0 -0.0953 0.0107 -8.81e-06 0.0959
47.1 -0.095 0.0105 -9.83e-06 0.0956
47.2 -0.0951 0.0103 -1.05e-05 0.0956
47.3 -0.0949 0.0101 -1.11e-05 0.0954
47.4 -0.0949 0.00988 -1.18e-05 0.0954
47.5 -0.0948 0.00966 -1.22e-05 0.0953
47.6 -0.0947 0.00944 -1.23e-05 0.0951
47.7 -0.0946 0.00922 -1.21e-05 0.095
47.8 -0.0945 0.009 -1.17e-05 0.0949
47.9 -0.0944 0.00878 -1.12e-05 0.0948
48.0 -0.0943 0.00855 -1.05e-05 0.0947
48.1 -0.0943 0.00833 -9.65e-06 0.0946
48.2 -0.0942 0.0081 -8.68e-06 0.0945
48.3 -0.0941 0.00787 -7.69e-06 0.0945
48.4 -0.0941 0.00765 -6.68e-06 0.0944
48.5 -0.094 0.00743 -5.65e-06 0.0943
48.6 -0.0934 0.00721 -4.68e-06 0.0937
48.7 -0.0933 0.00699 -3.81e-06 0.0936
48.8 -0.0932 0.00678 -3.04e-06 0.0935
48.9 -0.0932 0.00657 -2.39e-06 0.0934
49.0 -0.0925 0.00636 -1.86e-06 0.0927
49.1 -0.0925 0.00616 -1.47e-06 0.0927
49.2 -0.0924 0.00596 -1.19e-06 0.0926
49.3 -0.0918 0.00576 -1.03e-06 0.092
49.4 -0.0918 0.00556 -1e-06 0.0919
49.5 -0.0916 0.00537 -1.05e-06 0.0918
49.6 -0.091 0.00519 -1.16e-06 0.0911
49.7 -0.0909 0.00501 -1.31e-06 0.091
49.8 -0.0908 0.00483 -1.52e-06 0.091
49.9 -0.0908 0.00466 -1.73e-06 0.0909
