0.0 3.5 -4.34e-24 0.0155
0.1 3.5 -1.66e-23 0.0591
0.2 3.5 -7.13e-19 0.125
0.3 3.5 -1.01e-17 0.207
0.4 3.5 -4.34e-17 0.293
0.5 3.5 -1.16e-16 0.378
0.6 3.5 -2.43e-16 0.453
0.7 3.5 -4.39e-16 0.519
0.8 3.5 -7.19e-16 0.573
0.9 3.5 -1.1e-15 0.618
1.0 3.5 -1.59e-15 0.652
1.1 3.5 -2.21e-15 0.678
1.2 3.5 -2.96e-15 0.696
1.3 3.5 -3.87e-15 0.707
1.4 3.5 -4.95e-15 0.711
1.5 3.5 -6.2e-15 0.709
1.6 3.5 -7.65e-15 0.702
1.7 3.5 -9.3e-15 0.691
1.8 3.5 -1.12e-14 0.675
1.9 3.5 -1.32e-14 0.655
2.0 3.5 -1.56e-14 0.632
2.1 3.5 -1.81e-14 0.607
2.2 3.5 -2.1e-14 0.579
2.3 3.5 -2.41e-14 0.549
2.4 3.5 -2.75e-14 0.518
2.5 3.5 -3.12e-14 0.486
2.6 3.5 -3.52e-14 0.454
2.7 3.5 -3.96e-14 0.423
2.8 3.5 -4.44e-14 0.393
2.9 3.5 -4.96e-14 0.366
3.0 3.5 -5.52e-14 0.343
3.1 3.5 -6.13e-14 0.324
3.2 3.5 -6.78e-14 0.311
3.3 3.5 -7.49e-14 0.304
3.4 3.5 -8.25e-14 0.302
3.5 3.5 -9.07e-14 0.306
3.6 3.5 -9.96e-14 0.314
3.7 3.5 -1.09e-13 0.326
3.8 3.5 -1.19e-13 0.34
3.9 3.5 -1.3e-13 0.355
4.0 3.5 -1.42e-13 0.37
4.1 3.5 -1.55e-13 0.384
4.2 3.5 -1.69e-13 0.396
4.3 3.5 -1.84e-13 0.407
4.4 3.5 -2e-13 0.416
4.5 3.5 -2.18e-13 0.422
4.6 3.5 -2.38e-13 0.426
4.7 3.5 -2.59e-13 0.428
4.8 3.5 -2.83e-13 0.427
4.9 3.5 -3.09e-13 0.425
5.0 3.5 -3.37e-13 0.422
5.1 3.5 -3.67e-13 0.417
5.2 3.5 -4e-13 0.411
5.3 3.5 -4.36e-13 0.405
5.4 3.5 -4.75e-13 0.398
5.5 3.5 -5.16e-13 0.391
5.6 3.5 -5.61e-13 0.385
5.7 3.5 -6.09e-13 0.379
5.8 3.5 -6.62e-13 0.374
5.9 3.5 -7.19e-13 0.37
6.0 3.5 -7.82e-13 0.367
6.1 3.5 -8.51e-13 0.365
6.2 3.5 -9.27e-13 0.365
6.3 3.5 -1.01e-12 0.365
6.4 3.5 -1.1e-12 0.366
6.5 3.5 -1.2e-12 0.368
6.6 3.5 -1.31e-12 0.371
6.7 3.5 -1.43e-12 0.374
6.8 3.5 -1.56e-12 0.377
6.9 3.5 -1.7e-12 0.38
7.0 3.5 -1.85e-12 0.383
7.1 3.5 -2.01e-12 0.386
7.2 3.5 -2.19e-12 0.388
7.3 3.5 -2.38e-12 0.39
7.4 3.5 -2.58e-12 0.391
7.5 3.5 -2.8e-12 0.392
7.6 3.5 -3.03e-12 0.392
7.7 3.5 -3.27e-12 0.392
7.8 3.5 -3.53e-12 0.392
7.9 3.5 -3.81e-12 0.391
8.0 3.5 -4.1e-12 0.39
8.1 3.5 -4.41e-12 0.388
8.2 3.5 -4.73e-12 0.387
8.3 3.5 -5.07e-12 0.385
8.4 3.5 -5.43e-12 0.384
8.5 3.5 -5.81e-12 0.383
8.6 3.5 -6.2e-12 0.382
8.7 3.5 -6.61e-12 0.381
8.8 3.5 -7.04e-12 0.38
8.9 3.5 -7.49e-12 0.38
9.0 3.5 -7.96e-12 0.379
9.1 3.5 -8.45e-12 0.379
9.2 3.5 -8.96e-12 0.38
9.3 3.5 -9.49e-12 0.38
9.4 3.5 -1e-11 0.38
9.5 3.5 -1.06e-11 0.381
9.6 3.5 -1.12e-11 0.382
9.7 3.5 -1.18e-11 0.382
9.8 3.5 -1.24e-11 0.383
9.9 3.5 -1.31e-11 0.384
10.0 3.5 -1.38e-11 0.384
10.1 3.5 -1.45e-11 0.384
10.2 3.5 -1.52e-11 0.385
10.3 3.5 -1.59e-11 0.385
10.4 3.5 -1.67e-11 0.385
10.5 3.5 -1.75e-11 0.385
10.6 3.5 -1.83e-11 0.385
10.7 3.5 -1.92e-11 0.385
10.8 3.5 -2e-11 0.385
10.9 3.5 -2.09e-11 0.385
11.0 3.5 -2.18e-11 0.384
11.1 3.5 -2.28e-11 0.384
11.2 3.5 -2.37e-11 0.384
11.3 3.5 -2.47e-11 0.383
11.4 3.5 -2.57e-11 0.383
11.5 3.5 -2.68e-11 0.383
11.6 3.5 -2.79e-11 0.383
11.7 3.5 -2.9e-11 0.383
11.8 3.5 -3.01e-11 0.383
11.9 3.5 -3.13e-11 0.383
12.0 3.5 -3.25e-11 0.383
12.1 3.49 -3.38e-11 0.383
12.2 3.49 -3.51e-11 0.383
12.3 3.49 -3.64e-11 0.383
12.4 3.49 -3.78e-11 0.383
12.5 3.49 -3.91e-11 0.383
12.6 3.49 -4.05e-11 0.383
12.7 3.49 -4.17e-11 0.383
12.8 3.49 -4.27e-11 0.383
12.9 3.49 -4.33e-11 0.384
13.0 3.49 -4.34e-11 0.384
13.1 3.49 -4.28e-11 0.384
13.2 3.49 -4.15e-11 0.384
13.3 3.49 -3.91e-11 0.384
13.4 3.49 -3.56e-11 0.384
13.5 3.49 -3.06e-11 0.384
13.6 3.49 -2.41e-11 0.384
13.7 3.49 -1.56e-11 0.384
13.8 3.49 -5.03e-12 0.384
13.9 3.49 8.01e-12 0.384
14.0 3.49 2.38e-11 0.384
14.1 3.49 4.27e-11 0.383
14.2 3.49 6.51e-11 0.383
14.3 3.49 9.15e-11 0.383
14.4 3.49 1.23e-10 0.383
14.5 3.49 1.62e-10 0.383
14.6 3.49 2.1e-10 0.383
14.7 3.49 2.7e-10 0.383
14.8 3.49 3.43e-10 0.383
14.9 3.49 4.34e-10 0.383
15.0 3.49 5.44e-10 0.383
15.1 3.49 6.77e-10 0.383
15.2 3.49 8.37e-10 0.383
15.3 3.49 1.03e-09 0.383
15.4 3.49 1.2e-09 0.383
15.5 3.49 7.32e-10 0.383
15.6 3.49 -2.49e-08 0.384
15.7 3.49 -1.02e-07 0.384
15.8 3.49 -2.1e-07 0.384
15.9 3.49 -3.58e-07 0.384
16.0 3.49 -5.47e-07 0.384
16.1 3.49 -7.5e-07 0.384
16.2 3.49 -9.7e-07 0.384
16.3 3.49 -1.21e-06 0.384
16.4 3.49 -1.46e-06 0.384
16.5 3.49 -1.72e-06 0.384
16.6 3.49 -2.01e-06 0.384
16.7 3.48 -2.29e-06 0.384
16.8 3.48 -2.53e-06 0.384
16.9 3.48 -2.5e-06 0.384
17.0 3.48 -2.17e-06 0.384
17.1 3.48 -9.05e-07 0.384
17.2 3.48 4.38e-06 0.384
17.3 3.48 1.57e-05 0.384
17.4 3.48 3.26e-05 0.384
17.5 3.48 5.28e-05 0.384
17.6 3.48 0.000109 0.384
17.7 3.48 0.000238 0.384
17.8 3.48 0.000481 0.384
17.9 3.47 0.000829 0.384
18.0 3.47 0.00132 0.384
18.1 3.47 0.00209 0.384
18.2 3.47 0.00345 0.384
18.3 3.47 0.0057 0.384
18.4 3.47 0.00898 0.384
18.5 3.47 0.0133 0.384
18.6 3.47 0.0182 0.384
18.7 3.46 0.0239 0.384
18.8 3.46 0.0304 0.384
18.9 3.46 0.0374 0.384
19.0 3.46 0.0452 0.384
19.1 3.46 0.0539 0.384
19.2 3.46 0.0639 0.384
19.3 3.46 0.075 0.384
19.4 3.46 0.0873 0.384
19.5 3.45 0.102 0.384
19.6 3.45 0.118 0.384
19.7 3.45 0.136 0.384
19.8 3.45 0.157 0.384
19.9 3.45 0.18 0.384
20.0 3.45 0.207 0.384
20.1 3.45 0.238 0.384
20.2 3.44 0.272 0.384
20.3 3.44 0.308 0.384
20.4 3.44 0.345 0.384
20.5 3.44 0.383 0.383
20.6 3.44 0.422 0.383
20.7 3.44 0.462 0.383
20.8 3.44 0.502 0.383
20.9 3.43 0.542 0.383
21.0 3.43 0.581 0.383
21.1 3.43 0.621 0.383
21.2 3.43 0.658 0.383
21.3 3.43 0.694 0.383
21.4 3.43 0.728 0.383
21.5 3.42 0.757 0.383
21.6 3.42 0.782 0.383
21.7 3.42 0.804 0.383
21.8 3.42 0.822 0.383
21.9 3.42 0.837 0.383
22.0 3.42 0.846 0.383
22.1 3.42 0.849 0.383
22.2 3.41 0.848 0.383
22.3 3.41 0.842 0.383
22.4 3.41 0.83 0.383
22.5 3.41 0.812 0.384
22.6 3.41 0.788 0.384
22.7 3.41 0.761 0.384
22.8 3.41 0.734 0.384
22.9 3.4 0.706 0.384
23.0 3.4 0.68 0.384
23.1 3.4 0.657 0.384
23.2 3.4 0.634 0.384
23.3 3.4 0.613 0.384
23.4 3.4 0.598 0.384
23.5 3.39 0.588 0.384
23.6 3.39 0.581 0.384
23.7 3.39 0.576 0.384
23.8 3.39 0.576 0.384
23.9 3.39 0.581 0.384
24.0 3.39 0.592 0.384
24.1 3.39 0.605 0.384
24.2 3.38 0.618 0.384
24.3 3.38 0.632 0.384
24.4 3.38 0.647 0.384
24.5 3.38 0.663 0.384
24.6 3.38 0.679 0.384
24.7 3.38 0.692 0.384
24.8 3.38 0.702 0.384
24.9 3.37 0.712 0.384
25.0 3.37 0.721 0.384
25.1 3.37 0.73 0.384
25.2 3.37 0.738 0.384
25.3 3.37 0.746 0.384
25.4 3.37 0.752 0.384
25.5 3.37 0.758 0.384
25.6 3.36 0.762 0.384
25.7 3.36 0.765 0.384
25.8 3.36 0.767 0.384
25.9 3.36 0.768 0.384
26.0 3.36 0.769 0.384
26.1 3.36 0.768 0.384
26.2 3.36 0.766 0.384
26.3 3.35 0.764 0.384
26.4 3.35 0.76 0.384
26.5 3.35 0.755 0.384
26.6 3.35 0.749 0.384
26.7 3.35 0.743 0.384
26.8 3.35 0.736 0.384
26.9 3.35 0.728 0.384
27.0 3.34 0.72 0.384
27.1 3.34 0.711 0.384
27.2 3.34 0.702 0.384
27.3 3.34 0.692 0.384
27.4 3.34 0.681 0.384
27.5 3.34 0.671 0.384
27.6 3.34 0.66 0.384
27.7 3.33 0.649 0.384
27.8 3.33 0.637 0.384
27.9 3.33 0.626 0.384
28.0 3.33 0.614 0.384
28.1 3.33 0.602 0.384
28.2 3.33 0.59 0.384
28.3 3.33 0.577 0.384
28.4 3.32 0.565 0.384
28.5 3.32 0.552 0.384
28.6 3.32 0.539 0.384
28.7 3.32 0.526 0.384
28.8 3.32 0.513 0.384
28.9 3.32 0.499 0.384
29.0 3.32 0.486 0.384
29.1 3.31 0.472 0.384
29.2 3.31 0.458 0.384
29.3 3.31 0.445 0.384
29.4 3.31 0.431 0.384
29.5 3.31 0.416 0.384
29.6 3.31 0.402 0.384
29.7 3.31 0.388 0.384
29.8 3.3 0.373 0.384
29.9 3.3 0.359 0.384
30.0 3.3 0.344 0.384
30.1 3.3 0.329 0.384
30.2 3.3 0.314 0.384
30.3 3.3 0.299 0.384
30.4 3.3 0.284 0.384
30.5 3.29 0.269 0.384
30.6 3.29 0.253 0.384
30.7 3.29 0.238 0.384
30.8 3.29 0.222 0.384
30.9 3.29 0.207 0.384
31.0 3.29 0.191 0.384
31.1 3.29 0.175 0.384
31.2 3.28 0.159 0.384
31.3 3.28 0.143 0.384
31.4 3.28 0.126 0.384
31.5 3.28 0.11 0.384
31.6 3.28 0.0934 0.384
31.7 3.28 0.0768 0.384
31.8 3.28 0.06 0.384
31.9 3.27 0.0431 0.384
32.0 3.27 0.0261 0.384
32.1 3.27 0.00894 0.384
32.2 3.27 -0.00829 0.384
32.3 3.27 -0.0256 0.383
32.4 3.27 -0.043 0.383
32.5 3.27 -0.0605 0.383
32.6 3.26 -0.0778 0.383
32.7 3.26 -0.0946 0.383
32.8 3.26 -0.111 0.383
32.9 3.26 -0.127 0.383
33.0 3.26 -0.143 0.383
33.1 3.26 -0.159 0.383
33.2 3.25 -0.174 0.383
33.3 3.25 -0.189 0.383
33.4 3.25 -0.202 0.383
33.5 3.25 -0.216 0.383
33.6 3.25 -0.228 0.383
33.7 3.25 -0.24 0.383
33.8 3.25 -0.253 0.383
33.9 3.24 -0.265 0.383
34.0 3.24 -0.276 0.383
34.1 3.24 -0.288 0.383
34.2 3.24 -0.299 0.383
34.3 3.24 -0.311 0.383
34.4 3.24 -0.322 0.383
34.5 3.24 -0.333 0.383
34.6 3.23 -0.344 0.383
34.7 3.23 -0.354 0.383
34.8 3.23 -0.365 0.383
34.9 3.23 -0.376 0.383
35.0 3.23 -0.386 0.383
35.1 3.23 -0.397 0.383
35.2 3.22 -0.407 0.383
35.3 3.22 -0.417 0.383
35.4 3.22 -0.427 0.383
35.5 3.22 -0.438 0.383
35.6 3.22 -0.448 0.383
35.7 3.22 -0.458 0.383
35.8 3.22 -0.468 0.383
35.9 3.21 -0.478 0.383
36.0 3.21 -0.488 0.383
36.1 3.21 -0.498 0.383
36.2 3.21 -0.508 0.383
36.3 3.21 -0.518 0.383
36.4 3.21 -0.528 0.383
36.5 3.2 -0.538 0.383
36.6 3.2 -0.548 0.383
36.7 3.2 -0.558 0.383
36.8 3.2 -0.568 0.383
36.9 3.2 -0.578 0.383
37.0 3.2 -0.588 0.383
37.1 3.2 -0.598 0.383
37.2 3.19 -0.608 0.383
37.3 3.19 -0.617 0.383
37.4 3.19 -0.627 0.383
37.5 3.19 -0.637 0.383
37.6 3.19 -0.647 0.383
37.7 3.19 -0.657 0.383
37.8 3.18 -0.667 0.383
37.9 3.18 -0.677 0.383
38.0 3.18 -0.687 0.383
38.1 3.18 -0.697 0.383
38.2 3.18 -0.707 0.383
38.3 3.18 -0.717 0.383
38.4 3.18 -0.727 0.383
38.5 3.17 -0.737 0.383
38.6 3.17 -0.747 0.383
38.7 3.17 -0.757 0.383
38.8 3.17 -0.767 0.383
38.9 3.17 -0.777 0.383
39.0 3.17 -0.787 0.383
39.1 3.17 -0.797 0.383
39.2 3.16 -0.808 0.383
39.3 3.16 -0.818 0.383
39.4 3.16 -0.828 0.383
39.5 3.16 -0.838 0.383
39.6 3.16 -0.848 0.383
39.7 3.16 -0.858 0.383
39.8 3.15 -0.868 0.383
39.9 3.15 -0.878 0.383
40.0 3.15 -0.889 0.383
40.1 3.15 -0.899 0.383
40.2 3.15 -0.909 0.383
40.3 3.15 -0.919 0.383
40.4 3.15 -0.929 0.383
40.5 3.14 -0.94 0.383
40.6 3.14 -0.95 0.383
40.7 3.14 -0.96 0.383
40.8 3.14 -0.97 0.383
40.9 3.14 -0.981 0.383
41.0 3.14 -0.991 0.383
41.1 3.13 -1.0 0.383
41.2 3.13 -1.01 0.383
41.3 3.13 -1.02 0.383
41.4 3.13 -1.03 0.383
41.5 3.13 -1.04 0.383
41.6 3.13 -1.05 0.383
41.7 3.13 -1.06 0.383
41.8 3.12 -1.07 0.383
41.9 3.12 -1.08 0.383
42.0 3.12 -1.09 0.383
42.1 3.12 -1.1 0.383
42.2 3.12 -1.11 0.383
42.3 3.12 -1.12 0.383
42.4 3.12 -1.13 0.383
42.5 3.11 -1.14 0.383
42.6 3.11 -1.15 0.383
42.7 3.11 -1.16 0.383
42.8 3.11 -1.17 0.383
42.9 3.11 -1.18 0.383
43.0 3.11 -1.19 0.383
43.1 3.1 -1.2 0.383
43.2 3.1 -1.21 0.383
43.3 3.1 -1.22 0.383
43.4 3.1 -1.23 0.383
43.5 3.1 -1.24 0.383
43.6 3.1 -1.25 0.383
43.7 3.1 -1.26 0.383
43.8 3.09 -1.27 0.383
43.9 3.09 -1.28 0.383
44.0 3.09 -1.29 0.383
44.1 3.09 -1.3 0.383
44.2 3.09 -1.31 0.383
44.3 3.09 -1.32 0.383
44.4 3.09 -1.33 0.383
44.5 3.09 -1.34 0.383
44.6 3.08 -1.35 0.383
44.7 3.08 -1.36 0.383
44.8 3.08 -1.37 0.383
44.9 3.08 -1.37 0.383
45.0 3.08 -1.38 0.383
45.1 3.08 -1.39 0.383
45.2 3.08 -1.4 0.383
45.3 3.07 -1.41 0.383
45.4 3.07 -1.42 0.383
45.5 3.07 -1.43 0.383
45.6 3.07 -1.44 0.383
45.7 3.07 -1.45 0.383
45.8 3.07 -1.46 0.383
45.9 3.07 -1.47 0.383
46.0 3.07 -1.48 0.383
46.1 3.07 -1.49 0.383
46.2 3.06 -1.5 0.383
46.3 3.06 -1.51 0.383
46.4 3.06 -1.52 0.383
46.5 3.06 -1.53 0.383
46.6 3.06 -1.54 0.383
46.7 3.06 -1.55 0.383
46.8 3.06 -1.56 0.383
46.9 3.06 -1.57 0.383
47.0 3.05 -1.58 0.383
47.1 3.05 -1.58 0.383
47.2 3.05 -1.59 0.383
47.3 3.05 -1.6 0.383
47.4 3.05 -1.61 0.383
47.5 3.05 -1.62 0.383
47.6 3.05 -1.63 0.383
47.7 3.05 -1.64 0.383
47.8 3.05 -1.65 0.383
47.9 3.05 -1.66 0.383
48.0 3.05 -1.67 0.383
48.1 3.04 -1.68 0.383
48.2 3.04 -1.69 0.383
48.3 3.04 -1.7 0.383
48.4 3.04 -1.71 0.383
48.5 3.04 -1.72 0.383
48.6 3.04 -1.73 0.383
48.7 3.04 -1.74 0.383
48.8 3.04 -1.74 0.383
48.9 3.04 -1.75 0.383
49.0 3.04 -1.76 0.383
49.1 3.04 -1.77 0.383
49.2 3.04 -1.78 0.383
49.3 3.04 -1.79 0.383
49.4 3.04 -1.8 0.383
49.5 3.03 -1.81 0.383
49.6 3.03 -1.82 0.383
49.7 3.03 -1.83 0.383
49.8 3.03 -1.84 0.383
49.9 3.03 -1.85 0.383
