0.0 2.0 -3.85e-12 1.0
0.1 2.0 -1.51e-11 1.0
0.2 2.0 -4.07e-11 1.0
0.3 2.0 -8.05e-11 1.0
0.4 2.0 -1.27e-10 1.0
0.5 1.99 -1.81e-10 1.0
0.6 1.99 -2.39e-10 1.0
0.7 1.99 -3e-10 1.0
0.8 1.98 -3.63e-10 1.0
0.9 1.98 -4.27e-10 1.0
1.0 1.97 -4.92e-10 1.0
1.1 1.97 -5.58e-10 1.0
1.2 1.96 -6.21e-10 1.0
1.3 1.95 -6.82e-10 1.01
1.4 1.95 -7.41e-10 1.01
1.5 1.94 -7.97e-10 1.01
1.6 1.93 -8.49e-10 1.01
1.7 1.92 -8.93e-10 1.01
1.8 1.91 -9.34e-10 1.01
1.9 1.89 -9.71e-10 1.01
2.0 1.88 -9.99e-10 1.02
2.1 1.87 -1.02e-09 1.02
2.2 1.85 -1.03e-09 1.02
2.3 1.84 -1.05e-09 1.02
2.4 1.82 -1.05e-09 1.03
2.5 1.81 -1.05e-09 1.03
2.6 1.79 -1.04e-09 1.04
2.7 1.77 -1.03e-09 1.04
2.8 1.76 -1.01e-09 1.05
2.9 1.74 -9.93e-10 1.05
3.0 1.72 -9.73e-10 1.06
3.1 1.7 -9.53e-10 1.07
3.2 1.68 -9.33e-10 1.07
3.3 1.66 -9.13e-10 1.08
3.4 1.64 -8.9e-10 1.09
3.5 1.62 -8.64e-10 1.11
3.6 1.59 -8.38e-10 1.12
3.7 1.57 -8.1e-10 1.13
3.8 1.55 -7.84e-10 1.15
3.9 1.53 -7.58e-10 1.16
4.0 1.5 -7.36e-10 1.18
4.1 1.48 -7.18e-10 1.2
4.2 1.45 -7e-10 1.22
4.3 1.43 -6.81e-10 1.24
4.4 1.4 -6.63e-10 1.26
4.5 1.38 -6.53e-10 1.29
4.6 1.35 -6.52e-10 1.31
4.7 1.33 -6.47e-10 1.34
4.8 1.3 -6.39e-10 1.37
4.9 1.27 -6.37e-10 1.4
5.0 1.25 -6.42e-10 1.43
5.1 1.22 -6.48e-10 1.46
5.2 1.19 -6.64e-10 1.49
5.3 1.16 -6.88e-10 1.52
5.4 1.13 -7.1e-10 1.56
5.5 1.11 -7.34e-10 1.59
5.6 1.08 -6.77e-10 1.62
5.7 1.05 -6.69e-10 1.66
5.8 1.02 -6.97e-10 1.69
5.9 0.986 -6.37e-10 1.72
6.0 0.955 -8.29e-10 1.76
6.1 0.924 -1.28e-09 1.79
6.2 0.892 -1.47e-09 1.83
6.3 0.86 -1.39e-09 1.87
6.4 0.828 -1.29e-09 1.9
6.5 0.795 -1.18e-09 1.94
6.6 0.762 -1.07e-09 1.98
6.7 0.728 -9.39e-10 2.01
6.8 0.695 -8.04e-10 2.05
6.9 0.661 -6.61e-10 2.09
7.0 0.626 -8.03e-10 2.13
7.1 0.592 -8.26e-10 2.17
7.2 0.557 -5.21e-10 2.21
7.3 0.521 -1.86e-09 2.24
7.4 0.485 -5.61e-09 2.28
7.5 0.449 -8.8e-09 2.32
7.6 0.412 -9.79e-09 2.37
7.7 0.376 -9.43e-09 2.41
7.8 0.339 -8.99e-09 2.45
7.9 0.302 -7.18e-09 2.49
8.0 0.265 -3.88e-09 2.53
8.1 0.227 -7.32e-10 2.57
8.2 0.189 2.61e-09 2.61
8.3 0.151 6.15e-09 2.66
8.4 0.113 8.1e-09 2.7
8.5 0.0751 1.1e-08 2.74
8.6 0.0367 1.4e-08 2.79
8.7 -0.00189 1.49e-08 2.83
8.8 -0.0404 1.56e-08 2.87
8.9 -0.079 1.57e-08 2.92
9.0 -0.118 1.57e-08 2.96
9.1 -0.157 1.56e-08 3.01
9.2 -0.196 1.54e-08 3.05
9.3 -0.236 1.46e-08 3.1
9.4 -0.275 1.34e-08 3.14
9.5 -0.313 1.23e-08 3.19
9.6 -0.352 1.11e-08 3.24
9.7 -0.392 9.79e-09 3.28
9.8 -0.432 8.55e-09 3.33
9.9 -0.472 7.15e-09 3.38
10.0 -0.511 5.21e-09 3.42
10.1 -0.55 3.16e-09 3.47
10.2 -0.589 1.22e-09 3.52
10.3 -0.629 -3.78e-10 3.57
10.4 -0.669 -1.62e-09 3.62
10.5 -0.709 -2.38e-09 3.67
10.6 -0.751 -2.92e-09 3.72
10.7 -0.793 -3.24e-09 3.77
10.8 -0.836 -3.25e-09 3.81
10.9 -0.879 -3.11e-09 3.86
11.0 -0.922 -2.82e-09 3.89
11.1 -0.965 -2.49e-09 3.91
11.2 -1.01 -2.11e-09 3.93
11.3 -1.05 -1.74e-09 3.94
11.4 -1.1 -1.4e-09 3.94
11.5 -1.14 -9.47e-10 3.95
11.6 -1.18 -6.56e-10 3.95
11.7 -1.22 -6.49e-10 3.95
11.8 -1.27 3.71e-10 3.95
11.9 -1.31 2.45e-09 3.95
12.0 -1.35 4.65e-09 3.95
12.1 -1.39 0.00365 3.95
12.2 -1.43 0.0137 3.95
12.3 -1.47 0.0251 3.94
12.4 -1.5 0.036 3.94
12.5 -1.54 0.0479 3.93
12.6 -1.58 0.0531 3.93
12.7 -1.62 0.0517 3.92
12.8 -1.66 0.0499 3.91
12.9 -1.7 0.0477 3.9
13.0 -1.75 0.0452 3.89
13.1 -1.79 0.0423 3.89
13.2 -1.84 0.0394 3.88
13.3 -1.88 0.0364 3.87
13.4 -1.92 0.0334 3.85
13.5 -1.97 0.0305 3.84
13.6 -2.01 0.0275 3.83
13.7 -2.06 0.0247 3.82
13.8 -2.1 0.022 3.81
13.9 -2.14 0.0194 3.79
14.0 -2.19 0.0172 3.78
14.1 -2.23 0.0158 3.77
14.2 -2.27 0.0148 3.75
14.3 -2.31 0.0122 3.74
14.4 -2.35 0.00805 3.72
14.5 -2.39 0.00406 3.71
14.6 -2.44 0.00143 3.69
14.7 -2.48 4.65e-05 3.68
14.8 -2.52 -0.000444 3.66
14.9 -2.54 0.000524 3.65
15.0 -2.55 0.0028 3.63
15.1 -2.55 0.00638 3.61
15.2 -2.55 0.0109 3.6
15.3 -2.57 0.0133 3.59
15.4 -2.58 0.0165 3.58
15.5 -2.57 0.028 3.56
15.6 -2.57 0.0505 3.54
15.7 -2.57 0.0856 3.53
15.8 -2.58 0.128 3.51
15.9 -2.6 0.172 3.49
16.0 -2.62 0.22 3.47
16.1 -2.66 0.27 3.45
16.2 -2.71 0.322 3.43
16.3 -2.78 0.37 3.41
16.4 -2.85 0.407 3.39
16.5 -2.92 0.433 3.37
16.6 -2.99 0.448 3.35
16.7 -3.06 0.449 3.33
16.8 -3.14 0.436 3.3
16.9 -3.22 0.412 3.28
17.0 -3.3 0.382 3.26
17.1 -3.36 0.349 3.24
17.2 -3.42 0.314 3.21
17.3 -3.46 0.281 3.19
17.4 -3.5 0.256 3.17
17.5 -3.53 0.235 3.14
17.6 -3.58 0.215 3.12
17.7 -3.62 0.192 3.09
17.8 -3.67 0.164 3.07
17.9 -3.71 0.132 3.04
18.0 -3.75 0.101 3.02
18.1 -3.79 0.0712 2.99
18.2 -3.82 0.0449 2.96
18.3 -3.85 0.0222 2.94
18.4 -3.87 0.00312 2.91
18.5 -3.9 -0.0115 2.88
18.6 -3.92 -0.0223 2.85
18.7 -3.95 -0.0295 2.83
18.8 -3.98 -0.0338 2.8
18.9 -4.01 -0.0355 2.77
19.0 -4.04 -0.035 2.74
19.1 -4.07 -0.0326 2.71
19.2 -4.1 -0.0282 2.68
19.3 -4.13 -0.0224 2.65
19.4 -4.16 -0.0167 2.62
19.5 -4.19 -0.0118 2.59
19.6 -4.23 -0.00755 2.56
19.7 -4.26 -0.00394 2.53
19.8 -4.28 -0.00128 2.5
19.9 -4.31 0.000584 2.48
20.0 -4.34 0.00136 2.47
20.1 -4.37 0.00156 2.46
20.2 -4.39 0.00178 2.47
20.3 -4.42 0.00185 2.48
20.4 -4.44 0.000985 2.5
20.5 -4.47 -0.000353 2.51
20.6 -4.49 -0.000673 2.53
20.7 -4.51 -4.48e-05 2.54
20.8 -4.52 0.00106 2.56
20.9 -4.54 0.00251 2.58
21.0 -4.55 0.0049 2.6
21.1 -4.56 0.00837 2.62
21.2 -4.57 0.0111 2.64
21.3 -4.58 0.0135 2.67
21.4 -4.59 0.0164 2.69
21.5 -4.59 0.0183 2.72
21.6 -4.6 0.0218 2.74
21.7 -4.6 0.0297 2.77
21.8 -4.6 0.0405 2.79
21.9 -4.6 0.0523 2.82
22.0 -4.6 0.0642 2.85
22.1 -4.59 0.0753 2.88
22.2 -4.58 0.0853 2.91
22.3 -4.58 0.0945 2.94
22.4 -4.57 0.103 2.96
22.5 -4.56 0.11 3.0
22.6 -4.55 0.116 3.03
22.7 -4.54 0.123 3.06
22.8 -4.53 0.129 3.09
22.9 -4.52 0.137 3.12
23.0 -4.5 0.145 3.15
23.1 -4.49 0.155 3.19
23.2 -4.48 0.165 3.22
23.3 -4.47 0.174 3.25
23.4 -4.46 0.183 3.28
23.5 -4.46 0.191 3.3
23.6 -4.45 0.198 3.33
23.7 -4.45 0.205 3.35
23.8 -4.44 0.209 3.37
23.9 -4.44 0.211 3.38
24.0 -4.45 0.215 3.39
24.1 -4.45 0.221 3.39
24.2 -4.46 0.224 3.39
24.3 -4.46 0.225 3.4
24.4 -4.46 0.224 3.4
24.5 -4.46 0.223 3.41
24.6 -4.46 0.221 3.41
24.7 -4.46 0.219 3.41
24.8 -4.45 0.216 3.41
24.9 -4.45 0.213 3.41
25.0 -4.45 0.21 3.42
25.1 -4.45 0.207 3.42
25.2 -4.45 0.203 3.42
25.3 -4.45 0.2 3.41
25.4 -4.46 0.197 3.41
25.5 -4.46 0.195 3.41
25.6 -4.46 0.193 3.41
25.7 -4.46 0.191 3.41
25.8 -4.46 0.189 3.41
25.9 -4.46 0.186 3.4
26.0 -4.47 0.184 3.4
26.1 -4.47 0.181 3.4
26.2 -4.47 0.178 3.39
26.3 -4.47 0.176 3.39
26.4 -4.48 0.173 3.38
26.5 -4.48 0.17 3.38
26.6 -4.48 0.167 3.37
26.7 -4.49 0.163 3.36
26.8 -4.49 0.158 3.36
26.9 -4.5 0.154 3.35
27.0 -4.5 0.149 3.34
27.1 -4.51 0.144 3.34
27.2 -4.51 0.139 3.33
27.3 -4.52 0.134 3.32
27.4 -4.52 0.128 3.31
27.5 -4.53 0.122 3.3
27.6 -4.53 0.116 3.28
27.7 -4.54 0.109 3.27
27.8 -4.54 0.101 3.26
27.9 -4.55 0.0913 3.25
28.0 -4.56 0.0812 3.23
28.1 -4.56 0.0707 3.22
28.2 -4.57 0.0595 3.2
28.3 -4.58 0.0476 3.18
28.4 -4.58 0.035 3.16
28.5 -4.59 0.0226 3.15
28.6 -4.59 0.0109 3.12
28.7 -4.59 0.000673 3.1
28.8 -4.59 -0.00792 3.08
28.9 -4.58 -0.0147 3.05
29.0 -4.57 -0.0191 3.03
29.1 -4.56 -0.0195 3.0
29.2 -4.53 -0.0167 2.97
29.3 -4.51 -0.013 2.95
29.4 -4.48 -0.00845 2.92
29.5 -4.46 -0.00353 2.89
29.6 -4.43 0.00136 2.86
29.7 -4.4 0.00574 2.83
29.8 -4.37 0.0093 2.8
29.9 -4.33 0.012 2.77
30.0 -4.3 0.0138 2.74
30.1 -4.27 0.0147 2.71
30.2 -4.23 0.0149 2.68
30.3 -4.2 0.0148 2.65
30.4 -4.16 0.0142 2.62
30.5 -4.13 0.0133 2.59
30.6 -4.09 0.0122 2.55
30.7 -4.06 0.0108 2.52
30.8 -4.03 0.00935 2.49
30.9 -3.99 0.00787 2.45
31.0 -3.96 0.00641 2.42
31.1 -3.92 0.00505 2.39
31.2 -3.89 0.00376 2.35
31.3 -3.86 0.00244 2.32
31.4 -3.83 0.00108 2.28
31.5 -3.79 -0.000133 2.25
31.6 -3.76 -0.0011 2.21
31.7 -3.72 -0.0019 2.17
31.8 -3.69 -0.00255 2.14
31.9 -3.66 -0.00306 2.1
32.0 -3.62 -0.00342 2.06
32.1 -3.59 -0.00364 2.03
32.2 -3.55 -0.00374 1.99
32.3 -3.52 -0.00368 1.95
32.4 -3.49 -0.00337 1.91
32.5 -3.45 -0.00279 1.87
32.6 -3.42 -0.00207 1.84
32.7 -3.39 -0.00154 1.8
32.8 -3.36 -0.00124 1.76
32.9 -3.32 -0.00106 1.72
33.0 -3.29 -0.00131 1.68
33.1 -3.26 -0.000728 1.64
33.2 -3.24 -0.000874 1.6
33.3 -3.22 0.00262 1.55
33.4 -3.21 0.0111 1.51
33.5 -3.21 0.0272 1.47
33.6 -3.2 0.0525 1.43
33.7 -3.18 0.0792 1.39
33.8 -3.16 0.114 1.34
33.9 -3.11 0.157 1.3
34.0 -3.06 0.191 1.26
34.1 -3.01 0.21 1.22
34.2 -2.95 0.212 1.17
34.3 -2.89 0.193 1.13
34.4 -2.83 0.16 1.09
34.5 -2.77 0.125 1.07
34.6 -2.7 0.0882 1.05
34.7 -2.64 0.0549 1.04
34.8 -2.59 0.0257 1.03
34.9 -2.53 -0.00161 1.03
35.0 -2.48 -0.0212 1.03
35.1 -2.43 -0.033 1.03
35.2 -2.39 -0.0418 1.04
35.3 -2.35 -0.0475 1.04
35.4 -2.3 -0.0509 1.05
35.5 -2.26 -0.0518 1.05
35.6 -2.22 -0.0506 1.06
35.7 -2.18 -0.0488 1.07
35.8 -2.14 -0.0465 1.08
35.9 -2.1 -0.0437 1.09
36.0 -2.07 -0.0405 1.1
36.1 -2.03 -0.037 1.11
36.2 -1.99 -0.0332 1.13
36.3 -1.95 -0.0293 1.14
36.4 -1.91 -0.0254 1.16
36.5 -1.86 -0.0215 1.17
36.6 -1.82 -0.0176 1.18
36.7 -1.78 -0.0139 1.2
36.8 -1.74 -0.0102 1.22
36.9 -1.7 -0.00686 1.23
37.0 -1.66 -0.00374 1.25
37.1 -1.62 -0.000919 1.27
37.2 -1.57 0.00157 1.29
37.3 -1.53 0.00371 1.3
37.4 -1.49 0.00549 1.32
37.5 -1.45 0.00691 1.34
37.6 -1.4 0.00798 1.36
37.7 -1.36 0.0087 1.38
37.8 -1.32 0.00925 1.4
37.9 -1.28 0.00971 1.42
38.0 -1.23 0.00994 1.44
38.1 -1.19 0.00985 1.46
38.2 -1.15 0.00943 1.48
38.3 -1.1 0.00871 1.51
38.4 -1.06 0.00774 1.53
38.5 -1.02 0.00655 1.55
38.6 -0.974 0.0052 1.57
38.7 -0.931 0.00373 1.6
38.8 -0.889 0.00218 1.62
38.9 -0.846 0.000613 1.64
39.0 -0.804 -0.000944 1.67
39.1 -0.761 -0.00245 1.69
39.2 -0.719 -0.00387 1.72
39.3 -0.677 -0.00519 1.74
39.4 -0.635 -0.00637 1.77
39.5 -0.594 -0.0074 1.79
39.6 -0.553 -0.00827 1.82
39.7 -0.511 -0.00897 1.85
39.8 -0.471 -0.0095 1.87
39.9 -0.43 -0.00985 1.9
40.0 -0.389 -0.01 1.93
40.1 -0.349 -0.0101 1.96
40.2 -0.309 -0.00997 1.98
40.3 -0.269 -0.00973 2.01
40.4 -0.229 -0.00937 2.04
40.5 -0.19 -0.0089 2.07
40.6 -0.15 -0.00835 2.1
40.7 -0.111 -0.00774 2.13
40.8 -0.0723 -0.00707 2.16
40.9 -0.0335 -0.00636 2.19
41.0 0.00511 -0.00564 2.22
41.1 0.0436 -0.00492 2.25
41.2 0.0819 -0.00423 2.28
41.3 0.119 -0.00329 2.31
41.4 0.155 -0.00231 2.34
41.5 0.191 -0.0016 2.37
41.6 0.226 -0.000972 2.4
41.7 0.262 -0.000453 2.44
41.8 0.298 -4.26e-05 2.47
41.9 0.334 0.000259 2.5
42.0 0.369 0.000476 2.54
42.1 0.406 0.000505 2.57
42.2 0.442 0.000374 2.6
42.3 0.478 0.000236 2.64
42.4 0.514 0.000116 2.67
42.5 0.55 5.39e-06 2.71
42.6 0.585 -0.000103 2.74
42.7 0.62 -0.000201 2.76
42.8 0.655 -0.000287 2.78
42.9 0.689 -0.000355 2.78
43.0 0.723 -0.000413 2.78
43.1 0.757 -0.000471 2.77
43.2 0.79 -0.000524 2.76
43.3 0.824 -0.00057 2.75
43.4 0.856 -0.000605 2.74
43.5 0.889 -0.000638 2.73
43.6 0.921 -0.000666 2.71
43.7 0.953 -0.000687 2.7
43.8 0.985 -0.000706 2.68
43.9 1.02 -0.000721 2.66
44.0 1.05 -0.000738 2.64
44.1 1.08 -0.000739 2.63
44.2 1.11 -0.000722 2.61
44.3 1.14 -0.000706 2.58
44.4 1.17 -0.000689 2.56
44.5 1.2 -0.000674 2.54
44.6 1.23 -0.000658 2.52
44.7 1.26 -0.000645 2.49
44.8 1.28 -0.000633 2.47
44.9 1.31 -0.000621 2.45
45.0 1.34 -0.000611 2.42
45.1 1.37 -0.000604 2.4
45.2 1.39 -0.000598 2.37
45.3 1.42 -0.000593 2.34
45.4 1.44 -0.000589 2.32
45.5 1.47 -0.000587 2.29
45.6 1.49 -0.000586 2.26
45.7 1.52 -0.000587 2.23
45.8 1.54 -0.000589 2.2
45.9 1.56 -0.000592 2.18
46.0 1.58 -0.000595 2.15
46.1 1.61 -0.0006 2.12
46.2 1.63 -0.000604 2.09
46.3 1.65 -0.000609 2.06
46.4 1.67 -0.000613 2.03
46.5 1.69 -0.000618 2.0
46.6 1.71 -0.000622 1.96
46.7 1.73 -0.000626 1.93
46.8 1.75 -0.000629 1.9
46.9 1.76 -0.000629 1.87
47.0 1.78 -0.000627 1.84
47.1 1.8 -0.000623 1.8
47.2 1.81 -0.000617 1.77
47.3 1.83 -0.000609 1.74
47.4 1.84 -0.000601 1.7
47.5 1.86 -0.000592 1.67
47.6 1.87 -0.000583 1.63
47.7 1.89 -0.000574 1.6
47.8 1.9 -0.000565 1.56
47.9 1.91 -0.000556 1.53
48.0 1.92 -0.000548 1.49
48.1 1.93 -0.000539 1.46
48.2 1.94 -0.000532 1.42
48.3 1.95 -0.000524 1.38
48.4 1.96 -0.000517 1.35
48.5 1.97 -0.000511 1.31
48.6 1.98 -0.000505 1.27
48.7 1.99 -0.000499 1.24
48.8 2.0 -0.000493 1.2
48.9 2.01 -0.000487 1.16
49.0 2.01 -0.000482 1.12
49.1 2.02 -0.000478 1.09
49.2 2.02 -0.000473 1.05
49.3 2.03 -0.000469 1.02
49.4 2.03 -0.000466 0.989
49.5 2.03 -0.000462 0.962
49.6 2.03 -0.000459 0.941
49.7 2.04 -0.000457 0.924
49.8 2.04 -0.000454 0.909
49.9 2.04 -0.000452 0.896
