0.0 0.0 0.0 0.0
0.1 0.0 0.0 0.0
0.2 0.0 0.0 0.0
0.3 0.0 0.0 0.0
0.4 0.0 0.0 0.0
0.5 0.0 0.0 0.0
0.6 0.0 0.0 0.0
0.7 0.0 0.0 0.0
0.8 0.0 0.0 0.0
0.9 0.0 0.0 0.0
1.0 0.0 0.0 0.0
1.1 0.0 0.0 0.0
1.2 0.0 0.0 -1.17e-13
1.3 0.0 0.0 -1.6e-13
1.4 0.0 0.0 1.34e-13
1.5 0.0 0.0 7.25e-13
1.6 0.0 0.0 1.57e-12
1.7 0.0 0.0 2.65e-12
1.8 0.0 0.0 3.92e-12
1.9 0.0 0.0 5.36e-12
2.0 0.0 0.0 6.95e-12
2.1 0.0 0.0 8.8e-12
2.2 0.0 0.0 1.1e-11
2.3 0.0 0.0 1.33e-11
2.4 0.0 0.0 1.55e-11
2.5 0.0 0.0 1.76e-11
2.6 0.0 0.0 1.97e-11
2.7 0.0 0.0 2.17e-11
2.8 0.0 0.0 2.36e-11
2.9 0.0 0.0 2.55e-11
3.0 0.0 0.0 2.74e-11
3.1 0.0 0.0 2.94e-11
3.2 0.0 0.0 3.16e-11
3.3 0.0 0.0 3.36e-11
3.4 0.0 0.0 3.53e-11
3.5 0.0 0.0 3.69e-11
3.6 0.0 0.0 3.85e-11
3.7 0.0 0.0 4.01e-11
3.8 0.0 0.0 4.17e-11
3.9 0.0 0.0 4.32e-11
4.0 0.0 0.0 4.47e-11
4.1 0.0 0.0 4.63e-11
4.2 0.0 0.0 4.81e-11
4.3 0.0 0.0 5e-11
4.4 0.0 0.0 5.18e-11
4.5 0.0 0.0 5.32e-11
4.6 0.0 0.0 5.47e-11
4.7 0.0 0.0 5.61e-11
4.8 0.0 0.0 5.75e-11
4.9 0.0 0.0 5.9e-11
5.0 0.0 0.0 6.04e-11
5.1 0.0 0.0 6.18e-11
5.2 0.0 0.0 6.33e-11
5.3 0.0 0.0 6.5e-11
5.4 0.0 0.0 6.69e-11
5.5 0.0 0.0 6.85e-11
5.6 0.0 0.0 6.99e-11
5.7 0.0 0.0 7.13e-11
5.8 0.0 0.0 7.27e-11
5.9 0.0 0.0 7.41e-11
6.0 0.0 0.0 7.55e-11
6.1 0.0 0.0 7.69e-11
6.2 0.0 0.0 7.83e-11
6.3 0.0 0.0 7.98e-11
6.4 0.0 0.0 8.15e-11
6.5 0.0 0.0 8.33e-11
6.6 0.0 0.0 8.5e-11
6.7 0.0 0.0 8.64e-11
6.8 0.0 0.0 8.78e-11
6.9 0.0 0.0 8.92e-11
7.0 0.0 0.0 9.05e-11
7.1 0.0 0.0 9.19e-11
7.2 0.0 0.0 9.33e-11
7.3 0.0 0.0 9.47e-11
7.4 0.0 0.0 9.62e-11
7.5 0.0 0.0 9.79e-11
7.6 0.0 0.0 9.97e-11
7.7 0.0 0.0 1.01e-10
7.8 0.0 0.0 1.03e-10
7.9 0.0 0.0 1.09e-10
8.0 0.0 0.0 1.21e-10
8.1 0.0 0.0 1.37e-10
8.2 0.0 0.0 1.54e-10
8.3 0.0 0.0 1.74e-10
8.4 0.0 0.0 1.96e-10
8.5 0.0 0.0 2.2e-10
8.6 0.0 0.0 2.45e-10
8.7 0.0 0.0 2.72e-10
8.8 0.0 0.0 3e-10
8.9 0.0 0.0 3.3e-10
9.0 0.0 0.0 3.6e-10
9.1 0.0 0.0 3.86e-10
9.2 0.0 0.0 4.06e-10
9.3 0.0 0.0 4.2e-10
9.4 0.0 0.0 4.28e-10
9.5 0.0 0.0 4.32e-10
9.6 0.0 0.0 4.32e-10
9.7 0.0 0.0 4.29e-10
9.8 0.0 0.0 4.23e-10
9.9 0.0 0.0 4.15e-10
10.0 0.0 0.0 4.04e-10
10.1 0.0 0.0 3.9e-10
10.2 0.0 0.0 3.74e-10
10.3 0.0 0.0 3.52e-10
10.4 0.0 0.0 3.44e-10
10.5 0.0 0.0 3.64e-10
10.6 0.0 0.0 4.05e-10
10.7 0.0 0.0 4.5e-10
10.8 0.0 0.0 4.88e-10
10.9 0.0 0.0 5.28e-10
11.0 0.0 0.0 5.78e-10
11.1 0.0 0.0 6.17e-10
11.2 0.0 0.0 6.29e-10
11.3 0.0 0.0 6.18e-10
11.4 0.0 0.0 5.87e-10
11.5 0.0 0.0 5.37e-10
11.6 0.0 0.0 4.9e-10
11.7 0.0 0.0 4.79e-10
11.8 0.0 0.0 4.34e-10
11.9 0.0 0.0 3.17e-10
12.0 0.0 0.0 1.93e-10
12.1 0.0 0.0 8.53e-11
12.2 0.0 0.0 -7.45e-12
12.3 0.0 0.0 -8.72e-11
12.4 0.0 0.0 -1.56e-10
12.5 0.0 0.0 -2.14e-10
12.6 0.0 0.0 -2.65e-10
12.7 0.0 0.0 -3.07e-10
12.8 0.0 0.0 -3.43e-10
12.9 0.0 0.0 -3.73e-10
13.0 0.0 0.0 -3.99e-10
13.1 0.0 0.0 -4.23e-10
13.2 0.0 0.0 -4.44e-10
13.3 0.0 0.0 -4.62e-10
13.4 0.0 0.0 -4.79e-10
13.5 0.0 0.0 -4.95e-10
13.6 0.0 0.0 -5.09e-10
13.7 0.0 0.0 -5.21e-10
13.8 0.0 0.0 -5.33e-10
13.9 0.0 0.0 -5.43e-10
14.0 0.0 0.0 -5.53e-10
14.1 0.0 0.0 -5.38e-10
14.2 0.0 0.0 -4.77e-10
14.3 0.0 0.0 -3.76e-10
14.4 0.0 0.0 -2.4e-10
14.5 0.0 0.0 -7.34e-11
14.6 0.0 0.0 1.2e-10
14.7 0.0 0.0 3.36e-10
14.8 0.0 0.0 5.72e-10
14.9 0.0 0.0 8.26e-10
15.0 0.0 0.0 1.06e-09
15.1 0.0 0.0 1.27e-09
15.2 0.0 0.0 1.44e-09
15.3 0.0 0.0 1.58e-09
15.4 0.0 0.0 1.71e-09
15.5 0.0 0.0 1.81e-09
15.6 0.0 0.0 1.9e-09
15.7 0.0 0.0 1.97e-09
15.8 0.0 0.0 2.03e-09
15.9 0.0 0.0 2.08e-09
16.0 0.0 0.0 2.13e-09
16.1 0.0 0.0 2.16e-09
16.2 0.0 0.0 2.18e-09
16.3 0.0 0.0 2.2e-09
16.4 0.0 0.0 2.21e-09
16.5 0.0 0.0 2.22e-09
16.6 0.0 0.0 2.23e-09
16.7 0.0 0.0 2.24e-09
16.8 0.0 0.0 2.26e-09
16.9 0.0 0.0 2.31e-09
17.0 0.0 0.0 2.38e-09
17.1 0.0 0.0 2.43e-09
17.2 0.0 0.0 2.45e-09
17.3 0.0 0.0 2.47e-09
17.4 0.0 0.0 2.49e-09
17.5 0.0 0.0 2.5e-09
17.6 0.0 0.0 2.52e-09
17.7 0.0 0.0 2.53e-09
17.8 0.0 0.0 2.55e-09
17.9 0.0 0.0 2.57e-09
18.0 0.0 0.0 2.58e-09
18.1 0.0 0.0 2.59e-09
18.2 0.0 0.0 2.6e-09
18.3 0.0 0.0 2.61e-09
18.4 0.0 0.0 2.62e-09
18.5 0.0 0.0 2.62e-09
18.6 0.0 0.0 2.63e-09
18.7 0.0 0.0 2.64e-09
18.8 0.0 0.0 2.65e-09
18.9 0.0 0.0 2.66e-09
19.0 0.0 0.0 2.67e-09
19.1 0.0 0.0 2.68e-09
19.2 0.0 0.0 2.69e-09
19.3 0.0 0.0 2.7e-09
19.4 0.0 0.0 2.71e-09
19.5 0.0 0.0 2.71e-09
19.6 0.0 0.0 2.72e-09
19.7 0.0 0.0 2.73e-09
19.8 0.0 0.0 2.73e-09
19.9 0.0 0.0 2.74e-09
20.0 0.0 0.0 2.75e-09
20.1 0.0 0.0 2.76e-09
20.2 0.0 0.0 2.77e-09
20.3 0.0 0.0 2.78e-09
20.4 0.0 0.0 2.78e-09
20.5 0.0 0.0 2.79e-09
20.6 0.0 0.0 2.8e-09
20.7 0.0 0.0 2.81e-09
20.8 0.0 0.0 2.81e-09
20.9 0.0 0.0 2.82e-09
21.0 0.0 0.0 1.71e-08
21.1 0.0 0.0 5.77e-08
21.2 0.0 0.0 9.93e-08
21.3 0.0 0.0 1.21e-07
21.4 0.0 0.0 1.64e-07
21.5 0.0 0.0 2.83e-07
21.6 0.0 0.0 4.01e-07
21.7 0.0 0.0 4.45e-07
21.8 0.0 0.0 4.83e-07
21.9 0.0 0.0 5.62e-07
22.0 0.0 0.0 6.99e-07
22.1 0.0 0.0 9.56e-07
22.2 0.0 0.0 1.26e-06
22.3 0.0 0.0 1.51e-06
22.4 0.0 0.0 1.7e-06
22.5 0.0 0.0 1.83e-06
22.6 0.0 0.0 1.95e-06
22.7 0.0 0.0 2.12e-06
22.8 0.0 0.0 2.26e-06
22.9 0.0 0.0 2.3e-06
23.0 0.0 0.0 2.31e-06
23.1 0.0 0.0 2.34e-06
23.2 0.0 0.0 2.4e-06
23.3 0.0 0.0 2.55e-06
23.4 0.0 0.0 2.75e-06
23.5 0.0 0.0 2.89e-06
23.6 0.0 0.0 2.99e-06
23.7 0.0 0.0 3.04e-06
23.8 0.0 0.0 3.06e-06
23.9 0.0 0.0 3.05e-06
24.0 0.0 0.0 2.99e-06
24.1 0.0 0.0 2.89e-06
24.2 0.0 0.0 2.74e-06
24.3 0.0 0.0 2.58e-06
24.4 0.0 0.0 2.46e-06
24.5 0.0 0.0 2.32e-06
24.6 0.0 0.0 2.1e-06
24.7 0.0 0.0 1.85e-06
24.8 0.0 0.0 1.63e-06
24.9 0.0 0.0 1.45e-06
25.0 0.0 0.0 1.37e-06
25.1 0.0 0.0 1.43e-06
25.2 0.0 0.0 1.64e-06
25.3 0.0 0.0 1.95e-06
25.4 0.0 0.0 2.28e-06
25.5 0.0 0.0 2.53e-06
25.6 0.0 0.0 2.74e-06
25.7 0.0 0.0 2.93e-06
25.8 0.0 0.0 3.04e-06
25.9 0.0 0.0 3.04e-06
26.0 0.0 0.0 3e-06
26.1 0.0 0.0 2.95e-06
26.2 0.0 0.0 3.01e-06
26.3 0.0 0.0 3.27e-06
26.4 0.0 0.0 3.66e-06
26.5 0.0 0.0 4.01e-06
26.6 0.0 0.0 4.36e-06
26.7 0.0 0.0 4.73e-06
26.8 0.0 0.0 5.03e-06
26.9 0.0 0.0 5.01e-06
27.0 0.0 0.0 4.84e-06
27.1 0.0 0.0 4.92e-06
27.2 0.0 0.0 5.38e-06
27.3 0.0 0.0 5.87e-06
27.4 0.0 0.0 5.95e-06
27.5 0.0 0.0 5.66e-06
27.6 0.0 0.0 5.42e-06
27.7 0.0 0.0 5.45e-06
27.8 0.0 0.0 5.5e-06
27.9 0.0 0.0 5.53e-06
28.0 0.0 0.0 5.4e-06
28.1 0.0 0.0 5.14e-06
28.2 0.0 0.0 5.01e-06
28.3 0.0 0.0 5.09e-06
28.4 0.0 0.0 5.2e-06
28.5 0.0 0.0 5.17e-06
28.6 0.0 0.0 5.01e-06
28.7 0.0 0.0 4.72e-06
28.8 0.0 0.0 4.17e-06
28.9 0.0 0.0 3.27e-06
29.0 0.0 0.0 2.11e-06
29.1 0.0 0.0 7.42e-07
29.2 0.0 0.0 -2.88e-07
29.3 0.0 0.0 -8.4e-07
29.4 0.0 0.0 -1.55e-06
29.5 0.0 0.0 -2.38e-06
29.6 0.0 0.0 -2.92e-06
29.7 0.0 0.0 -3.25e-06
29.8 0.0 0.0 -3.84e-06
29.9 0.0 0.0 -4.97e-06
30.0 0.0 0.0 -6.56e-06
30.1 0.0 0.0 -8.48e-06
30.2 0.0 0.0 -1.06e-05
30.3 0.0 0.0 -1.27e-05
30.4 0.0 0.0 -1.42e-05
30.5 0.0 0.0 -1.57e-05
30.6 0.0 0.0 -1.75e-05
30.7 0.0 0.0 -1.87e-05
30.8 0.0 0.0 -1.95e-05
30.9 0.0 0.0 -2e-05
31.0 0.0 0.0 -2.05e-05
31.1 0.0 0.0 -2.09e-05
31.2 0.0 0.0 -2.09e-05
31.3 0.0 0.0 -2.06e-05
31.4 0.0 0.0 -2e-05
31.5 0.0 0.0 -1.92e-05
31.6 0.0 0.0 -1.81e-05
31.7 0.0 0.0 -1.72e-05
31.8 0.0 0.0 -1.66e-05
31.9 0.0 0.0 -1.6e-05
32.0 0.0 0.0 -1.54e-05
32.1 0.0 0.0 -1.48e-05
32.2 0.0 0.0 -1.44e-05
32.3 0.0 0.0 -1.4e-05
32.4 0.0 0.0 -1.36e-05
32.5 0.0 0.0 -1.32e-05
32.6 0.0 0.0 -1.29e-05
32.7 0.0 0.0 -1.27e-05
32.8 0.0 0.0 -1.25e-05
32.9 0.0 0.0 -1.23e-05
33.0 0.0 0.0 -1.22e-05
33.1 0.0 0.0 -1.2e-05
33.2 0.0 0.0 -1.18e-05
33.3 0.0 0.0 -1.16e-05
33.4 0.0 0.0 -1.14e-05
33.5 0.0 0.0 -1.12e-05
33.6 0.0 0.0 -1.1e-05
33.7 0.0 0.0 -1.08e-05
33.8 0.0 0.0 -1.06e-05
33.9 0.0 0.0 -1.04e-05
34.0 0.0 0.0 -1.03e-05
34.1 0.0 0.0 -1.01e-05
34.2 0.0 0.0 -1e-05
34.3 0.0 0.0 -9.92e-06
34.4 0.0 0.0 -9.81e-06
34.5 0.0 0.0 -9.69e-06
34.6 0.0 0.0 -9.57e-06
34.7 0.0 0.0 -9.46e-06
34.8 0.0 0.0 -9.35e-06
34.9 0.0 0.0 -9.26e-06
35.0 0.0 0.0 -9.18e-06
35.1 0.0 0.0 -9.12e-06
35.2 0.0 0.0 -9.07e-06
35.3 0.0 0.0 -9.02e-06
35.4 0.0 0.0 -8.96e-06
35.5 0.0 0.0 -8.9e-06
35.6 0.0 0.0 -8.83e-06
35.7 0.0 0.0 -8.76e-06
35.8 0.0 0.0 -8.69e-06
35.9 0.0 0.0 -8.62e-06
36.0 0.0 0.0 -8.54e-06
36.1 0.0 0.0 -8.47e-06
36.2 0.0 0.0 -8.41e-06
36.3 0.0 0.0 -8.35e-06
36.4 0.0 0.0 -8.28e-06
36.5 0.0 0.0 -8.21e-06
36.6 0.0 0.0 -8.13e-06
36.7 0.0 0.0 -8.05e-06
36.8 0.0 0.0 -7.96e-06
36.9 0.0 0.0 -7.89e-06
37.0 0.0 0.0 -7.82e-06
37.1 0.0 0.0 -7.75e-06
37.2 0.0 0.0 -7.68e-06
37.3 0.0 0.0 -7.62e-06
37.4 0.0 0.0 -7.56e-06
37.5 0.0 0.0 -7.5e-06
37.6 0.0 0.0 -7.44e-06
37.7 0.0 0.0 -7.38e-06
37.8 0.0 0.0 -7.32e-06
37.9 0.0 0.0 -7.27e-06
38.0 0.0 0.0 -7.22e-06
38.1 0.0 0.0 -7.16e-06
38.2 0.0 0.0 -7.11e-06
38.3 0.0 0.0 -7.06e-06
38.4 0.0 0.0 -7.03e-06
38.5 0.0 0.0 -7e-06
38.6 0.0 0.0 -6.97e-06
38.7 0.0 0.0 -6.93e-06
38.8 0.0 0.0 -6.89e-06
38.9 0.0 0.0 -6.85e-06
39.0 0.0 0.0 -6.8e-06
39.1 0.0 0.0 -6.76e-06
39.2 0.0 0.0 -6.72e-06
39.3 0.0 0.0 -6.67e-06
39.4 0.0 0.0 -6.64e-06
39.5 0.0 0.0 -6.61e-06
39.6 0.0 0.0 -6.59e-06
39.7 0.0 0.0 -6.57e-06
39.8 0.0 0.0 -6.54e-06
39.9 0.0 0.0 -6.52e-06
40.0 0.0 0.0 -6.48e-06
40.1 0.0 0.0 -6.45e-06
40.2 0.0 0.0 -6.42e-06
40.3 0.0 0.0 -6.38e-06
40.4 0.0 0.0 -6.35e-06
40.5 0.0 0.0 -6.32e-06
40.6 0.0 0.0 -6.29e-06
40.7 0.0 0.0 -6.26e-06
40.8 0.0 0.0 -6.23e-06
40.9 0.0 0.0 -6.2e-06
41.0 0.0 0.0 -6.16e-06
41.1 0.0 0.0 -6.13e-06
41.2 0.0 0.0 -6.09e-06
41.3 0.0 0.0 -6.06e-06
41.4 0.0 0.0 -6.02e-06
41.5 0.0 0.0 -5.99e-06
41.6 0.0 0.0 -5.95e-06
41.7 0.0 0.0 -5.92e-06
41.8 0.0 0.0 -5.89e-06
41.9 0.0 0.0 -5.86e-06
42.0 0.0 0.0 -5.83e-06
42.1 0.0 0.0 -5.81e-06
42.2 0.0 0.0 -5.78e-06
42.3 0.0 0.0 -5.75e-06
42.4 0.0 0.0 -5.73e-06
42.5 0.0 0.0 -5.71e-06
42.6 0.0 0.0 -5.68e-06
42.7 0.0 0.0 -5.66e-06
42.8 0.0 0.0 -5.63e-06
42.9 0.0 0.0 -5.61e-06
43.0 0.0 0.0 -5.59e-06
43.1 0.0 0.0 -5.57e-06
43.2 0.0 0.0 -5.54e-06
43.3 0.0 0.0 -5.52e-06
43.4 0.0 0.0 -5.5e-06
43.5 0.0 0.0 -5.48e-06
43.6 0.0 0.0 -5.46e-06
43.7 0.0 0.0 -5.44e-06
43.8 0.0 0.0 -5.42e-06
43.9 0.0 0.0 -5.4e-06
44.0 0.0 0.0 -5.38e-06
44.1 0.0 0.0 -5.36e-06
44.2 0.0 0.0 -5.34e-06
44.3 0.0 0.0 -5.33e-06
44.4 0.0 0.0 -5.31e-06
44.5 0.0 0.0 -5.29e-06
44.6 0.0 0.0 -5.28e-06
44.7 0.0 0.0 -5.26e-06
44.8 0.0 0.0 -5.25e-06
44.9 0.0 0.0 -5.23e-06
45.0 0.0 0.0 -5.21e-06
45.1 0.0 0.0 -5.2e-06
45.2 0.0 0.0 -5.18e-06
45.3 0.0 0.0 -5.17e-06
45.4 0.0 0.0 -5.16e-06
45.5 0.0 0.0 -5.14e-06
45.6 0.0 0.0 -5.13e-06
45.7 0.0 0.0 -5.12e-06
45.8 0.0 0.0 -5.11e-06
45.9 0.0 0.0 -5.09e-06
46.0 0.0 0.0 -5.08e-06
46.1 0.0 0.0 -5.07e-06
46.2 0.0 0.0 -5.05e-06
46.3 0.0 0.0 -5.04e-06
46.4 0.0 0.0 -5.02e-06
46.5 0.0 0.0 -5.01e-06
46.6 0.0 0.0 -4.99e-06
46.7 0.0 0.0 -4.97e-06
46.8 0.0 0.0 -4.95e-06
46.9 0.0 0.0 -4.94e-06
47.0 0.0 0.0 -4.92e-06
47.1 0.0 0.0 -4.9e-06
47.2 0.0 0.0 -4.88e-06
47.3 0.0 0.0 -4.86e-06
47.4 0.0 0.0 -4.84e-06
47.5 0.0 0.0 -4.82e-06
47.6 0.0 0.0 -4.81e-06
47.7 0.0 0.0 -4.79e-06
47.8 0.0 0.0 -4.77e-06
47.9 0.0 0.0 -4.75e-06
48.0 0.0 0.0 -4.74e-06
48.1 0.0 0.0 -4.73e-06
48.2 0.0 0.0 -4.71e-06
48.3 0.0 0.0 -4.69e-06
48.4 0.0 0.0 -4.68e-06
48.5 0.0 0.0 -4.66e-06
48.6 0.0 0.0 -4.64e-06
48.7 0.0 0.0 -4.63e-06
48.8 0.0 0.0 -4.61e-06
48.9 0.0 0.0 -4.6e-06
49.0 0.0 0.0 -4.58e-06
49.1 0.0 0.0 -4.57e-06
49.2 0.0 0.0 -4.56e-06
49.3 0.0 0.0 -4.55e-06
49.4 0.0 0.0 -4.53e-06
49.5 0.0 0.0 -4.52e-06
49.6 0.0 0.0 -4.5e-06
49.7 0.0 0.0 -4.49e-06
49.8 0.0 0.0 -4.48e-06
49.9 0.0 0.0 -4.47e-06
