0.0 0.0 0.0 0.0
0.1 10.1 -0.0342 8.15
0.2 10.4 -74.9 8.05
0.3 10.3 -10.2 7.97
0.4 10.4 -10.3 7.86
0.5 10.5 -10.4 7.76
0.6 10.5 -10.5 7.66
0.7 6.29 -8.4 7.59
0.8 -33.4 39.1 28.9
0.9 2.74 12.8 37.0
1.0 -21.3 4.55 27.6
1.1 1.14 -0.149 17.6
1.2 0.336 -0.638 17.6
1.3 76.0 -75.7 -42.5
1.4 10.9 -10.7 7.29
1.5 11.0 -10.9 7.27
1.6 11.1 -9.7 24.3
1.7 -21.0 66.3 58.4
1.8 -35.7 -4.17 12.3
1.9 1.19 -1.05 17.1
2.0 1.26 -0.954 17.1
2.1 1.16 -1.08 17.1
2.2 1.28 -1.16 17.2
2.3 1.08 -0.961 17.1
2.4 67.2 -55.3 8.36
2.5 -10.6 6.72 22.0
2.6 -43.7 33.3 20.2
2.7 1.3 -1.57 17.0
2.8 1.66 -0.893 17.1
2.9 -0.328 -0.955 17.4
3.0 -0.621 -1.16 17.4
3.1 -1.78 -1.21 17.7
3.2 -2.25 -1.32 17.7
3.3 -1.49 -1.24 17.6
3.4 -1.26 -1.05 17.6
3.5 57.9 -40.4 13.0
3.6 -1.13e+02 1.08e+02 70.0
3.7 -8.78 -46.4 2.25
3.8 32.3 -15.1 4.93
3.9 3.88 -3.2 15.9
4.0 0.851 -0.25 17.6
4.1 0.325 -0.558 17.8
4.2 -1.49 -0.688 18.2
4.3 -1.94 -0.476 18.4
4.4 -1.16 -0.507 18.1
4.5 -1.15 -0.477 18.1
4.6 -57.5 71.5 63.6
4.7 -9.32 9.39 35.1
4.8 -9.41 8.43 25.9
4.9 -8.7 -46.1 4.11
5.0 17.1 -7.85 9.53
5.1 1.97 1.2 18.2
5.2 1.04 0.712 18.4
5.3 -0.848 0.86 19.1
5.4 -1.57 0.972 19.2
5.5 -1.24 0.947 19.1
5.6 -1.32 0.936 19.1
5.7 -54.2 65.0 68.3
5.8 -9.98 9.48 28.1
5.9 -10.1 -34.6 28.1
6.0 8.51 -3.11 9.44
6.1 4.76 0.947 16.7
6.2 -4.11 2.54 22.3
6.3 -5.18 2.68 22.9
6.4 -5.56 3.2 23.3
6.5 -6.12 2.77 23.5
6.6 -5.5 3.27 23.3
6.7 -3.06 1.31 21.3
6.8 -43.1 56.3 55.4
6.9 -6.71 -14.9 28.7
7.0 15.8 -23.7 17.7
7.1 -3.22 2.76 21.5
7.2 -3.44 2.79 23.0
7.3 -5.69 2.45 25.2
7.4 -6.12 2.98 25.9
7.5 -6.0 3.0 25.8
7.6 -6.4 3.09 26.1
7.7 -6.07 3.41 26.2
7.8 -5.97 3.09 25.7
7.9 -39.8 32.4 46.2
8.0 24.1 -25.2 28.5
8.1 -3.73 -2.5 26.3
8.2 -0.795 9.14 28.1
8.3 -4.38 3.0 27.8
8.4 -5.04 2.76 28.1
8.5 -4.88 2.46 27.5
8.6 -3.68 3.17 27.6
8.7 -4.21 2.83 27.2
8.8 -3.9 2.33 26.5
8.9 -3.34 2.04 25.4
9.0 -2.24 0.776 23.2
9.1 -18.2 0.168 43.2
9.2 -15.5 -3.14 34.1
9.3 22.8 -0.075 30.7
9.4 5.05 2.23 30.6
9.5 12.8 2.83 29.4
9.6 6.53 -2.38 8.03
9.7 -3.93 -0.83 9.77
9.8 -9.1 0.006 12.3
9.9 -5.48 -0.0741 15.9
10.0 -1.78 0.131 21.7
10.1 -1.31 0.638 20.5
10.2 53.6 -34.9 80.6
10.3 -22.3 13.4 -3.66
10.4 -23.9 15.3 2.25
10.5 -3.16 1.46 19.5
10.6 -1.65 0.546 21.1
10.7 -1.68 0.571 21.1
10.8 -1.7 0.569 21.2
10.9 -1.68 0.553 21.1
11.0 -1.67 0.556 21.2
11.1 -1.67 0.572 21.1
11.2 -2.97 -29.7 12.2
11.3 -0.947 24.0 27.3
11.4 -1.38 2.56 22.0
11.5 -1.89 0.271 20.8
11.6 -4.51 -3.6 15.8
11.7 -4.87 -1.97 15.4
11.8 -4.98 -0.935 15.1
11.9 -4.13 0.354 16.4
12.0 -3.94 0.608 16.7
12.1 -3.88 0.641 16.7
12.2 -0.713 -12.6 12.0
12.3 -4.22 1.43 14.2
12.4 -4.46 0.618 13.1
12.5 -4.03 0.864 14.3
12.6 -2.85 1.32 17.2
12.7 -3.58 0.702 15.1
12.8 -4.28 0.367 13.2
12.9 -3.72 0.586 14.6
13.0 -3.33 0.58 15.6
13.1 -1.97 0.84 19.1
13.2 -1.55 -14.0 7.87
13.3 -3.4 3.19 15.8
13.4 -3.16 2.0 16.6
13.5 -2.18 1.59 19.5
13.6 -3.64 0.281 13.4
13.7 -4.0 0.174 12.0
13.8 -3.7 0.32 12.9
13.9 -3.23 0.496 14.4
14.0 -3.0 0.491 15.3
14.1 -2.8 0.414 16.0
14.2 -2.18 -9.86 6.04
14.3 -2.92 2.7 16.2
14.4 -3.16 1.35 15.1
14.5 -3.01 0.894 16.0
14.6 -2.09 0.853 19.5
14.7 -3.9 0.0464 10.7
14.8 -3.58 0.194 11.9
14.9 -3.17 0.353 13.5
15.0 -3.01 0.286 14.2
15.1 -2.69 0.42 15.8
15.2 -38.4 8.57 1.06e+02
15.3 26.5 -16.1 -79.3
15.4 -1.58 3.36 23.8
15.5 -2.83 1.25 17.8
15.6 -2.17 1.02 19.8
15.7 -3.69 0.163 10.6
15.8 -4.76 -0.182 6.38
15.9 -3.29 0.25 12.1
16.0 -3.09 0.356 13.3
16.1 -2.18 0.377 18.4
16.2 -2.16 0.372 18.5
16.3 -6.49 -7.82 -18.7
16.4 -4.81 1.33 8.68
16.5 -3.01 2.18 8.58
16.6 1.33 8.99 13.1
16.7 -1.6 0.811 24.8
16.8 -1.06 -0.022 28.7
16.9 -3.08 0.567 12.9
17.0 -3.13 0.552 12.4
17.1 -3.95 0.505 7.56
17.2 -4.08 0.204 7.87
17.3 -4.21 0.00136 8.25
17.4 -0.707 0.286 25.1
17.5 -3.32 -0.0304 12.8
17.6 -17.0 -0.31 -14.2
17.7 -1.4 -2.93 26.2
17.8 1.76 -0.566 27.8
17.9 -3.87 -0.995 14.4
18.0 -3.72 -0.606 14.5
18.1 -2.87 -0.000712 16.3
18.2 -2.41 0.228 17.2
18.3 -1.82 0.505 18.7
18.4 -0.426 1.06 22.0
18.5 -0.103 1.15 22.7
18.6 -20.8 1.31 -37.7
18.7 -43.3 74.3 38.5
18.8 -24.1 10.4 18.7
18.9 -16.2 -10.7 26.2
19.0 1.28 -20.4 21.8
19.1 8.33 -10.6 19.9
19.2 14.3 -4.81 18.5
19.3 13.1 -3.3 16.1
19.4 -3.03 0.478 17.6
19.5 -3.01 0.388 17.5
19.6 -2.84 0.566 17.5
19.7 -3.13 0.377 17.7
19.8 -73.2 75.8 -2.43
19.9 55.8 -95.9 79.8
20.0 5.66 -6.38 31.8
20.1 -3.39 5.83 15.6
20.2 -3.68 8.14 10.5
20.3 -3.79 5.17 12.2
20.4 -3.96 3.13 14.1
20.5 -2.57 1.02 18.5
20.6 -2.1 0.701 19.6
20.7 -2.82 1.1 17.9
20.8 -2.72 1.04 19.0
20.9 -3.05 1.04 17.8
21.0 -3.42 -32.2 60.8
21.1 28.5 1.03e+02 33.0
21.2 1.42 10.6 27.3
21.3 -7.87 2.33 30.2
21.4 -22.9 -30.4 10.5
21.5 -6.71 -1.85 13.7
21.6 -4.73 -0.886 16.7
21.7 -4.67 -1.18 17.7
21.8 -4.71 0.111 19.2
21.9 -4.7 -0.518 19.5
22.0 -3.87 0.779 18.2
22.1 -4.22 0.426 19.2
22.2 -4.16 0.66 19.1
22.3 27.4 64.1 69.0
22.4 4.68 -87.6 30.3
22.5 2.31 -4.84 28.8
22.6 -15.7 21.9 18.6
22.7 -5.2 12.7 10.4
22.8 -3.73 6.84 16.7
22.9 -2.25 0.697 17.4
23.0 -3.51 -0.771 14.6
23.1 -5.57 -3.77 11.7
23.2 -3.36 0.886 17.7
23.3 -2.73 0.844 19.2
23.4 -2.77 0.46 19.1
23.5 24.6 -30.1 78.6
23.6 0.966 -3.3 29.2
23.7 1.0 -3.34 29.3
23.8 1.04 -3.38 29.4
23.9 48.6 18.4 -90.7
24.0 7.57 -0.507 9.24
24.1 7.67 12.4 9.14
24.2 7.77 -1.76 9.04
24.3 -39.0 -32.4 1.29e+02
24.4 -8.59 17.0 18.3
24.5 -8.94 11.2 5.33
24.6 -5.75 1.21 6.26
24.7 -5.41 -0.341 12.0
24.8 -2.22 0.71 19.1
24.9 -2.04 0.489 19.4
25.0 -2.31 0.792 19.1
25.1 -2.08 0.538 19.3
25.2 72.8 -74.3 -16.5
25.3 8.05 -9.55 15.1
25.4 8.15 26.7 76.8
25.5 -55.8 47.6 20.8
25.6 -6.85 5.5 8.27
25.7 -5.56 -12.0 10.9
25.8 -1.87 -0.93 19.2
25.9 -1.81 1.66 19.3
26.0 -2.02 -0.773 18.9
26.1 -1.72 0.352 19.5
26.2 -1.87 0.378 19.2
26.3 -1.8 1.26 19.3
26.4 58.3 -16.4 19.2
26.5 3.14 -1.76 26.6
26.6 -51.1 19.0 13.0
26.7 -1.89 5.49 18.9
26.8 -1.34 -7.46 19.8
26.9 -1.71 0.514 19.3
27.0 -1.67 0.559 19.3
27.1 -1.86 2.03 18.9
27.2 -2.25 4.72 18.0
27.3 -1.83 1.05 18.9
27.4 -2.14 3.07 18.1
27.5 58.4 -8.77 -9.43
27.6 7.13 -1.64 14.7
27.7 -49.5 4.9 42.3
27.8 13.3 7.89 9.62
27.9 2.95 -3.34 17.9
28.0 3.6 -2.57 17.0
28.1 2.21 -0.868 17.0
28.2 0.185 -1.78 18.0
28.3 -1.86 -1.49 18.9
28.4 -3.08 0.125 19.3
28.5 -5.53 0.364 20.8
28.6 25.1 1.9 -8.62
28.7 -0.266 3.3 12.6
28.8 -0.901 4.14 12.4
28.9 -0.93 2.63 12.5
29.0 1.03 -1.07 13.0
29.1 3.74 -13.4 15.2
29.2 -0.372 -9.31 15.1
29.3 -1.16 -7.42 13.7
29.4 -3.73 -4.92 15.3
29.5 -6.89 -0.608 19.4
29.6 -5.97 4.42 21.6
29.7 -3.62 2.73 21.3
29.8 -2.73 0.298 18.6
29.9 -2.32 0.237 18.3
30.0 41.0 22.9 -28.0
30.1 1.28 -0.0462 9.19
30.2 -11.6 -15.3 11.6
30.3 -5.6 -9.93 12.5
30.4 -12.2 -4.92 26.0
30.5 -2.63 5.01 13.1
30.6 -0.291 1.75 12.5
30.7 0.498 0.437 11.3
30.8 0.772 0.301 12.1
30.9 0.708 -0.128 13.7
31.0 0.906 -1.05 13.0
31.1 0.666 -1.67 13.5
31.2 -0.658 -0.95 19.7
31.3 35.8 26.8 -23.1
31.4 13.4 -2.8 7.45
31.5 12.8 -10.0 9.07
31.6 10.6 -12.6 10.6
31.7 7.97 -1.15 7.92
31.8 -9.55 -14.2 25.7
31.9 -2.1 -4.89 14.5
32.0 1.91 -4.06 9.85
32.1 2.26 0.396 9.6
32.2 2.53 0.37 9.41
32.3 1.67 0.542 11.5
32.4 1.56 0.0956 12.3
32.5 0.575 0.14 14.3
32.6 -2.15 1.09 18.5
32.7 49.3 -32.1 -11.0
32.8 10.8 -4.45 8.06
32.9 -2.38 1.92 14.5
33.0 -5.55 2.96 18.1
33.1 1.97 -1.07 12.6
33.2 2.24 -0.621 11.6
33.3 3.62 -0.924 10.8
33.4 2.84 -0.335 12.0
33.5 1.11 0.439 14.1
33.6 -2.36 1.63 18.0
33.7 -5.74 2.47 21.6
33.8 59.3 -21.7 -12.6
33.9 13.6 -1.14 10.3
34.0 -0.662 1.18 15.0
34.1 3.05 -0.105 13.6
34.2 3.0 -0.105 14.6
34.3 0.188 0.539 16.9
34.4 5.14 -0.526 15.6
34.5 -18.2 3.88 23.7
34.6 -6.78 0.983 18.5
34.7 -3.73 0.751 17.7
34.8 -0.271 -0.568 15.7
34.9 20.3 -2.64 16.8
35.0 5.13 -0.527 18.3
35.1 37.1 -3.47 16.9
35.2 -9.76 0.19 17.7
35.3 2.24 -0.674 18.4
35.4 -1.44 -0.112 17.2
35.5 6.52 -0.805 18.8
35.6 -7.34 0.227 14.3
35.7 8.97 -0.955 19.7
35.8 8.47 -0.816 19.7
35.9 5.58 -0.709 19.6
36.0 15.9 1.59 46.1
36.1 4.25 -0.185 23.3
36.2 4.79 0.274 14.7
36.3 17.5 -0.154 31.0
36.4 -1.73 -0.961 18.4
36.5 1.24 -0.702 19.9
36.6 3.32 -0.576 21.7
36.7 2.84 -0.556 20.7
36.8 1.75 -0.542 19.8
36.9 0.747 -0.549 18.3
37.0 -0.98 -0.565 15.6
37.1 30.7 3.21 45.8
37.2 -3.67 -0.204 9.24
37.3 16.6 0.383 19.6
37.4 0.518 -0.815 22.4
37.5 3.14 -0.526 23.7
37.6 2.52 -0.6 22.4
37.7 3.38 -0.539 22.6
37.8 4.72 -0.525 21.9
37.9 3.92 -0.554 21.1
38.0 3.69 -0.553 20.1
38.1 19.1 -0.375 34.5
38.2 -27.7 -0.0328 42.5
38.3 -4.4 -0.309 27.1
38.4 0.656 1.41 27.2
38.5 9.86 1.73 26.6
38.6 9.98 -1.04 2.96
38.7 6.09 -0.744 15.7
38.8 6.29 -0.131 22.5
38.9 6.11 -0.099 23.0
39.0 7.36 -0.221 21.9
39.1 4.78 -0.267 22.0
39.2 4.39 -0.441 20.1
39.3 -35.2 -59.9 57.3
39.4 1.2 -9.54 28.0
39.5 -0.121 10.6 28.1
39.6 12.7 17.2 28.0
39.7 17.8 17.1 25.4
39.8 17.5 17.9 20.7
39.9 -9.85 -9.91 -6.46
40.0 -4.12 -8.4 6.14
40.1 1.86 -0.00555 18.8
40.2 2.46 1.89 21.9
40.3 2.32 3.2 24.2
40.4 -15.8 -80.7 45.4
40.5 6.81 -10.5 25.8
40.6 6.44 32.1 12.8
40.7 4.61 29.5 6.51
40.8 3.22 1.47 18.1
40.9 1.68 3.81 23.8
41.0 2.51 5.07 24.7
41.1 2.05 3.78 23.9
41.2 2.2 3.11 23.4
41.3 2.99 1.1 21.1
41.4 3.93 -5.94 12.9
41.5 14.1 -78.7 -7.36
41.6 11.8 3.55 13.7
41.7 -15.4 47.0 35.4
41.8 0.964 -0.333 19.1
41.9 3.3 -1.23 18.6
42.0 2.31 -0.951 18.7
42.1 2.48 -0.977 18.6
42.2 2.3 -0.777 18.8
42.3 3.16 -3.29 16.9
42.4 3.69 -3.79 16.2
42.5 7.9 -14.0 7.38
42.6 59.2 -50.8 -24.8
42.7 12.2 -9.23 20.1
42.8 -47.0 46.2 51.8
42.9 12.3 -13.1 12.2
43.0 10.3 -10.5 13.3
43.1 8.77 -7.27 14.2
43.2 7.55 -4.76 15.2
43.3 4.45 -1.56 17.2
43.4 2.37 -0.415 18.4
43.5 7.47 -5.42 15.3
43.6 5.64 -3.89 16.4
43.7 47.7 -47.1 -15.8
43.8 -52.3 52.1 56.4
43.9 2.01 0.952 21.6
44.0 28.8 -20.1 12.4
44.1 12.5 -8.34 16.7
44.2 6.01 -2.74 18.0
44.3 5.01 -2.75 18.2
44.4 3.63 -2.25 18.6
44.5 4.73 -2.59 17.9
44.6 2.45 -1.01 18.4
44.7 2.13 -1.12 18.6
44.8 1.11 -0.58 18.6
44.9 -7.52 6.16 22.5
45.0 -33.6 47.4 37.2
45.1 36.5 -45.9 -0.828
45.2 12.8 -7.0 15.5
45.3 4.98 -2.62 17.6
45.4 4.04 -1.94 17.9
45.5 2.73 -1.53 18.5
45.6 2.58 -1.16 18.4
45.7 1.25 -0.599 18.9
45.8 -0.193 0.157 18.9
45.9 2.92 -1.18 18.2
46.0 -66.9 72.9 3.89
46.1 -4.3 2.92 14.2
46.2 56.5 -57.3 25.7
46.3 6.85 -4.22 22.7
46.4 3.13 -1.68 18.3
46.5 3.06 -1.11 18.0
46.6 2.49 -0.99 18.0
46.7 1.55 -0.529 17.7
46.8 1.37 0.196 17.4
46.9 0.732 0.554 17.1
47.0 0.594 0.525 16.9
47.1 -21.2 45.5 1.13
47.2 -2.29 1.04 14.4
47.3 11.2 -28.7 27.4
47.4 4.7 -2.47 18.3
47.5 2.93 -1.32 17.8
47.6 1.82 -0.342 17.5
47.7 1.12 0.248 17.2
47.8 0.616 0.0752 17.1
47.9 3.19 -1.38 18.1
48.0 6.8 -4.22 19.6
48.1 6.11 -3.82 19.4
48.2 -24.7 31.9 1.81
48.3 -5.08 3.38 15.0
48.4 -4.31 -6.97 18.3
48.5 3.73 -1.6 17.5
48.6 2.92 -0.781 17.6
48.7 6.26 -3.66 19.1
48.8 9.26 -6.01 20.6
48.9 8.85 -5.08 20.3
49.0 3.36 -1.67 18.1
49.1 2.63 -0.544 18.0
49.2 2.23 -1.31 18.0
49.3 -47.8 37.6 -4.46
49.4 -5.62 4.4 13.9
49.5 -0.204 -3.99 17.6
49.6 13.5 -9.01 21.8
49.7 13.5 -8.4 22.2
49.8 12.8 -6.91 21.6
49.9 3.53 -1.31 18.5
