0.0 3.0 2.32e-05 1.0
0.1 3.01 0.0196 1.01
0.2 3.02 0.0595 1.01
0.3 3.04 0.102 1.02
0.4 3.06 0.147 1.04
0.5 3.09 0.194 1.05
0.6 3.1 0.23 1.06
0.7 3.1 0.249 1.07
0.8 3.1 0.26 1.07
0.9 3.09 0.271 1.07
1.0 3.08 0.281 1.07
1.1 3.08 0.291 1.07
1.2 3.06 0.32 1.08
1.3 3.01 0.369 1.1
1.4 2.96 0.42 1.12
1.5 2.92 0.473 1.14
1.6 2.89 0.508 1.16
1.7 2.88 0.525 1.16
1.8 2.87 0.541 1.17
1.9 2.86 0.556 1.17
2.0 2.85 0.571 1.18
2.1 2.85 0.585 1.18
2.2 2.84 0.599 1.19
2.3 2.82 0.628 1.2
2.4 2.8 0.667 1.21
2.5 2.79 0.691 1.22
2.6 2.79 0.707 1.22
2.7 2.78 0.722 1.23
2.8 2.78 0.737 1.23
2.9 2.77 0.751 1.24
3.0 2.77 0.765 1.24
3.1 2.77 0.779 1.25
3.2 2.76 0.792 1.25
3.3 2.76 0.805 1.26
3.4 2.76 0.827 1.27
3.5 2.77 0.829 1.26
3.6 2.79 0.819 1.25
3.7 2.81 0.828 1.25
3.8 2.81 0.838 1.26
3.9 2.81 0.847 1.26
4.0 2.81 0.857 1.26
4.1 2.81 0.866 1.27
4.2 2.81 0.875 1.27
4.3 2.82 0.883 1.27
4.4 2.82 0.892 1.28
4.5 2.84 0.88 1.27
4.6 2.88 0.849 1.25
4.7 2.9 0.829 1.24
4.8 2.91 0.829 1.24
4.9 2.92 0.833 1.25
5.0 2.93 0.836 1.25
5.1 2.93 0.84 1.25
5.2 2.94 0.844 1.25
5.3 2.94 0.847 1.25
5.4 2.95 0.851 1.25
5.5 2.95 0.855 1.26
5.6 2.98 0.84 1.25
5.7 3.0 0.804 1.24
5.8 3.01 0.786 1.24
5.9 3.01 0.785 1.24
6.0 3.02 0.785 1.24
6.1 3.03 0.785 1.24
6.2 3.03 0.784 1.24
6.3 3.03 0.782 1.24
6.4 3.03 0.779 1.25
6.5 3.03 0.776 1.25
6.6 3.03 0.771 1.25
6.7 3.03 0.75 1.25
6.8 3.02 0.721 1.25
6.9 3.01 0.707 1.26
7.0 3.01 0.7 1.26
7.1 3.0 0.693 1.27
7.2 3.0 0.684 1.27
7.3 2.99 0.675 1.27
7.4 2.98 0.665 1.28
7.5 2.97 0.653 1.28
7.6 2.96 0.64 1.29
7.7 2.94 0.626 1.3
7.8 2.92 0.606 1.3
7.9 2.89 0.587 1.31
8.0 2.85 0.572 1.33
8.1 2.82 0.557 1.34
8.2 2.8 0.543 1.35
8.3 2.78 0.526 1.35
8.4 2.76 0.507 1.36
8.5 2.74 0.487 1.37
8.6 2.71 0.463 1.37
8.7 2.69 0.437 1.38
8.8 2.66 0.408 1.38
8.9 2.63 0.375 1.39
9.0 2.59 0.346 1.4
9.1 2.54 0.315 1.41
9.2 2.5 0.279 1.41
9.3 2.47 0.244 1.42
9.4 2.44 0.205 1.42
9.5 2.41 0.169 1.42
9.6 2.39 0.142 1.42
9.7 2.37 0.124 1.42
9.8 2.36 0.11 1.43
9.9 2.34 0.0965 1.43
10.0 2.33 0.0836 1.44
10.1 2.31 0.0608 1.43
10.2 2.28 0.034 1.42
10.3 2.27 0.0171 1.42
10.4 2.26 0.00446 1.42
10.5 2.24 -0.00755 1.42
10.6 2.23 -0.019 1.42
10.7 2.22 -0.03 1.43
10.8 2.21 -0.0405 1.43
10.9 2.2 -0.0507 1.43
11.0 2.19 -0.0604 1.44
11.1 2.17 -0.0585 1.43
11.2 2.15 -0.0518 1.42
11.3 2.13 -0.0544 1.41
11.4 2.12 -0.0602 1.41
11.5 2.11 -0.0666 1.42
11.6 2.1 -0.0728 1.42
11.7 2.09 -0.0788 1.42
11.8 2.08 -0.0846 1.42
11.9 2.07 -0.0904 1.42
12.0 2.05 -0.0962 1.42
12.1 2.04 -0.0906 1.41
12.2 2.02 -0.0792 1.4
12.3 2.0 -0.0755 1.39
12.4 1.99 -0.0754 1.39
12.5 1.97 -0.0766 1.38
12.6 1.96 -0.0784 1.38
12.7 1.95 -0.0805 1.38
12.8 1.93 -0.0827 1.37
12.9 1.92 -0.0852 1.37
13.0 1.91 -0.0879 1.37
13.1 1.89 -0.0814 1.36
13.2 1.88 -0.0703 1.35
13.3 1.86 -0.0656 1.34
13.4 1.85 -0.0637 1.34
13.5 1.84 -0.0629 1.33
13.6 1.82 -0.0626 1.33
13.7 1.81 -0.0626 1.32
13.8 1.8 -0.0629 1.32
13.9 1.78 -0.0634 1.31
14.0 1.77 -0.0642 1.31
14.1 1.76 -0.0592 1.3
14.2 1.74 -0.0511 1.29
14.3 1.73 -0.0472 1.29
14.4 1.71 -0.0452 1.28
14.5 1.7 -0.0439 1.27
14.6 1.69 -0.043 1.27
14.7 1.67 -0.0424 1.26
14.8 1.66 -0.042 1.26
14.9 1.65 -0.0419 1.25
15.0 1.63 -0.042 1.24
15.1 1.61 -0.0578 1.24
15.2 1.58 -0.07 1.24
15.3 1.56 -0.0663 1.23
15.4 1.55 -0.0651 1.22
15.5 1.53 -0.064 1.22
15.6 1.52 -0.0633 1.21
15.7 1.5 -0.0633 1.2
15.8 1.49 -0.0638 1.2
15.9 1.47 -0.0644 1.19
16.0 1.46 -0.0651 1.18
16.1 1.45 -0.066 1.18
16.2 1.43 -0.0633 1.17
16.3 1.42 -0.0573 1.16
16.4 1.4 -0.0515 1.16
16.5 1.39 -0.0449 1.15
16.6 1.38 -0.0383 1.14
16.7 1.36 -0.0334 1.14
16.8 1.35 -0.0292 1.13
16.9 1.34 -0.0254 1.12
17.0 1.32 -0.0217 1.12
17.1 1.31 -0.0182 1.11
17.2 1.3 -0.015 1.1
17.3 1.28 -0.0123 1.09
17.4 1.27 -0.00995 1.09
17.5 1.26 -0.00609 1.08
17.6 1.24 -0.00159 1.07
17.7 1.23 0.00147 1.07
17.8 1.22 0.00391 1.06
17.9 1.21 0.00581 1.05
18.0 1.19 0.0073 1.05
18.1 1.18 0.00844 1.04
18.2 1.17 0.00931 1.04
18.3 1.16 0.00996 1.03
18.4 1.15 0.0104 1.03
18.5 1.13 0.0133 1.03
18.6 1.12 0.0308 1.02
18.7 1.11 0.0609 1.01
18.8 1.1 0.0876 1.01
18.9 1.09 0.109 1.0
19.0 1.08 0.125 0.999
19.1 1.06 0.135 0.995
19.2 1.05 0.141 0.992
19.3 1.04 0.147 0.99
19.4 1.03 0.152 0.987
19.5 1.02 0.157 0.984
19.6 1.01 0.161 0.982
19.7 1.0 0.18 0.978
19.8 0.993 0.198 0.978
19.9 0.987 0.203 0.982
20.0 0.981 0.207 0.987
20.1 0.974 0.211 0.99
20.2 0.967 0.215 0.993
20.3 0.959 0.219 0.995
20.4 0.951 0.222 0.996
20.5 0.942 0.226 0.996
20.6 0.933 0.229 0.996
20.7 0.924 0.233 0.995
20.8 0.915 0.236 0.994
20.9 0.907 0.239 0.997
21.0 0.902 0.25 1.0
21.1 0.897 0.271 1.01
21.2 0.89 0.294 1.02
21.3 0.882 0.316 1.02
21.4 0.873 0.336 1.03
21.5 0.864 0.354 1.04
21.6 0.854 0.37 1.04
21.7 0.844 0.384 1.04
21.8 0.833 0.396 1.05
21.9 0.823 0.407 1.05
22.0 0.813 0.416 1.05
22.1 0.803 0.424 1.05
22.2 0.794 0.441 1.06
22.3 0.781 0.465 1.07
22.4 0.764 0.49 1.09
22.5 0.752 0.511 1.1
22.6 0.742 0.528 1.11
22.7 0.733 0.543 1.12
22.8 0.723 0.556 1.12
22.9 0.714 0.566 1.13
23.0 0.704 0.576 1.13
23.1 0.694 0.585 1.13
23.2 0.684 0.594 1.14
23.3 0.674 0.603 1.14
23.4 0.66 0.619 1.15
23.5 0.642 0.643 1.16
23.6 0.624 0.669 1.18
23.7 0.606 0.695 1.2
23.8 0.607 0.705 1.21
23.9 0.629 0.699 1.21
24.0 0.653 0.692 1.21
24.1 0.677 0.687 1.21
24.2 0.69 0.684 1.21
24.3 0.69 0.685 1.22
24.4 0.689 0.688 1.23
24.5 0.686 0.692 1.24
24.6 0.683 0.697 1.24
24.7 0.678 0.702 1.24
24.8 0.673 0.707 1.25
24.9 0.668 0.712 1.25
25.0 0.663 0.717 1.25
25.1 0.67 0.702 1.25
25.2 0.69 0.667 1.25
25.3 0.708 0.639 1.25
25.4 0.717 0.629 1.26
25.5 0.717 0.628 1.26
25.6 0.716 0.627 1.26
25.7 0.713 0.626 1.27
25.8 0.711 0.626 1.27
25.9 0.708 0.626 1.27
26.0 0.704 0.627 1.27
26.1 0.701 0.627 1.27
26.2 0.697 0.628 1.28
26.3 0.699 0.628 1.28
26.4 0.706 0.626 1.28
26.5 0.709 0.625 1.28
26.6 0.705 0.626 1.28
26.7 0.702 0.627 1.29
26.8 0.698 0.628 1.29
26.9 0.694 0.629 1.29
27.0 0.69 0.631 1.29
27.1 0.686 0.632 1.29
27.2 0.682 0.634 1.29
27.3 0.678 0.636 1.3
27.4 0.679 0.636 1.29
27.5 0.685 0.634 1.29
27.6 0.686 0.633 1.29
27.7 0.683 0.634 1.29
27.8 0.679 0.636 1.29
27.9 0.675 0.637 1.29
28.0 0.671 0.639 1.29
28.1 0.667 0.64 1.29
28.2 0.662 0.641 1.29
28.3 0.658 0.643 1.3
28.4 0.653 0.644 1.3
28.5 0.655 0.639 1.29
28.6 0.663 0.625 1.29
28.7 0.669 0.611 1.28
28.8 0.675 0.597 1.27
28.9 0.68 0.583 1.26
29.0 0.681 0.575 1.26
29.1 0.678 0.573 1.26
29.2 0.675 0.569 1.25
29.3 0.671 0.563 1.25
29.4 0.667 0.557 1.25
29.5 0.662 0.551 1.24
29.6 0.658 0.546 1.24
29.7 0.654 0.542 1.24
29.8 0.65 0.54 1.24
29.9 0.647 0.538 1.23
30.0 0.644 0.537 1.23
30.1 0.64 0.536 1.22
30.2 0.637 0.534 1.22
30.3 0.633 0.532 1.21
30.4 0.627 0.53 1.21
30.5 0.621 0.528 1.2
30.6 0.615 0.525 1.2
30.7 0.609 0.523 1.19
30.8 0.603 0.52 1.18
30.9 0.596 0.518 1.18
31.0 0.591 0.515 1.17
31.1 0.585 0.514 1.17
31.2 0.584 0.51 1.16
31.3 0.586 0.504 1.15
31.4 0.588 0.498 1.14
31.5 0.587 0.49 1.13
31.6 0.586 0.481 1.12
31.7 0.583 0.474 1.11
31.8 0.579 0.469 1.1
31.9 0.574 0.462 1.09
32.0 0.569 0.454 1.09
32.1 0.563 0.445 1.08
32.2 0.558 0.437 1.07
32.3 0.552 0.428 1.06
32.4 0.547 0.421 1.05
32.5 0.542 0.415 1.05
32.6 0.54 0.405 1.04
32.7 0.542 0.389 1.03
32.8 0.54 0.375 1.02
32.9 0.536 0.362 1.01
33.0 0.531 0.349 1.0
33.1 0.526 0.335 0.997
33.2 0.521 0.322 0.988
33.3 0.516 0.31 0.98
33.4 0.511 0.299 0.973
33.5 0.506 0.29 0.967
33.6 0.502 0.283 0.962
33.7 0.509 0.272 0.956
33.8 0.531 0.256 0.948
33.9 0.555 0.241 0.94
34.0 0.578 0.227 0.932
34.1 0.602 0.214 0.924
34.2 0.626 0.201 0.917
34.3 0.648 0.189 0.909
34.4 0.667 0.179 0.902
34.5 0.68 0.17 0.897
34.6 0.688 0.162 0.892
34.7 0.693 0.155 0.888
34.8 0.718 0.146 0.881
34.9 0.763 0.134 0.871
35.0 0.808 0.122 0.866
35.1 0.846 0.111 0.864
35.2 0.875 0.101 0.862
35.3 0.902 0.0921 0.86
35.4 0.926 0.0839 0.858
35.5 0.951 0.0759 0.856
35.6 0.978 0.0682 0.854
35.7 1.0 0.0609 0.852
35.8 1.02 0.0541 0.85
35.9 1.06 0.0472 0.848
36.0 1.11 0.0401 0.846
36.1 1.17 0.0322 0.848
36.2 1.21 0.0239 0.855
36.3 1.25 0.0164 0.86
36.4 1.28 0.00954 0.865
36.5 1.31 0.00309 0.869
36.6 1.33 -0.00308 0.872
36.7 1.36 -0.009 0.875
36.8 1.38 -0.0147 0.877
36.9 1.4 -0.0201 0.878
37.0 1.44 -0.0247 0.874
37.1 1.49 -0.0289 0.872
37.2 1.54 -0.0338 0.879
37.3 1.58 -0.0387 0.887
37.4 1.61 -0.0435 0.892
37.5 1.64 -0.0481 0.897
37.6 1.67 -0.0526 0.902
37.7 1.69 -0.0571 0.906
37.8 1.72 -0.0616 0.909
37.9 1.74 -0.066 0.912
38.0 1.78 -0.071 0.913
38.1 1.84 -0.0737 0.923
38.2 1.89 -0.0736 0.943
38.3 1.93 -0.0734 0.963
38.4 1.96 -0.074 0.981
38.5 1.98 -0.0764 0.991
38.6 2.01 -0.0799 0.994
38.7 2.03 -0.0833 0.998
38.8 2.05 -0.0868 1.0
38.9 2.06 -0.0903 1.0
39.0 2.08 -0.0938 1.0
39.1 2.1 -0.0973 1.01
39.2 2.12 -0.0814 1.02
39.3 2.14 -0.0451 1.04
39.4 2.15 -0.0065 1.06
39.5 2.16 0.0235 1.08
39.6 2.17 0.0358 1.09
39.7 2.19 0.0398 1.1
39.8 2.2 0.0431 1.1
39.9 2.22 0.046 1.11
40.0 2.23 0.0486 1.11
40.1 2.25 0.0502 1.11
40.2 2.26 0.0505 1.12
40.3 2.27 0.0707 1.13
40.4 2.29 0.112 1.15
40.5 2.31 0.156 1.17
40.6 2.32 0.181 1.18
40.7 2.33 0.189 1.19
40.8 2.34 0.196 1.19
40.9 2.35 0.201 1.2
41.0 2.37 0.206 1.2
41.1 2.38 0.21 1.21
41.2 2.39 0.214 1.21
41.3 2.4 0.217 1.21
41.4 2.41 0.241 1.22
41.5 2.43 0.283 1.24
41.6 2.45 0.307 1.25
41.7 2.46 0.315 1.25
41.8 2.47 0.322 1.26
41.9 2.48 0.329 1.26
42.0 2.49 0.336 1.27
42.1 2.51 0.343 1.27
42.2 2.52 0.349 1.27
42.3 2.53 0.355 1.28
42.4 2.54 0.361 1.28
42.5 2.56 0.364 1.28
42.6 2.57 0.363 1.28
42.7 2.58 0.364 1.29
42.8 2.6 0.367 1.29
42.9 2.61 0.371 1.29
43.0 2.62 0.375 1.29
43.1 2.63 0.378 1.3
43.2 2.64 0.381 1.3
43.3 2.66 0.384 1.3
43.4 2.67 0.387 1.3
43.5 2.68 0.389 1.31
43.6 2.69 0.387 1.31
43.7 2.7 0.368 1.31
43.8 2.71 0.336 1.32
43.9 2.71 0.32 1.32
44.0 2.72 0.317 1.32
44.1 2.73 0.314 1.33
44.2 2.74 0.31 1.33
44.3 2.75 0.306 1.33
44.4 2.76 0.303 1.33
44.5 2.77 0.299 1.34
44.6 2.78 0.295 1.34
44.7 2.79 0.291 1.34
44.8 2.8 0.274 1.35
44.9 2.8 0.247 1.35
45.0 2.81 0.233 1.36
45.1 2.82 0.228 1.36
45.2 2.83 0.223 1.36
45.3 2.84 0.219 1.37
45.4 2.85 0.214 1.37
45.5 2.86 0.21 1.37
45.6 2.87 0.206 1.38
45.7 2.88 0.202 1.38
45.8 2.89 0.198 1.38
45.9 2.9 0.191 1.38
46.0 2.91 0.181 1.39
46.1 2.91 0.176 1.39
46.2 2.93 0.174 1.39
46.3 2.94 0.17 1.39
46.4 2.95 0.167 1.4
46.5 2.96 0.165 1.4
46.6 2.97 0.162 1.4
46.7 2.98 0.16 1.4
46.8 2.99 0.159 1.41
46.9 3.0 0.159 1.41
47.0 3.01 0.155 1.41
47.1 3.02 0.15 1.41
47.2 3.03 0.149 1.41
47.3 3.05 0.151 1.41
47.4 3.06 0.153 1.41
47.5 3.07 0.155 1.41
47.6 3.08 0.157 1.41
47.7 3.09 0.159 1.41
47.8 3.11 0.161 1.41
47.9 3.12 0.162 1.41
48.0 3.13 0.162 1.41
48.1 3.14 0.159 1.41
48.2 3.15 0.154 1.41
48.3 3.17 0.156 1.41
48.4 3.18 0.163 1.4
48.5 3.19 0.168 1.4
48.6 3.21 0.173 1.4
48.7 3.22 0.176 1.4
48.8 3.23 0.177 1.4
48.9 3.24 0.177 1.4
49.0 3.26 0.177 1.4
49.1 3.27 0.178 1.4
49.2 3.28 0.178 1.4
49.3 3.29 0.179 1.39
49.4 3.31 0.184 1.39
49.5 3.32 0.191 1.39
49.6 3.34 0.195 1.38
49.7 3.35 0.196 1.38
49.8 3.36 0.197 1.38
49.9 3.37 0.198 1.38
