0.0 1.67 1.0
0.1 1.14 1.0
0.2 1.69 1.0
0.3 1.16 1.0
0.4 1.64 1.0
0.5 1.07 1.0
0.6 1.65 1.0
0.7 1.07 1.0
0.8 1.63 1.0
0.9 1.07 1.0
1.0 1.61 1.0
1.1 1.09 1.0
1.2 1.66 1.0
1.3 1.17 1.0
1.4 1.73 1.0
1.5 1.1 1.0
1.6 1.62 1.0
1.7 1.07 1.0
1.8 1.1 1.0
1.9 1.65 1.0
2.0 1.11 1.0
2.1 1.07 1.0
2.2 1.08 1.0
2.3 1.09 1.0
2.4 1.13 1.0
2.5 1.62 1.0
2.6 1.6 1.0
2.7 1.62 1.0
2.8 1.63 1.0
2.9 1.63 1.0
3.0 1.6 1.0
3.1 1.61 1.0
3.2 1.61 1.0
3.3 1.64 1.0
3.4 1.61 1.0
3.5 1.61 1.0
3.6 1.63 1.0
3.7 1.64 1.0
3.8 1.65 1.0
3.9 1.61 1.0
4.0 1.69 1.0
4.1 1.62 1.0
4.2 1.63 1.0
4.3 1.68 1.0
4.4 1.6 1.0
4.5 1.64 1.0
4.6 1.76 1.0
4.7 2.63 1.0
4.8 4.52 1.0
4.9 3.65 1.0
5.0 1.72 1.0
5.1 1.66 1.0
5.2 2.3 1.0
5.3 2.28 1.0
5.4 1.75 1.0
5.5 2.25 1.0
5.6 2.17 1.0
5.7 2.35 1.0
5.8 4.67 1.0
5.9 2.27 1.0
6.0 2.27 1.0
6.1 1.28 1.0
6.2 2.45 1.0
6.3 1.24 1.0
6.4 2.36 1.0
6.5 1.15 1.0
6.6 1.13 1.0
6.7 1.28 1.0
6.8 1.23 1.0
6.9 4.92 1.0
7.0 1.62 1.0
7.1 2.13 1.0
7.2 2.16 1.0
7.3 2.15 1.0
7.4 2.13 1.0
7.5 1.73 1.0
7.6 2.28 1.0
7.7 2.4 1.0
7.8 2.32 1.0
7.9 2.33 1.0
8.0 2.19 1.0
8.1 2.27 1.0
8.2 4.62 1.0
8.3 2.43 1.0
8.4 2.13 1.0
8.5 1.74 1.0
8.6 1.88 1.0
8.7 1.76 1.0
8.8 1.33 1.0
8.9 1.29 1.0
9.0 1.91 1.0
9.1 1.62 1.0
9.2 1.59 1.0
9.3 1.55 1.0
9.4 6.61 1.0
9.5 1.55 1.0
9.6 8.04 1.0
9.7 5.19 1.0
9.8 3.29 1.0
9.9 5.64 1.0
10.0 2.16 1.0
10.1 3.31 1.0
10.2 2.26 1.0
10.3 3.25 1.0
10.4 2.7 1.0
10.5 3.49 1.0
10.6 2.87 1.0
10.7 4.19 1.0
10.8 2.2 1.0
10.9 3.93 1.0
11.0 4.0 1.0
11.1 2.41 1.0
11.2 4.08 1.0
11.3 2.83 1.0
11.4 2.8 1.0
11.5 3.37 1.0
11.6 2.73 1.0
11.7 1.08 1.0
11.8 2.65 1.0
11.9 2.13 1.0
12.0 1.07 1.0
12.1 2.15 1.0
12.2 2.18 1.0
12.3 4.04 1.0
12.4 4.42 1.0
12.5 1.58 1.0
12.6 3.41 1.0
12.7 3.4 1.0
12.8 1.61 1.0
12.9 1.11 1.0
13.0 1.06 1.0
13.1 1.09 1.0
13.2 1.64 1.0
13.3 1.06 1.0
13.4 1.07 1.0
13.5 1.07 1.0
13.6 1.08 1.0
13.7 1.07 1.0
13.8 1.64 1.0
13.9 1.08 1.0
14.0 1.65 1.0
14.1 3.62 1.0
14.2 2.27 1.0
14.3 6.98 1.0
14.4 3.35 1.0
14.5 2.15 1.0
14.6 6.67 1.0
14.7 2.16 1.0
14.8 2.69 1.0
14.9 2.15 1.0
15.0 2.35 1.0
15.1 13.9 1.0
15.2 4.96 1.0
15.3 60.4 1.0
15.4 11.9 1.0
15.5 4.67 1.0
15.6 7.43 1.0
15.7 16.8 1.0
15.8 8.79 1.0
15.9 5.52 1.0
16.0 4.34 1.0
16.1 7.19 1.0
16.2 5.06 1.0
16.3 4.14 1.0
16.4 11.4 1.0
16.5 4.56 1.0
16.6 4.84 1.0
16.7 15.6 1.0
16.8 12.5 1.0
16.9 10.4 1.0
17.0 4.28 1.0
17.1 7.7 1.0
17.2 6.99 1.0
17.3 4.51 1.0
17.4 7.69 1.0
17.5 2.19 1.0
17.6 19.7 1.0
17.7 4.1 1.0
17.8 5.9 1.0
17.9 1.68 1.0
18.0 1.61 1.0
18.1 2.72 1.0
18.2 4.26 1.0
18.3 3.27 1.0
18.4 6.2 1.0
18.5 4.93 1.0
18.6 7.75 1.0
18.7 8.3 1.0
18.8 5.4 1.0
18.9 5.8 1.0
19.0 3.43 1.0
19.1 7.05 1.0
19.2 5.04 1.0
19.3 2.17 1.0
19.4 3.27 1.0
19.5 4.33 1.0
19.6 2.76 1.0
19.7 7.45 1.0
19.8 3.29 1.0
19.9 3.79 1.0
20.0 4.66 1.0
20.1 4.87 1.0
20.2 3.17 1.0
20.3 4.17 1.0
20.4 6.97 1.0
20.5 2.82 1.0
20.6 1.65 1.0
20.7 2.71 1.0
20.8 2.79 1.0
20.9 8.05 1.0
21.0 1.69 1.0
21.1 5.1 1.0
21.2 5.51 1.0
21.3 3.29 1.0
21.4 6.89 1.0
21.5 14.0 1.0
21.6 2.69 1.0
21.7 2.82 1.0
21.8 4.37 1.0
21.9 4.03 1.0
22.0 3.78 1.0
22.1 5.15 1.0
22.2 2.7 1.0
22.3 4.31 1.0
22.4 2.17 1.0
22.5 8.8 1.0
22.6 1.89 1.0
22.7 4.49 1.0
22.8 3.27 1.0
22.9 1.6 1.0
23.0 10.1 1.0
23.1 2.16 1.0
23.2 2.69 1.0
23.3 5.89 1.0
23.4 9.84 1.0
23.5 7.07 1.0
23.6 1.61 1.0
23.7 3.08 1.0
23.8 18.2 1.0
23.9 2.65 1.0
24.0 58.5 1.0
24.1 6.48 1.0
24.2 6.06 1.0
24.3 3.19 1.0
24.4 2.65 1.0
24.5 2.66 1.0
24.6 2.69 1.0
24.7 3.75 1.0
24.8 3.56 1.0
24.9 1.61 1.0
25.0 1.6 1.0
25.1 1.63 1.0
25.2 1.69 1.0
25.3 3.58 1.0
25.4 3.45 1.0
25.5 2.78 1.0
25.6 2.14 1.0
25.7 4.43 1.0
25.8 1.77 1.0
25.9 2.17 1.0
26.0 1.6 1.0
26.1 1.59 1.0
26.2 3.66 1.0
26.3 1.79 1.0
26.4 1.6 1.0
26.5 1.6 1.0
26.6 1.6 1.0
26.7 1.93 1.0
26.8 3.12 1.0
26.9 2.15 1.0
27.0 1.59 1.0
27.1 1.71 1.0
27.2 2.35 1.0
27.3 3.4 1.0
27.4 1.6 1.0
27.5 1.6 1.0
27.6 1.65 1.0
27.7 1.6 1.0
27.8 2.88 1.0
27.9 4.99 1.0
28.0 2.68 1.0
28.1 3.74 1.0
28.2 3.09 1.0
28.3 2.11 1.0
28.4 2.12 1.0
28.5 1.72 1.0
28.6 4.27 1.0
28.7 2.69 1.0
28.8 1.64 1.0
28.9 2.16 1.0
29.0 5.13 1.0
29.1 6.86 1.0
29.2 2.91 1.0
29.3 3.31 1.0
29.4 3.87 1.0
29.5 2.51 1.0
29.6 2.04 1.0
29.7 2.85 1.0
29.8 2.76 1.0
29.9 4.59 1.0
30.0 2.72 1.0
30.1 2.83 1.0
30.2 4.72 1.0
30.3 1.78 1.0
30.4 3.05 1.0
30.5 2.02 1.0
30.6 3.02 1.0
30.7 1.15 1.0
30.8 1.28 1.0
30.9 1.15 1.0
31.0 1.65 1.0
31.1 5.64 1.0
31.2 2.9 1.0
31.3 1.75 1.0
31.4 1.54 1.0
31.5 1.42 1.0
31.6 3.27 1.0
31.7 2.08 1.0
31.8 1.46 1.0
31.9 1.14 1.0
32.0 1.17 1.0
32.1 1.29 1.0
32.2 1.21 1.0
32.3 1.79 1.0
32.4 2.98 1.0
32.5 2.89 1.0
32.6 6.87 1.0
32.7 8.76 1.0
32.8 8.61 1.0
32.9 4.75 1.0
33.0 10.3 1.0
33.1 5.65 1.0
33.2 10.7 1.0
33.3 8.11 1.0
33.4 8.07 1.0
33.5 16.0 1.0
33.6 5.79 1.0
33.7 3.43 1.0
33.8 5.82 1.0
33.9 5.17 1.0
34.0 5.75 1.0
34.1 4.7 1.0
34.2 5.79 1.0
34.3 4.6 1.0
34.4 3.95 1.0
34.5 4.0 1.0
34.6 2.28 1.0
34.7 4.46 1.0
34.8 2.4 1.0
34.9 2.35 1.0
35.0 7.92 1.0
35.1 2.59 1.0
35.2 2.88 1.0
35.3 2.89 1.0
35.4 1.43 1.0
35.5 3.11 1.0
35.6 1.15 1.0
35.7 1.18 1.0
35.8 1.19 1.0
35.9 1.24 1.0
36.0 2.39 1.0
36.1 1.97 1.0
36.2 1.17 1.0
36.3 1.22 1.0
36.4 1.2 1.0
36.5 1.86 1.0
36.6 2.05 1.0
36.7 1.17 1.0
36.8 1.34 1.0
36.9 1.21 1.0
37.0 2.67 1.0
37.1 2.21 1.0
37.2 1.2 1.0
37.3 1.21 1.0
37.4 1.16 1.0
37.5 1.63 1.0
37.6 2.99 1.0
37.7 2.15 1.0
37.8 1.21 1.0
37.9 1.13 1.0
38.0 1.18 1.0
38.1 1.13 1.0
38.2 2.02 1.0
38.3 3.65 1.0
38.4 1.19 1.0
38.5 1.15 1.0
38.6 1.14 1.0
38.7 1.13 1.0
38.8 1.17 1.0
38.9 1.15 1.0
39.0 1.2 1.0
39.1 1.2 1.0
39.2 1.17 1.0
39.3 1.17 1.0
39.4 1.13 1.0
39.5 1.19 1.0
39.6 1.2 1.0
39.7 1.2 1.0
39.8 1.29 1.0
39.9 1.17 1.0
40.0 1.14 1.0
40.1 1.15 1.0
40.2 1.19 1.0
40.3 1.12 1.0
40.4 1.18 1.0
40.5 1.12 1.0
40.6 1.13 1.0
40.7 1.28 1.0
40.8 1.21 1.0
40.9 1.17 1.0
41.0 1.27 1.0
41.1 1.22 1.0
41.2 1.21 1.0
41.3 4.35 1.0
41.4 3.02 1.0
41.5 2.96 1.0
41.6 2.94 1.0
41.7 2.43 1.0
41.8 3.47 1.0
41.9 2.87 1.0
42.0 2.31 1.0
42.1 5.37 1.0
42.2 2.96 1.0
42.3 3.51 1.0
42.4 4.51 1.0
42.5 4.39 1.0
42.6 4.54 1.0
42.7 5.26 1.0
42.8 8.0 1.0
42.9 3.99 1.0
43.0 1.69 1.0
43.1 2.28 1.0
43.2 2.95 1.0
43.3 2.16 1.0
43.4 2.29 1.0
43.5 1.41 1.0
43.6 2.77 1.0
43.7 1.46 1.0
43.8 2.88 1.0
43.9 1.4 1.0
44.0 1.8 1.0
44.1 4.43 1.0
44.2 1.56 1.0
44.3 1.56 1.0
44.4 4.04 1.0
44.5 1.14 1.0
44.6 1.13 1.0
44.7 1.83 1.0
44.8 1.16 1.0
44.9 1.14 1.0
45.0 1.6 1.0
45.1 1.11 1.0
45.2 1.18 1.0
45.3 1.32 1.0
45.4 1.25 1.0
45.5 1.8 1.0
45.6 1.23 1.0
45.7 1.12 1.0
45.8 1.14 1.0
45.9 1.16 1.0
46.0 1.17 1.0
46.1 1.14 1.0
46.2 1.16 1.0
46.3 1.18 1.0
46.4 1.14 1.0
46.5 1.15 1.0
46.6 1.2 1.0
46.7 1.19 1.0
46.8 1.22 1.0
46.9 2.93 1.0
47.0 1.18 1.0
47.1 2.94 1.0
47.2 1.18 1.0
47.3 2.47 1.0
47.4 1.22 1.0
47.5 2.34 1.0
47.6 2.33 1.0
47.7 2.28 1.0
47.8 2.35 1.0
47.9 2.3 1.0
48.0 2.32 1.0
48.1 2.34 1.0
48.2 4.05 1.0
48.3 2.31 1.0
48.4 2.31 1.0
48.5 2.32 1.0
48.6 4.18 1.0
48.7 1.73 1.0
48.8 2.38 1.0
48.9 1.74 1.0
49.0 3.52 1.0
49.1 1.88 1.0
49.2 1.82 1.0
49.3 3.5 1.0
49.4 1.76 1.0
49.5 1.71 1.0
49.6 3.48 1.0
49.7 1.68 1.0
49.8 1.71 1.0
49.9 1.75 1.0
