0.0 0.0 -8.7e-17 0.0011 0.0011
0.1 0.0 -6.72e-16 0.00209 0.00209
0.2 -2.97e-07 -2.4e-15 0.00298 0.00298
0.3 -4.91e-07 -6.38e-15 0.00377 0.00377
0.4 -7.09e-07 -1.31e-14 0.00448 0.00448
0.5 -1.13e-06 -2.29e-14 0.00512 0.00512
0.6 -1.74e-06 -3.59e-14 0.00569 0.00569
0.7 -2.66e-06 -5.22e-14 0.0062 0.0062
0.8 -3.79e-06 -7.17e-14 0.00665 0.00665
0.9 -5.28e-06 -9.44e-14 0.00706 0.00706
1.0 -7.11e-06 -1.2e-13 0.00743 0.00743
1.1 -9.32e-06 -1.49e-13 0.00776 0.00776
1.2 -1.2e-05 -1.8e-13 0.00805 0.00805
1.3 -1.54e-05 -2.14e-13 0.00831 0.00831
1.4 -1.92e-05 -2.51e-13 0.00854 0.00854
1.5 -2.34e-05 -2.88e-13 0.00875 0.00875
1.6 -2.81e-05 -3.28e-13 0.00893 0.00893
1.7 -3.35e-05 -3.69e-13 0.0091 0.0091
1.8 -3.95e-05 -4.1e-13 0.00924 0.00924
1.9 -4.63e-05 -4.52e-13 0.00937 0.00937
2.0 -5.42e-05 -4.95e-13 0.00949 0.00949
2.1 -6.25e-05 -5.37e-13 0.00959 0.00959
2.2 -7.19e-05 -5.78e-13 0.00968 0.00968
2.3 -8.21e-05 -2.33e-11 0.00976 0.00976
2.4 -9.33e-05 -2.48e-11 0.00983 0.00984
2.5 -0.000105 -2.62e-11 0.0099 0.0099
2.6 -0.000118 -2.76e-11 0.00994 0.00994
2.7 -0.000132 -2.88e-11 0.00997 0.00997
2.8 -0.000147 -3.01e-11 0.01 0.01
2.9 -0.000164 -3.13e-11 0.01 0.01
3.0 -0.000181 -3.24e-11 0.0101 0.0101
3.1 -0.0002 -3.34e-11 0.0101 0.0101
3.2 -0.000219 -3.45e-11 0.0101 0.0101
3.3 -0.00024 -8.07e-11 0.0101 0.0101
3.4 -0.000263 -8.46e-11 0.0101 0.0101
3.5 -0.000286 -8.83e-11 0.0101 0.0101
3.6 -0.000311 -9.18e-11 0.0101 0.0101
3.7 -0.000338 -9.52e-11 0.0102 0.0102
3.8 -0.000366 -9.84e-11 0.0102 0.0102
3.9 -0.000396 -1.01e-10 0.0102 0.0102
4.0 -0.000426 -1.04e-10 0.0102 0.0102
4.1 -0.000459 -1.98e-10 0.0102 0.0102
4.2 -0.000493 -2.06e-10 0.0102 0.0102
4.3 -0.00053 -2.15e-10 0.0102 0.0102
4.4 -0.000568 -2.22e-10 0.0102 0.0102
4.5 -0.000623 -2.3e-10 0.0102 0.0103
4.6 -0.000687 -2.37e-10 0.0103 0.0103
4.7 -0.000761 -2.44e-10 0.0103 0.0103
4.8 -0.000845 -2.5e-10 0.0103 0.0103
4.9 -0.00101 -2.57e-10 0.0103 0.0104
5.0 -0.00112 -2.63e-10 0.0103 0.0104
5.1 -0.00123 -2.69e-10 0.0104 0.0104
5.2 -0.00147 -2.74e-10 0.0104 0.0105
5.3 -0.00173 -2.8e-10 0.0105 0.0106
5.4 -0.00204 -2.85e-10 0.0105 0.0107
5.5 -0.00238 -2.9e-10 0.0106 0.0108
5.6 -0.00275 -1.1e-09 0.0107 0.011
5.7 -0.00314 -1.16e-09 0.0107 0.0112
5.8 -0.00365 -1.22e-09 0.0108 0.0114
5.9 -0.00389 -1.27e-09 0.0109 0.0116
6.0 -0.00439 -1.32e-09 0.011 0.0118
6.1 -0.00458 -1.37e-09 0.011 0.0119
6.2 -0.00506 -1.41e-09 0.0111 0.0122
6.3 -0.00526 -1.45e-09 0.0112 0.0124
6.4 -0.00581 -1.5e-09 0.0113 0.0127
6.5 -0.00603 -1.54e-09 0.0113 0.0128
6.6 -0.00625 -1.57e-09 0.0114 0.013
6.7 -0.00654 -1.61e-09 0.0115 0.0132
6.8 -0.0147 -1.65e-09 0.0149 0.0209
6.9 -0.0447 -1.68e-09 0.0276 0.0525
7.0 -0.0543 -1.71e-09 0.0318 0.0629
7.1 -0.0718 -1.75e-09 0.0394 0.0819
7.2 -0.0905 -1.78e-09 0.0476 0.102
7.3 -0.108 -1.81e-09 0.0553 0.122
7.4 -0.126 -1.84e-09 0.0631 0.141
7.5 -0.141 -1.86e-09 0.0697 0.158
7.6 -0.159 -1.89e-09 0.0775 0.177
7.7 -0.176 -1.92e-09 0.0851 0.196
7.8 -0.194 -1.95e-09 0.0929 0.215
7.9 -0.212 -1.98e-09 0.101 0.234
8.0 -0.229 -2e-09 0.108 0.253
8.1 -0.246 -2.02e-09 0.116 0.272
8.2 -0.264 -2.05e-09 0.124 0.291
8.3 -0.281 -2.07e-09 0.131 0.31
8.4 -0.298 -2.09e-09 0.139 0.328
8.5 -0.314 -2.11e-09 0.146 0.347
8.6 -0.331 -2.13e-09 0.153 0.365
8.7 -0.347 -2.15e-09 0.16 0.382
8.8 -0.362 -2.16e-09 0.167 0.398
8.9 -0.377 -2.18e-09 0.174 0.415
9.0 -0.393 -2.2e-09 0.18 0.432
9.1 -0.408 -2.22e-09 0.187 0.449
9.2 -0.423 -2.23e-09 0.194 0.465
9.3 -0.438 -2.25e-09 0.2 0.481
9.4 -0.479 -2.27e-09 0.221 0.528
9.5 -0.49 -2.29e-09 0.226 0.54
9.6 -0.49 -2.3e-09 0.225 0.54
9.7 -0.495 -2.32e-09 0.227 0.544
9.8 -0.51 -2.34e-09 0.234 0.561
9.9 -0.543 -2.36e-09 0.248 0.597
10.0 -0.556 -2.38e-09 0.253 0.611
10.1 -0.575 -2.4e-09 0.262 0.632
10.2 -0.593 -2.42e-09 0.27 0.652
10.3 -0.61 -2.44e-09 0.277 0.67
10.4 -0.621 -2.46e-09 0.282 0.681
10.5 -0.637 -2.48e-09 0.289 0.7
10.6 -0.645 -2.5e-09 0.292 0.708
10.7 -0.652 -2.52e-09 0.295 0.716
10.8 -0.66 -2.74e-09 0.299 0.725
10.9 -0.657 -2.78e-09 0.298 0.721
11.0 -0.646 -2.81e-09 0.295 0.71
11.1 -0.646 -2.84e-09 0.296 0.71
11.2 -0.63 -2.87e-09 0.292 0.695
11.3 -0.627 -2.91e-09 0.292 0.691
11.4 -0.613 -2.94e-09 0.29 0.678
11.5 -0.607 -2.97e-09 0.289 0.672
11.6 -0.596 -2.99e-09 0.287 0.661
11.7 -0.593 -3.02e-09 0.287 0.659
11.8 -0.56 -3.05e-09 0.28 0.626
11.9 -0.559 -3.08e-09 0.281 0.626
12.0 -0.559 -3.11e-09 0.282 0.626
12.1 -0.551 7.73e-07 0.201 0.587
12.2 -0.539 2.94e-06 0.121 0.552
12.3 -0.481 7.83e-06 0.0672 0.485
12.4 -0.434 1.3e-05 0.0186 0.435
12.5 -0.397 1.96e-05 -0.00417 0.397
12.6 -0.341 2.91e-05 -0.0202 0.341
12.7 -0.33 3.62e-05 -0.0316 0.332
12.8 -0.321 4.26e-05 -0.042 0.324
12.9 -0.312 4.83e-05 -0.0515 0.316
13.0 -0.304 5.33e-05 -0.0602 0.31
13.1 -0.297 5.75e-05 -0.0683 0.305
13.2 -0.29 6.11e-05 -0.0755 0.3
13.3 -0.284 6.4e-05 -0.0824 0.296
13.4 -0.278 6.62e-05 -0.0886 0.292
13.5 -0.273 6.79e-05 -0.0945 0.289
13.6 -0.268 6.89e-05 -0.0998 0.286
13.7 -0.264 6.95e-05 -0.105 0.284
13.8 -0.26 6.96e-05 -0.11 0.282
13.9 -0.256 6.93e-05 -0.114 0.281
14.0 -0.253 6.85e-05 -0.118 0.279
14.1 -0.25 6.73e-05 -0.127 0.28
14.2 -0.247 6.61e-05 -0.134 0.281
14.3 -0.245 6.9e-05 -0.183 0.306
14.4 -0.242 6.75e-05 -0.19 0.308
14.5 -0.24 6.53e-05 -0.197 0.31
14.6 -0.238 6.69e-05 -0.203 0.313
14.7 -0.236 6.4e-05 -0.209 0.315
14.8 -0.234 6.14e-05 -0.214 0.318
14.9 -0.233 5.95e-05 -0.22 0.32
15.0 -0.232 5.86e-05 -0.225 0.323
15.1 -0.23 0.000652 -0.229 0.325
15.2 -0.229 0.00069 -0.234 0.328
15.3 -0.234 0.000119 -0.0498 0.239
15.4 -0.299 0.00811 -0.23 0.378
15.5 -0.328 0.0112 -0.235 0.404
15.6 -0.381 0.0154 -0.24 0.45
15.7 -0.406 0.0682 -0.245 0.479
15.8 -0.403 0.0831 -0.25 0.481
15.9 -0.396 0.106 -0.254 0.482
16.0 -0.391 0.133 -0.258 0.487
16.1 -0.387 0.178 -0.262 0.5
16.2 -0.382 0.245 -0.266 0.526
16.3 -0.377 0.296 -0.27 0.55
16.4 -0.382 0.407 -0.274 0.622
16.5 -0.391 0.467 -0.278 0.669
16.6 -0.385 0.489 -0.281 0.683
16.7 -0.312 0.509 -0.285 0.662
16.8 -0.25 0.529 -0.277 0.648
16.9 -0.123 0.547 -0.13 0.576
17.0 -0.0989 0.565 -0.11 0.584
17.1 -0.056 0.582 -0.0603 0.588
17.2 -0.105 0.598 -0.0173 0.608
17.3 -0.138 0.614 0.0165 0.63
17.4 -0.192 0.629 0.0485 0.659
17.5 -0.223 0.643 0.0695 0.684
17.6 -0.636 0.657 -0.0272 0.915
17.7 -0.655 0.666 -0.0166 0.934
17.8 -0.647 0.659 -0.0104 0.923
17.9 -0.658 0.66 -0.0058 0.932
18.0 -0.637 0.637 0.00167 0.901
18.1 -0.573 0.577 0.0158 0.813
18.2 -0.414 0.415 0.0497 0.589
18.3 -0.296 0.315 0.0689 0.438
18.4 -0.193 0.225 0.0826 0.308
18.5 -0.17 0.183 0.0896 0.265
18.6 -0.149 0.147 0.0965 0.23
18.7 -0.129 0.102 0.103 0.194
18.8 -0.122 0.0747 0.109 0.179
18.9 -0.117 0.0325 0.115 0.167
19.0 -0.106 0.00421 0.12 0.16
19.1 -0.106 -0.045 0.126 0.171
19.2 -0.104 -0.0918 0.131 0.191
19.3 -0.093 -0.113 0.135 0.199
19.4 -0.0861 -0.156 0.14 0.227
19.5 -0.082 -0.209 0.147 0.268
19.6 -0.0723 -0.239 0.151 0.292
19.7 -0.0722 -0.296 0.158 0.343
19.8 -0.0633 -0.329 0.162 0.372
19.9 -0.0584 -0.37 0.17 0.411
20.0 -0.0508 -0.391 0.175 0.431
20.1 -0.0215 -0.41 0.181 0.448
20.2 -0.00099 -0.415 0.181 0.452
20.3 0.0186 -0.425 0.184 0.463
20.4 0.0374 -0.457 0.229 0.512
20.5 0.0421 -0.455 0.229 0.511
20.6 0.0448 -0.456 0.231 0.513
20.7 0.0346 -0.444 0.231 0.502
20.8 0.0337 -0.435 0.233 0.495
20.9 0.00902 -0.459 0.251 0.524
21.0 0.0111 -0.445 0.25 0.51
21.1 0.0106 -0.412 0.245 0.48
21.2 -0.00298 -0.391 0.247 0.463
21.3 -0.00384 -0.354 0.241 0.428
21.4 -0.00665 -0.31 0.235 0.39
21.5 -0.0324 -0.239 0.22 0.326
21.6 -0.035 -0.168 0.208 0.27
21.7 -0.0323 -0.0964 0.197 0.221
21.8 -0.0232 -0.0422 0.188 0.194
21.9 -0.013 0.0063 0.179 0.18
22.0 -0.00654 0.065 0.169 0.181
22.1 0.00499 0.0927 0.165 0.189
22.2 0.0158 0.11 0.162 0.197
22.3 0.0188 0.142 0.157 0.212
22.4 0.0266 0.149 0.157 0.219
22.5 0.0298 0.165 0.164 0.235
22.6 0.0323 0.174 0.165 0.242
22.7 0.0338 0.167 0.164 0.236
22.8 0.0343 0.162 0.162 0.232
22.9 0.038 0.157 0.163 0.23
23.0 0.045 0.13 0.169 0.218
23.1 0.0486 0.122 0.172 0.216
23.2 0.0494 0.109 0.171 0.208
23.3 0.0464 0.0974 0.166 0.198
23.4 0.0466 0.077 0.165 0.188
23.5 0.0458 0.0596 0.162 0.179
23.6 0.0475 0.0566 0.162 0.178
23.7 0.0474 0.0536 0.16 0.175
23.8 0.0263 0.0111 0.134 0.137
23.9 0.0249 0.0103 0.129 0.132
24.0 0.0684 -0.33 0.212 0.398
24.1 0.00437 -0.0601 0.0899 0.108
24.2 -0.0247 0.058 0.0523 0.082
24.3 -0.0204 0.0624 0.0424 0.0781
24.4 -0.0138 0.0563 0.0339 0.0672
24.5 -0.00972 0.0503 0.0261 0.0575
24.6 -0.00843 0.0442 0.0187 0.0487
24.7 -0.0158 0.0317 0.00456 0.0357
24.8 -0.0157 0.0304 -0.00087 0.0342
24.9 -0.0156 0.0278 -0.00607 0.0325
25.0 -0.0162 0.0251 -0.0109 0.0318
25.1 -0.0171 0.0204 -0.0153 0.0307
25.2 -0.0183 0.0163 -0.0193 0.0312
25.3 -0.0195 0.0128 -0.0228 0.0326
25.4 -0.0217 0.0169 -0.027 0.0386
25.5 -0.023 0.00839 -0.0301 0.0388
25.6 -0.0237 0.00267 -0.0326 0.0405
25.7 -0.0245 -0.0034 -0.035 0.0429
25.8 -0.0253 -0.00833 -0.0371 0.0457
25.9 -0.0263 -0.0124 -0.0393 0.0489
26.0 -0.0272 -0.0168 -0.0413 0.0522
26.1 -0.0284 -0.0207 -0.0436 0.056
26.2 -0.0295 -0.0244 -0.0458 0.0597
26.3 -0.0307 -0.0268 -0.0481 0.0631
26.4 -0.0317 -0.0295 -0.0504 0.0664
26.5 -0.0327 -0.0318 -0.0526 0.0697
26.6 -0.0333 -0.0366 -0.0546 0.0737
26.7 -0.0337 -0.0432 -0.0563 0.0786
26.8 -0.0351 -0.0438 -0.0591 0.0815
26.9 -0.0369 -0.0433 -0.0624 0.0845
27.0 -0.0382 -0.0427 -0.0653 0.0869
27.1 -0.0395 -0.0435 -0.0686 0.0903
27.2 -0.0402 -0.0441 -0.0713 0.093
27.3 -0.0413 -0.0453 -0.0745 0.0965
27.4 -0.0424 -0.047 -0.0779 0.1
27.5 -0.0435 -0.0484 -0.0813 0.104
27.6 -0.0446 -0.0505 -0.0847 0.108
27.7 -0.0455 -0.053 -0.0881 0.112
27.8 -0.0454 -0.0613 -0.0902 0.118
27.9 -0.0499 -0.069 -0.0985 0.13
28.0 -0.0518 -0.0704 -0.104 0.136
28.1 -0.0525 -0.0693 -0.108 0.139
28.2 -0.0534 -0.0672 -0.112 0.141
28.3 -0.0529 -0.0697 -0.115 0.145
28.4 -0.0535 -0.0642 -0.119 0.145
28.5 -0.0539 -0.0599 -0.122 0.146
28.6 -0.0552 -0.0476 -0.127 0.146
28.7 -0.0567 -0.0311 -0.132 0.147
28.8 -0.0569 -0.0256 -0.135 0.149
28.9 -0.0581 -0.00836 -0.141 0.153
29.0 -0.0602 0.0147 -0.148 0.16
29.1 -0.0642 0.0698 -0.161 0.187
29.2 -0.0628 0.0844 -0.166 0.197
29.3 -0.0593 0.0989 -0.172 0.207
29.4 -0.0572 0.117 -0.178 0.22
29.5 -0.0555 0.13 -0.182 0.231
29.6 -0.0523 0.137 -0.186 0.237
29.7 -0.0453 0.143 -0.19 0.242
29.8 -0.0443 0.149 -0.193 0.248
29.9 -0.0401 0.154 -0.196 0.252
30.0 -0.0388 0.16 -0.198 0.258
30.1 -0.0296 0.164 -0.201 0.261
30.2 -0.0279 0.169 -0.204 0.266
30.3 -0.0263 0.174 -0.207 0.271
30.4 -0.0197 0.177 -0.209 0.275
30.5 -0.0178 0.181 -0.212 0.279
30.6 -0.0161 0.185 -0.214 0.283
30.7 -0.0116 0.188 -0.216 0.287
30.8 -0.00601 0.191 -0.219 0.291
30.9 -8.81e-05 0.194 -0.222 0.295
31.0 0.0058 0.196 -0.225 0.298
31.1 0.0211 0.196 -0.228 0.301
31.2 0.0242 0.199 -0.23 0.305
31.3 0.0271 0.202 -0.232 0.309
31.4 0.03 0.205 -0.235 0.313
31.5 0.0331 0.207 -0.237 0.316
31.6 0.0371 0.209 -0.239 0.32
31.7 0.0418 0.211 -0.242 0.323
31.8 0.0472 0.212 -0.244 0.327
31.9 0.0531 0.213 -0.246 0.33
32.0 0.0597 0.214 -0.249 0.334
32.1 0.0664 0.215 -0.251 0.337
32.2 0.0734 0.215 -0.254 0.34
32.3 0.0801 0.215 -0.256 0.344
32.4 0.0883 0.214 -0.263 0.35
32.5 0.0912 0.214 -0.272 0.358
32.6 0.0932 0.209 -0.317 0.391
32.7 0.0998 0.193 -0.323 0.389
32.8 0.105 0.187 -0.328 0.392
32.9 0.108 0.182 -0.333 0.395
33.0 0.103 0.165 -0.338 0.39
33.1 0.104 0.16 -0.343 0.392
33.2 0.0908 0.139 -0.347 0.385
33.3 0.0819 0.126 -0.352 0.382
33.4 0.0758 0.115 -0.356 0.382
33.5 0.0576 0.102 -0.36 0.379
33.6 0.0575 0.096 -0.364 0.381
33.7 0.0577 0.0915 -0.367 0.383
33.8 0.059 0.085 -0.371 0.385
33.9 0.0578 0.081 -0.374 0.387
34.0 0.059 0.0758 -0.377 0.389
34.1 0.0599 0.0714 -0.38 0.391
34.2 0.0608 0.0666 -0.382 0.393
34.3 0.0613 0.0625 -0.38 0.39
34.4 0.0625 0.0583 -0.377 0.386
34.5 0.0636 0.0542 -0.371 0.38
34.6 0.0649 0.0508 -0.367 0.376
34.7 0.0673 0.0463 -0.357 0.366
34.8 0.0684 0.0433 -0.347 0.356
34.9 0.0714 0.0394 -0.332 0.342
35.0 0.0725 0.036 -0.308 0.318
35.1 0.0733 0.0336 -0.28 0.292
35.2 0.0748 0.0307 -0.245 0.258
35.3 0.0755 0.0285 -0.202 0.218
35.4 0.0765 0.0264 -0.154 0.174
35.5 0.0772 0.0244 -0.101 0.129
35.6 0.0781 0.0225 -0.0475 0.0942
35.7 0.079 0.0207 0.00293 0.0818
35.8 0.0799 0.019 0.0479 0.0951
35.9 0.0809 0.0174 0.0845 0.118
36.0 0.0818 0.0159 0.112 0.139
36.1 0.0827 0.0145 0.129 0.154
36.2 0.0836 0.0131 0.137 0.161
36.3 0.0844 0.0118 0.136 0.161
36.4 0.0853 0.0105 0.129 0.155
36.5 0.0862 0.00932 0.117 0.146
36.6 0.0871 0.00815 0.102 0.134
36.7 0.0879 0.00704 0.0841 0.122
36.8 0.0888 0.00597 0.0651 0.11
36.9 0.0896 0.00494 0.0458 0.101
37.0 0.0905 0.00394 0.0269 0.0945
37.1 0.0914 0.00297 0.00891 0.0919
37.2 0.0923 0.00204 -0.00767 0.0926
37.3 0.0931 0.00113 -0.0226 0.0958
37.4 0.094 0.000244 -0.0355 0.1
37.5 0.0949 -0.000615 -0.0462 0.106
37.6 0.0958 -0.00146 -0.0547 0.11
37.7 0.0967 -0.00228 -0.0608 0.114
37.8 0.0989 -0.00613 -0.0619 0.117
37.9 0.102 -0.0118 -0.0591 0.119
38.0 0.106 -0.018 -0.0537 0.12
38.1 0.11 -0.0246 -0.0461 0.121
38.2 0.114 -0.0313 -0.037 0.124
38.3 0.118 -0.0382 -0.0268 0.127
38.4 0.122 -0.0451 -0.0161 0.131
38.5 0.127 -0.0521 -0.00543 0.137
38.6 0.132 -0.059 0.00481 0.144
38.7 0.137 -0.066 0.0142 0.152
38.8 0.141 -0.0729 0.0223 0.161
38.9 0.146 -0.0798 0.0291 0.169
39.0 0.152 -0.0866 0.0343 0.178
39.1 0.157 -0.0935 0.038 0.186
39.2 0.162 -0.1 0.0402 0.195
39.3 0.167 -0.107 0.0411 0.203
39.4 0.173 -0.114 0.0408 0.211
39.5 0.179 -0.121 0.0395 0.219
39.6 0.184 -0.128 0.0375 0.227
39.7 0.19 -0.134 0.0349 0.236
39.8 0.197 -0.141 0.032 0.244
39.9 0.203 -0.148 0.0289 0.253
40.0 0.209 -0.155 0.0258 0.262
40.1 0.216 -0.162 0.0228 0.271
40.2 0.223 -0.169 0.02 0.28
40.3 0.229 -0.176 0.0176 0.289
40.4 0.236 -0.182 0.0155 0.299
40.5 0.244 -0.189 0.0138 0.309
40.6 0.251 -0.196 0.0125 0.319
40.7 0.258 -0.203 0.0117 0.328
40.8 0.266 -0.209 0.0112 0.338
40.9 0.273 -0.216 0.0112 0.349
41.0 0.281 -0.223 0.0115 0.359
41.1 0.288 -0.229 0.0119 0.368
41.2 0.296 -0.235 0.012 0.378
41.3 0.314 -0.244 0.0347 0.399
41.4 0.314 -0.245 0.0329 0.4
41.5 0.315 -0.246 0.0304 0.401
41.6 0.317 -0.247 0.0274 0.403
41.7 0.319 -0.249 0.0242 0.405
41.8 0.319 -0.249 0.0207 0.405
41.9 0.321 -0.25 0.0172 0.407
42.0 0.323 -0.252 0.0136 0.409
42.1 0.312 -0.242 0.0103 0.394
42.2 0.313 -0.242 0.00698 0.396
42.3 0.312 -0.241 0.00389 0.394
42.4 0.306 -0.236 0.0011 0.386
42.5 0.304 -0.234 -0.00144 0.383
42.6 0.3 -0.231 -0.00366 0.379
42.7 0.297 -0.228 -0.00556 0.374
42.8 0.293 -0.224 -0.00712 0.369
42.9 0.287 -0.219 -0.00836 0.361
43.0 0.287 -0.218 -0.00929 0.361
43.1 0.287 -0.218 -0.00991 0.36
43.2 0.286 -0.217 -0.0102 0.359
43.3 0.285 -0.216 -0.0103 0.358
43.4 0.284 -0.215 -0.0101 0.356
43.5 0.285 -0.215 -0.00974 0.357
43.6 0.284 -0.214 -0.00915 0.356
43.7 0.284 -0.215 -0.0084 0.356
43.8 0.284 -0.214 -0.00754 0.356
43.9 0.284 -0.214 -0.00657 0.356
44.0 0.285 -0.215 -0.00555 0.357
44.1 0.282 -0.212 -0.00451 0.353
44.2 0.282 -0.212 -0.00345 0.353
44.3 0.283 -0.213 -0.00242 0.354
44.4 0.284 -0.213 -0.00143 0.355
44.5 0.284 -0.214 -0.000498 0.356
44.6 0.285 -0.214 0.000344 0.357
44.7 0.286 -0.215 0.00109 0.357
44.8 0.287 -0.215 0.00176 0.359
44.9 0.288 -0.216 0.00232 0.36
45.0 0.288 -0.217 0.00277 0.361
45.1 0.289 -0.218 0.00311 0.362
45.2 0.29 -0.218 0.00333 0.363
45.3 0.291 -0.219 0.00346 0.365
45.4 0.292 -0.22 0.0035 0.366
45.5 0.293 -0.221 0.00346 0.367
45.6 0.293 -0.221 0.00335 0.367
45.7 0.289 -0.22 0.00318 0.363
45.8 0.284 -0.219 0.00295 0.359
45.9 0.279 -0.218 0.00268 0.354
46.0 0.275 -0.218 0.00238 0.35
46.1 0.27 -0.218 0.00205 0.347
46.2 0.266 -0.218 0.00171 0.344
46.3 0.262 -0.219 0.00138 0.342
46.4 0.259 -0.22 0.00104 0.34
46.5 0.255 -0.221 0.000734 0.337
46.6 0.227 -0.211 0.000426 0.31
46.7 0.192 -0.2 0.000154 0.278
46.8 0.17 -0.195 -0.000108 0.259
46.9 0.124 -0.184 -0.000634 0.222
47.0 0.117 -0.183 -0.000822 0.217
47.1 0.113 -0.181 -0.00116 0.213
47.2 0.107 -0.18 -0.00127 0.209
47.3 0.103 -0.178 -0.00148 0.205
47.4 0.0976 -0.177 -0.00154 0.202
47.5 0.0935 -0.176 -0.00162 0.199
47.6 0.0899 -0.174 -0.00166 0.196
47.7 0.0864 -0.173 -0.00167 0.194
47.8 0.0831 -0.172 -0.00165 0.191
47.9 0.08 -0.171 -0.0016 0.189
48.0 0.077 -0.171 -0.00152 0.187
48.1 0.0742 -0.17 -0.00142 0.185
48.2 0.0716 -0.169 -0.00129 0.184
48.3 0.0691 -0.169 -0.00115 0.182
48.4 0.0668 -0.168 -0.00102 0.181
48.5 0.0646 -0.168 -0.000885 0.18
48.6 0.0649 -0.166 -0.0011 0.178
48.7 0.0631 -0.166 -0.000974 0.177
48.8 0.0613 -0.165 -0.000831 0.176
48.9 0.0596 -0.165 -0.000705 0.175
49.0 0.0601 -0.164 -0.00085 0.174
49.1 0.0585 -0.163 -0.000723 0.174
49.2 0.057 -0.163 -0.000595 0.173
49.3 0.0573 -0.162 -0.000695 0.172
49.4 0.0561 -0.162 -0.000584 0.171
49.5 0.055 -0.162 -0.000494 0.171
49.6 0.0558 -0.161 -0.000663 0.17
49.7 0.0548 -0.161 -0.000556 0.17
49.8 0.0538 -0.16 -0.000446 0.169
49.9 0.0529 -0.16 -0.000336 0.169
