0.0 2.41 2.46 3.0
0.1 2.41 2.46 2.97
0.2 2.41 2.47 2.94
0.3 2.42 2.47 2.89
0.4 2.43 2.48 2.85
0.5 2.44 2.49 2.81
0.6 2.45 2.5 2.77
0.7 2.46 2.51 2.74
0.8 2.47 2.52 2.72
0.9 2.47 2.52 2.7
1.0 2.47 2.53 2.68
1.1 2.47 2.53 2.67
1.2 2.48 2.53 2.67
1.3 2.5 2.55 2.67
1.4 2.53 2.56 2.68
1.5 2.55 2.58 2.7
1.6 2.57 2.6 2.71
1.7 2.58 2.61 2.72
1.8 2.58 2.61 2.73
1.9 2.59 2.62 2.75
2.0 2.6 2.63 2.77
2.1 2.6 2.64 2.78
2.2 2.61 2.65 2.8
2.3 2.62 2.66 2.83
2.4 2.64 2.69 2.86
2.5 2.65 2.7 2.89
2.6 2.66 2.71 2.91
2.7 2.66 2.72 2.93
2.8 2.67 2.73 2.95
2.9 2.67 2.74 2.98
3.0 2.68 2.75 2.99
3.1 2.68 2.76 3.01
3.2 2.69 2.77 3.02
3.3 2.69 2.78 3.03
3.4 2.7 2.8 3.04
3.5 2.7 2.8 3.04
3.6 2.68 2.78 3.03
3.7 2.67 2.78 3.02
3.8 2.66 2.79 3.02
3.9 2.66 2.79 3.01
4.0 2.66 2.8 3.01
4.1 2.66 2.8 3.01
4.2 2.65 2.8 3.0
4.3 2.65 2.81 3.0
4.4 2.65 2.81 3.0
4.5 2.63 2.8 2.99
4.6 2.59 2.77 2.97
4.7 2.55 2.74 2.95
4.8 2.51 2.72 2.95
4.9 2.49 2.72 2.95
5.0 2.47 2.71 2.96
5.1 2.45 2.71 2.96
5.2 2.44 2.7 2.96
5.3 2.42 2.7 2.97
5.4 2.4 2.7 2.97
5.5 2.39 2.69 2.97
5.6 2.36 2.68 2.97
5.7 2.31 2.65 2.95
5.8 2.27 2.63 2.95
5.9 2.23 2.62 2.95
6.0 2.2 2.61 2.95
6.1 2.17 2.6 2.95
6.2 2.14 2.59 2.94
6.3 2.11 2.58 2.94
6.4 2.08 2.57 2.94
6.5 2.05 2.56 2.93
6.6 2.01 2.55 2.93
6.7 1.97 2.53 2.92
6.8 1.93 2.51 2.9
6.9 1.89 2.49 2.89
7.0 1.85 2.47 2.89
7.1 1.82 2.46 2.88
7.2 1.78 2.45 2.87
7.3 1.75 2.43 2.87
7.4 1.71 2.42 2.86
7.5 1.67 2.4 2.85
7.6 1.64 2.39 2.85
7.7 1.6 2.37 2.84
7.8 1.56 2.35 2.83
7.9 1.51 2.32 2.82
8.0 1.47 2.29 2.81
8.1 1.44 2.26 2.81
8.2 1.4 2.24 2.8
8.3 1.36 2.22 2.8
8.4 1.32 2.2 2.79
8.5 1.28 2.17 2.78
8.6 1.24 2.15 2.78
8.7 1.2 2.12 2.77
8.8 1.16 2.1 2.76
8.9 1.12 2.07 2.75
9.0 1.08 2.04 2.74
9.1 1.03 2.01 2.74
9.2 0.987 1.98 2.73
9.3 0.945 1.95 2.73
9.4 0.903 1.92 2.72
9.5 0.866 1.89 2.72
9.6 0.833 1.87 2.72
9.7 0.803 1.85 2.72
9.8 0.775 1.84 2.71
9.9 0.749 1.83 2.71
10.0 0.727 1.82 2.71
10.1 0.701 1.8 2.72
10.2 0.67 1.77 2.72
10.3 0.642 1.76 2.73
10.4 0.618 1.75 2.73
10.5 0.597 1.74 2.73
10.6 0.578 1.73 2.73
10.7 0.559 1.72 2.73
10.8 0.542 1.71 2.73
10.9 0.525 1.71 2.73
11.0 0.512 1.7 2.73
11.1 0.497 1.69 2.74
11.2 0.48 1.69 2.75
11.3 0.467 1.68 2.76
11.4 0.457 1.67 2.76
11.5 0.448 1.67 2.76
11.6 0.441 1.66 2.76
11.7 0.435 1.66 2.77
11.8 0.43 1.65 2.77
11.9 0.426 1.65 2.77
12.0 0.424 1.65 2.77
12.1 0.423 1.65 2.78
12.2 0.425 1.65 2.79
12.3 0.428 1.65 2.8
12.4 0.432 1.66 2.81
12.5 0.437 1.66 2.81
12.6 0.444 1.66 2.82
12.7 0.451 1.66 2.82
12.8 0.46 1.67 2.83
12.9 0.469 1.67 2.83
13.0 0.479 1.68 2.84
13.1 0.489 1.68 2.85
13.2 0.498 1.69 2.86
13.3 0.509 1.69 2.86
13.4 0.521 1.7 2.87
13.5 0.533 1.7 2.88
13.6 0.546 1.71 2.88
13.7 0.56 1.71 2.89
13.8 0.575 1.72 2.9
13.9 0.59 1.73 2.9
14.0 0.606 1.73 2.91
14.1 0.622 1.74 2.92
14.2 0.637 1.75 2.93
14.3 0.653 1.76 2.93
14.4 0.67 1.77 2.94
14.5 0.687 1.78 2.95
14.6 0.706 1.78 2.96
14.7 0.725 1.79 2.96
14.8 0.746 1.8 2.97
14.9 0.767 1.81 2.98
15.0 0.788 1.82 2.98
15.1 0.785 1.81 3.0
15.2 0.781 1.81 3.01
15.3 0.797 1.82 3.01
15.4 0.814 1.82 3.02
15.5 0.832 1.83 3.03
15.6 0.852 1.84 3.04
15.7 0.873 1.85 3.05
15.8 0.895 1.86 3.06
15.9 0.919 1.87 3.06
16.0 0.942 1.88 3.07
16.1 0.966 1.88 3.08
16.2 0.983 1.89 3.09
16.3 0.993 1.91 3.1
16.4 1.0 1.93 3.11
16.5 1.01 1.94 3.12
16.6 1.03 1.96 3.12
16.7 1.05 1.97 3.13
16.8 1.07 1.98 3.14
16.9 1.09 1.99 3.15
17.0 1.12 2.0 3.16
17.1 1.14 2.01 3.17
17.2 1.17 2.03 3.18
17.3 1.19 2.04 3.19
17.4 1.21 2.05 3.2
17.5 1.21 2.06 3.21
17.6 1.16 2.08 3.22
17.7 1.07 2.09 3.23
17.8 0.962 2.11 3.24
17.9 0.83 2.12 3.24
18.0 0.649 2.13 3.25
18.1 0.385 2.14 3.26
18.2 0.0246 2.15 3.27
18.3 -0.322 2.16 3.28
18.4 -0.456 2.16 3.28
18.5 -0.0224 2.17 3.29
18.6 0.106 2.2 3.31
18.7 -0.0839 2.23 3.32
18.8 0.0694 2.27 3.33
18.9 0.101 2.29 3.35
19.0 0.106 2.32 3.36
19.1 0.12 2.34 3.37
19.2 0.149 2.35 3.38
19.3 0.203 2.36 3.38
19.4 0.286 2.38 3.39
19.5 0.413 2.39 3.4
19.6 0.633 2.4 3.41
19.7 0.771 2.42 3.42
19.8 0.67 2.45 3.43
19.9 0.438 2.45 3.43
20.0 0.283 2.45 3.43
20.1 0.272 2.45 3.44
20.2 0.342 2.45 3.44
20.3 0.448 2.46 3.44
20.4 0.58 2.46 3.45
20.5 0.724 2.47 3.45
20.6 0.866 2.48 3.46
20.7 1.0 2.48 3.47
20.8 1.12 2.49 3.47
20.9 1.1 2.49 3.48
21.0 1.02 2.49 3.48
21.1 0.995 2.48 3.48
21.2 0.983 2.48 3.49
21.3 0.998 2.47 3.49
21.4 1.04 2.47 3.5
21.5 1.1 2.48 3.51
21.6 1.15 2.48 3.51
21.7 1.2 2.48 3.52
21.8 1.22 2.49 3.53
21.9 1.24 2.49 3.54
22.0 1.25 2.5 3.54
22.1 1.26 2.51 3.55
22.2 1.25 2.51 3.56
22.3 1.22 2.49 3.56
22.4 1.18 2.46 3.57
22.5 1.15 2.43 3.58
22.6 1.13 2.42 3.58
22.7 1.11 2.41 3.59
22.8 1.1 2.41 3.59
22.9 1.09 2.4 3.6
23.0 1.08 2.4 3.6
23.1 1.07 2.39 3.61
23.2 1.06 2.39 3.62
23.3 1.06 2.39 3.62
23.4 1.04 2.37 3.63
23.5 1.0 2.34 3.63
23.6 0.965 2.31 3.63
23.7 0.926 2.27 3.61
23.8 0.906 2.26 3.61
23.9 0.906 2.27 3.61
24.0 0.908 2.28 3.6
24.1 0.913 2.29 3.58
24.2 0.901 2.28 3.57
24.3 0.873 2.26 3.57
24.4 0.85 2.24 3.56
24.5 0.835 2.24 3.56
24.6 0.826 2.23 3.56
24.7 0.819 2.23 3.56
24.8 0.812 2.23 3.56
24.9 0.805 2.22 3.56
25.0 0.799 2.22 3.56
25.1 0.802 2.22 3.55
25.2 0.814 2.21 3.53
25.3 0.817 2.19 3.51
25.4 0.8 2.18 3.5
25.5 0.782 2.17 3.5
25.6 0.775 2.17 3.5
25.7 0.77 2.16 3.49
25.8 0.766 2.16 3.49
25.9 0.761 2.16 3.49
26.0 0.757 2.16 3.49
26.1 0.753 2.15 3.49
26.2 0.749 2.15 3.49
26.3 0.747 2.14 3.49
26.4 0.745 2.13 3.48
26.5 0.732 2.12 3.48
26.6 0.72 2.12 3.48
26.7 0.715 2.12 3.48
26.8 0.711 2.12 3.48
26.9 0.706 2.11 3.48
27.0 0.702 2.11 3.48
27.1 0.697 2.11 3.48
27.2 0.691 2.11 3.48
27.3 0.685 2.11 3.48
27.4 0.684 2.11 3.48
27.5 0.689 2.11 3.48
27.6 0.682 2.11 3.48
27.7 0.671 2.1 3.48
27.8 0.67 2.1 3.48
27.9 0.671 2.09 3.48
28.0 0.674 2.09 3.48
28.1 0.676 2.08 3.48
28.2 0.677 2.08 3.48
28.3 0.677 2.07 3.48
28.4 0.674 2.07 3.48
28.5 0.668 2.07 3.48
28.6 0.654 2.07 3.48
28.7 0.631 2.08 3.48
28.8 0.596 2.09 3.47
28.9 0.549 2.09 3.47
29.0 0.489 2.1 3.47
29.1 0.42 2.09 3.47
29.2 0.347 2.09 3.47
29.3 0.267 2.09 3.47
29.4 0.186 2.09 3.48
29.5 0.115 2.09 3.48
29.6 0.0555 2.09 3.48
29.7 0.0017 2.09 3.48
29.8 -0.0461 2.09 3.48
29.9 -0.0961 2.1 3.49
30.0 -0.135 2.1 3.49
30.1 -0.16 2.1 3.49
30.2 -0.183 2.11 3.5
30.3 -0.199 2.11 3.5
30.4 -0.196 2.12 3.51
30.5 -0.174 2.13 3.51
30.6 -0.142 2.13 3.52
30.7 -0.104 2.14 3.52
30.8 -0.0588 2.15 3.53
30.9 -0.00936 2.15 3.53
31.0 0.0428 2.16 3.54
31.1 0.0961 2.16 3.54
31.2 0.219 2.17 3.55
31.3 0.391 2.18 3.55
31.4 0.532 2.19 3.55
31.5 0.641 2.19 3.56
31.6 0.733 2.19 3.56
31.7 0.805 2.19 3.57
31.8 0.857 2.19 3.57
31.9 0.903 2.19 3.57
32.0 0.948 2.18 3.58
32.1 0.994 2.18 3.59
32.2 1.04 2.19 3.59
32.3 1.08 2.19 3.6
32.4 1.12 2.19 3.6
32.5 1.15 2.19 3.61
32.6 1.18 2.19 3.61
32.7 1.21 2.19 3.61
32.8 1.25 2.18 3.61
32.9 1.27 2.18 3.61
33.0 1.3 2.18 3.62
33.1 1.33 2.18 3.62
33.2 1.36 2.18 3.63
33.3 1.38 2.18 3.63
33.4 1.41 2.18 3.64
33.5 1.44 2.18 3.64
33.6 1.46 2.18 3.64
33.7 1.49 2.18 3.64
33.8 1.52 2.19 3.62
33.9 1.55 2.2 3.6
34.0 1.58 2.21 3.58
34.1 1.62 2.21 3.56
34.2 1.65 2.22 3.55
34.3 1.67 2.23 3.53
34.4 1.7 2.24 3.52
34.5 1.71 2.25 3.51
34.6 1.73 2.25 3.51
34.7 1.74 2.25 3.5
34.8 1.76 2.26 3.49
34.9 1.77 2.28 3.46
35.0 1.79 2.29 3.43
35.1 1.81 2.3 3.41
35.2 1.82 2.31 3.39
35.3 1.83 2.31 3.38
35.4 1.84 2.32 3.36
35.5 1.85 2.32 3.35
35.6 1.86 2.33 3.34
35.7 1.86 2.33 3.32
35.8 1.87 2.33 3.31
35.9 1.87 2.34 3.3
36.0 1.87 2.34 3.27
36.1 1.87 2.35 3.25
36.2 1.87 2.35 3.22
36.3 1.86 2.34 3.2
36.4 1.86 2.34 3.19
36.5 1.85 2.33 3.17
36.6 1.84 2.33 3.16
36.7 1.83 2.32 3.15
36.8 1.82 2.32 3.14
36.9 1.81 2.31 3.13
37.0 1.8 2.32 3.12
37.1 1.8 2.32 3.1
37.2 1.79 2.32 3.08
37.3 1.78 2.32 3.07
37.4 1.77 2.31 3.05
37.5 1.76 2.31 3.04
37.6 1.75 2.3 3.03
37.7 1.74 2.29 3.02
37.8 1.72 2.29 3.01
37.9 1.71 2.28 3.0
38.0 1.7 2.28 2.99
38.1 1.69 2.27 2.97
38.2 1.68 2.27 2.95
38.3 1.66 2.26 2.93
38.4 1.65 2.24 2.91
38.5 1.63 2.23 2.9
38.6 1.61 2.22 2.89
38.7 1.6 2.22 2.88
38.8 1.58 2.21 2.88
38.9 1.56 2.2 2.87
39.0 1.55 2.19 2.86
39.1 1.53 2.18 2.86
39.2 1.51 2.17 2.85
39.3 1.49 2.15 2.84
39.4 1.47 2.13 2.83
39.5 1.44 2.11 2.82
39.6 1.42 2.1 2.81
39.7 1.4 2.08 2.81
39.8 1.38 2.07 2.81
39.9 1.36 2.06 2.8
40.0 1.34 2.06 2.8
40.1 1.32 2.05 2.79
40.2 1.29 2.05 2.79
40.3 1.27 2.04 2.78
40.4 1.25 2.03 2.78
40.5 1.23 2.02 2.78
40.6 1.21 2.01 2.78
40.7 1.19 2.01 2.77
40.8 1.16 2.01 2.77
40.9 1.14 2.0 2.77
41.0 1.11 1.99 2.77
41.1 1.09 1.99 2.77
41.2 1.06 1.98 2.76
41.3 1.04 1.98 2.76
41.4 1.03 1.98 2.76
41.5 1.02 1.98 2.77
41.6 1.0 1.98 2.78
41.7 0.98 1.98 2.78
41.8 0.96 1.98 2.78
41.9 0.948 1.98 2.78
42.0 0.94 1.98 2.78
42.1 0.932 1.98 2.78
42.2 0.926 1.98 2.78
42.3 0.92 1.98 2.78
42.4 0.918 1.98 2.78
42.5 0.925 1.98 2.78
42.6 0.94 1.99 2.78
42.7 0.95 1.99 2.78
42.8 0.954 1.99 2.78
42.9 0.962 2.0 2.78
43.0 0.973 2.0 2.78
43.1 0.986 2.0 2.78
43.2 1.0 2.01 2.78
43.3 1.01 2.01 2.78
43.4 1.03 2.01 2.78
43.5 1.04 2.02 2.78
43.6 1.06 2.02 2.78
43.7 1.08 2.02 2.77
43.8 1.09 2.01 2.75
43.9 1.11 2.0 2.75
44.0 1.13 2.0 2.74
44.1 1.15 2.0 2.74
44.2 1.17 2.0 2.74
44.3 1.19 2.0 2.74
44.4 1.21 2.0 2.73
44.5 1.23 2.01 2.73
44.6 1.26 2.01 2.73
44.7 1.28 2.01 2.73
44.8 1.29 2.0 2.72
44.9 1.3 1.99 2.7
45.0 1.31 1.98 2.7
45.1 1.33 1.98 2.69
45.2 1.36 1.98 2.69
45.3 1.38 1.98 2.69
45.4 1.4 1.98 2.69
45.5 1.42 1.98 2.68
45.6 1.44 1.98 2.68
45.7 1.46 1.98 2.68
45.8 1.47 1.98 2.68
45.9 1.49 1.98 2.67
46.0 1.49 1.97 2.67
46.1 1.5 1.97 2.67
46.2 1.52 1.97 2.66
46.3 1.54 1.97 2.66
46.4 1.56 1.97 2.66
46.5 1.58 1.97 2.66
46.6 1.6 1.97 2.66
46.7 1.61 1.97 2.66
46.8 1.63 1.97 2.66
46.9 1.65 1.97 2.66
47.0 1.66 1.97 2.66
47.1 1.68 1.97 2.65
47.2 1.7 1.97 2.65
47.3 1.72 1.97 2.66
47.4 1.74 1.98 2.66
47.5 1.76 1.98 2.66
47.6 1.78 1.98 2.66
47.7 1.79 1.99 2.66
47.8 1.81 1.99 2.66
47.9 1.82 1.99 2.66
48.0 1.84 1.99 2.66
48.1 1.85 1.99 2.66
48.2 1.87 2.0 2.66
48.3 1.89 2.0 2.66
48.4 1.91 2.01 2.67
48.5 1.93 2.01 2.67
48.6 1.95 2.02 2.68
48.7 1.96 2.02 2.68
48.8 1.97 2.02 2.68
48.9 1.98 2.03 2.68
49.0 1.99 2.03 2.68
49.1 2.0 2.03 2.68
49.2 2.02 2.03 2.69
49.3 2.03 2.04 2.69
49.4 2.05 2.05 2.69
49.5 2.07 2.06 2.7
49.6 2.08 2.06 2.7
49.7 2.09 2.06 2.7
49.8 2.1 2.07 2.7
49.9 2.11 2.07 2.71
