0.0 4.84 4.9 4.94
0.1 4.84 4.9 4.94
0.2 4.84 4.9 4.94
0.3 4.84 4.9 4.94
0.4 4.84 4.9 4.94
0.5 4.84 4.9 4.94
0.6 4.84 4.9 4.94
0.7 4.84 4.9 4.94
0.8 4.84 4.9 4.94
0.9 4.84 4.9 4.94
1.0 4.84 4.9 4.94
1.1 4.84 4.9 4.94
1.2 4.84 4.9 4.94
1.3 4.84 4.9 4.94
1.4 4.84 4.9 4.94
1.5 4.84 4.9 4.94
1.6 4.84 4.9 4.94
1.7 4.84 4.9 4.94
1.8 4.84 4.9 4.94
1.9 4.83 4.9 4.94
2.0 4.83 4.9 4.94
2.1 4.83 4.9 4.94
2.2 4.83 4.9 4.94
2.3 4.83 4.9 4.94
2.4 4.83 4.9 4.94
2.5 4.83 4.9 4.94
2.6 4.83 4.9 4.94
2.7 4.83 4.9 4.94
2.8 4.83 4.9 4.94
2.9 4.82 4.9 4.94
3.0 4.82 4.9 4.94
3.1 4.82 4.9 4.94
3.2 4.82 4.9 4.94
3.3 4.82 4.9 4.94
3.4 4.82 4.9 4.94
3.5 4.82 4.9 4.94
3.6 4.81 4.9 4.94
3.7 4.81 4.9 4.94
3.8 4.81 4.9 4.94
3.9 4.81 4.9 4.94
4.0 4.81 4.9 4.94
4.1 4.81 4.9 4.94
4.2 4.8 4.9 4.94
4.3 4.8 4.9 4.94
4.4 4.8 4.9 4.94
4.5 4.8 4.9 4.94
4.6 4.8 4.9 4.94
4.7 4.79 4.9 4.94
4.8 4.79 4.9 4.94
4.9 4.79 4.9 4.94
5.0 4.79 4.9 4.94
5.1 4.79 4.9 4.94
5.2 4.78 4.9 4.94
5.3 4.78 4.9 4.94
5.4 4.78 4.9 4.94
5.5 4.77 4.9 4.94
5.6 4.77 4.9 4.94
5.7 4.77 4.9 4.94
5.8 4.77 4.9 4.94
5.9 4.76 4.9 4.94
6.0 4.76 4.9 4.94
6.1 4.76 4.9 4.94
6.2 4.75 4.9 4.94
6.3 4.75 4.9 4.94
6.4 4.74 4.9 4.94
6.5 4.74 4.9 4.94
6.6 4.74 4.9 4.94
6.7 4.73 4.9 4.94
6.8 4.73 4.9 4.94
6.9 4.72 4.9 4.94
7.0 4.72 4.9 4.94
7.1 4.71 4.9 4.94
7.2 4.71 4.9 4.94
7.3 4.7 4.89 4.94
7.4 4.69 4.89 4.94
7.5 4.69 4.89 4.94
7.6 4.68 4.89 4.94
7.7 4.67 4.89 4.94
7.8 4.66 4.89 4.94
7.9 4.65 4.89 4.94
8.0 4.65 4.89 4.94
8.1 4.64 4.89 4.94
8.2 4.63 4.89 4.94
8.3 4.62 4.88 4.94
8.4 4.61 4.88 4.94
8.5 4.6 4.88 4.94
8.6 4.59 4.88 4.94
8.7 4.58 4.88 4.94
8.8 4.56 4.88 4.94
8.9 4.55 4.87 4.94
9.0 4.54 4.87 4.94
9.1 4.53 4.87 4.94
9.2 4.52 4.87 4.94
9.3 4.5 4.86 4.94
9.4 4.49 4.86 4.94
9.5 4.48 4.86 4.94
9.6 4.47 4.85 4.94
9.7 4.46 4.85 4.94
9.8 4.45 4.85 4.94
9.9 4.44 4.84 4.94
10.0 4.43 4.84 4.94
10.1 4.42 4.84 4.94
10.2 4.41 4.83 4.94
10.3 4.4 4.83 4.94
10.4 4.4 4.82 4.94
10.5 4.39 4.82 4.94
10.6 4.38 4.81 4.94
10.7 4.37 4.8 4.94
10.8 4.37 4.8 4.94
10.9 4.36 4.79 4.94
11.0 4.36 4.78 4.94
11.1 4.36 4.78 4.94
11.2 4.36 4.77 4.94
11.3 4.36 4.76 4.94
11.4 4.36 4.75 4.94
11.5 4.36 4.74 4.94
11.6 4.36 4.73 4.94
11.7 4.36 4.72 4.94
11.8 4.35 4.71 4.94
11.9 4.35 4.69 4.94
12.0 4.35 4.68 4.94
12.1 4.34 4.66 4.94
12.2 4.34 4.64 4.94
12.3 4.34 4.62 4.93
12.4 4.34 4.6 4.93
12.5 4.33 4.59 4.93
12.6 4.33 4.59 4.93
12.7 4.32 4.59 4.93
12.8 4.31 4.6 4.93
12.9 4.31 4.6 4.92
13.0 4.3 4.6 4.92
13.1 4.29 4.6 4.92
13.2 4.29 4.6 4.92
13.3 4.28 4.61 4.91
13.4 4.27 4.61 4.91
13.5 4.27 4.61 4.91
13.6 4.26 4.61 4.9
13.7 4.25 4.6 4.9
13.8 4.24 4.6 4.9
13.9 4.24 4.6 4.89
14.0 4.23 4.6 4.89
14.1 4.22 4.6 4.89
14.2 4.22 4.59 4.88
14.3 4.21 4.59 4.88
14.4 4.2 4.59 4.87
14.5 4.2 4.58 4.87
14.6 4.19 4.58 4.86
14.7 4.18 4.57 4.86
14.8 4.17 4.57 4.85
14.9 4.16 4.57 4.85
15.0 4.16 4.56 4.84
15.1 4.16 4.56 4.84
15.2 4.16 4.55 4.83
15.3 4.16 4.55 4.83
15.4 4.16 4.54 4.82
15.5 4.17 4.54 4.82
15.6 4.17 4.54 4.81
15.7 4.18 4.53 4.81
15.8 4.19 4.53 4.8
15.9 4.19 4.52 4.8
16.0 4.2 4.52 4.79
16.1 4.2 4.52 4.79
16.2 4.19 4.52 4.78
16.3 4.16 4.52 4.78
16.4 4.12 4.52 4.77
16.5 4.06 4.52 4.77
16.6 3.98 4.52 4.76
16.7 3.85 4.52 4.76
16.8 3.68 4.53 4.75
16.9 3.52 4.53 4.74
17.0 3.51 4.53 4.73
17.1 3.69 4.54 4.72
17.2 3.89 4.54 4.72
17.3 4.0 4.55 4.71
17.4 4.03 4.56 4.71
17.5 4.04 4.56 4.71
17.6 4.04 4.57 4.71
17.7 4.03 4.57 4.72
17.8 4.03 4.58 4.72
17.9 4.03 4.58 4.72
18.0 4.02 4.58 4.73
18.1 4.02 4.59 4.73
18.2 4.02 4.59 4.74
18.3 4.02 4.6 4.74
18.4 4.02 4.6 4.75
18.5 4.02 4.61 4.76
18.6 4.02 4.61 4.77
18.7 4.02 4.61 4.78
18.8 4.03 4.62 4.79
18.9 4.03 4.62 4.8
19.0 4.04 4.62 4.81
19.1 4.04 4.63 4.82
19.2 4.05 4.63 4.84
19.3 4.06 4.63 4.85
19.4 4.06 4.63 4.86
19.5 4.07 4.63 4.87
19.6 4.07 4.63 4.89
19.7 4.07 4.63 4.9
19.8 4.07 4.62 4.91
19.9 4.07 4.62 4.92
20.0 4.07 4.61 4.93
20.1 4.07 4.6 4.94
20.2 4.07 4.59 4.95
20.3 4.07 4.58 4.96
20.4 4.07 4.57 4.97
20.5 4.07 4.56 4.97
20.6 4.07 4.55 4.98
20.7 4.07 4.54 4.98
20.8 4.07 4.53 4.99
20.9 4.06 4.51 4.99
21.0 4.06 4.5 4.99
21.1 4.06 4.49 4.99
21.2 4.06 4.47 4.99
21.3 4.05 4.46 4.98
21.4 4.05 4.45 4.98
21.5 4.05 4.44 4.98
21.6 4.05 4.43 4.97
21.7 4.05 4.43 4.97
21.8 4.05 4.42 4.96
21.9 4.05 4.42 4.95
22.0 4.06 4.42 4.95
22.1 4.06 4.42 4.94
22.2 4.06 4.42 4.93
22.3 4.07 4.42 4.92
22.4 4.07 4.42 4.92
22.5 4.07 4.43 4.91
22.6 4.07 4.43 4.91
22.7 4.07 4.43 4.9
22.8 4.08 4.44 4.9
22.9 4.08 4.44 4.89
23.0 4.08 4.45 4.89
23.1 4.08 4.45 4.89
23.2 4.09 4.45 4.88
23.3 4.09 4.46 4.88
23.4 4.09 4.46 4.88
23.5 4.09 4.46 4.88
23.6 4.09 4.46 4.88
23.7 4.09 4.46 4.88
23.8 4.09 4.46 4.88
23.9 4.1 4.46 4.88
24.0 4.1 4.46 4.88
24.1 4.1 4.45 4.89
24.2 4.1 4.45 4.89
24.3 4.1 4.45 4.89
24.4 4.1 4.46 4.89
24.5 4.1 4.46 4.89
24.6 4.1 4.46 4.89
24.7 4.1 4.46 4.9
24.8 4.1 4.46 4.9
24.9 4.1 4.46 4.9
25.0 4.1 4.46 4.9
25.1 4.1 4.46 4.9
25.2 4.09 4.46 4.9
25.3 4.09 4.46 4.9
25.4 4.09 4.46 4.9
25.5 4.09 4.46 4.9
25.6 4.09 4.46 4.9
25.7 4.09 4.46 4.9
25.8 4.09 4.46 4.9
25.9 4.09 4.46 4.9
26.0 4.09 4.46 4.9
26.1 4.09 4.46 4.9
26.2 4.09 4.46 4.9
26.3 4.09 4.46 4.9
26.4 4.09 4.46 4.9
26.5 4.09 4.46 4.9
26.6 4.09 4.46 4.9
26.7 4.08 4.45 4.9
26.8 4.08 4.45 4.9
26.9 4.08 4.45 4.9
27.0 4.08 4.45 4.89
27.1 4.08 4.45 4.89
27.2 4.08 4.45 4.89
27.3 4.08 4.45 4.89
27.4 4.08 4.45 4.89
27.5 4.07 4.44 4.88
27.6 4.07 4.44 4.88
27.7 4.07 4.44 4.88
27.8 4.07 4.44 4.88
27.9 4.07 4.44 4.88
28.0 4.06 4.44 4.87
28.1 4.06 4.43 4.87
28.2 4.06 4.43 4.87
28.3 4.06 4.43 4.86
28.4 4.05 4.43 4.86
28.5 4.05 4.43 4.86
28.6 4.05 4.42 4.86
28.7 4.05 4.42 4.85
28.8 4.05 4.42 4.85
28.9 4.05 4.42 4.85
29.0 4.05 4.42 4.84
29.1 4.05 4.42 4.84
29.2 4.04 4.42 4.84
29.3 4.04 4.42 4.84
29.4 4.02 4.42 4.83
29.5 4.01 4.43 4.83
29.6 3.99 4.43 4.83
29.7 3.96 4.43 4.82
29.8 3.92 4.43 4.82
29.9 3.88 4.43 4.82
30.0 3.83 4.44 4.81
30.1 3.78 4.44 4.81
30.2 3.73 4.44 4.81
30.3 3.68 4.44 4.8
30.4 3.62 4.45 4.8
30.5 3.58 4.45 4.8
30.6 3.53 4.45 4.8
30.7 3.5 4.46 4.79
30.8 3.47 4.46 4.79
30.9 3.45 4.46 4.79
31.0 3.43 4.46 4.78
31.1 3.43 4.47 4.78
31.2 3.43 4.47 4.78
31.3 3.44 4.47 4.77
31.4 3.47 4.48 4.77
31.5 3.49 4.48 4.77
31.6 3.53 4.48 4.76
31.7 3.57 4.49 4.76
31.8 3.62 4.49 4.76
31.9 3.67 4.49 4.75
32.0 3.73 4.5 4.75
32.1 3.78 4.5 4.75
32.2 3.83 4.5 4.74
32.3 3.89 4.5 4.74
32.4 3.94 4.51 4.74
32.5 3.98 4.51 4.73
32.6 4.02 4.51 4.73
32.7 4.06 4.52 4.73
32.8 4.09 4.52 4.72
32.9 4.12 4.52 4.72
33.0 4.15 4.53 4.72
33.1 4.17 4.53 4.72
33.2 4.18 4.53 4.71
33.3 4.2 4.53 4.71
33.4 4.21 4.53 4.71
33.5 4.22 4.54 4.71
33.6 4.24 4.54 4.71
33.7 4.25 4.54 4.7
33.8 4.27 4.54 4.7
33.9 4.29 4.54 4.7
34.0 4.3 4.54 4.7
34.1 4.31 4.54 4.7
34.2 4.32 4.54 4.7
34.3 4.32 4.54 4.7
34.4 4.32 4.54 4.69
34.5 4.32 4.54 4.69
34.6 4.32 4.54 4.69
34.7 4.32 4.54 4.69
34.8 4.32 4.54 4.69
34.9 4.32 4.54 4.69
35.0 4.32 4.54 4.69
35.1 4.32 4.54 4.69
35.2 4.32 4.54 4.69
35.3 4.33 4.54 4.68
35.4 4.33 4.55 4.68
35.5 4.33 4.55 4.68
35.6 4.33 4.55 4.68
35.7 4.34 4.55 4.68
35.8 4.34 4.55 4.68
35.9 4.35 4.55 4.68
36.0 4.35 4.55 4.68
36.1 4.35 4.55 4.68
36.2 4.36 4.55 4.68
36.3 4.36 4.55 4.68
36.4 4.37 4.55 4.68
36.5 4.37 4.55 4.67
36.6 4.38 4.55 4.67
36.7 4.38 4.55 4.67
36.8 4.38 4.55 4.67
36.9 4.39 4.55 4.67
37.0 4.39 4.55 4.67
37.1 4.4 4.55 4.67
37.2 4.4 4.55 4.67
37.3 4.4 4.55 4.67
37.4 4.41 4.56 4.67
37.5 4.41 4.56 4.67
37.6 4.41 4.56 4.67
37.7 4.42 4.56 4.66
37.8 4.42 4.56 4.66
37.9 4.42 4.56 4.66
38.0 4.43 4.56 4.66
38.1 4.43 4.56 4.66
38.2 4.43 4.56 4.66
38.3 4.44 4.56 4.66
38.4 4.44 4.56 4.66
38.5 4.44 4.56 4.66
38.6 4.45 4.56 4.66
38.7 4.45 4.56 4.65
38.8 4.45 4.56 4.65
38.9 4.46 4.56 4.65
39.0 4.46 4.56 4.65
39.1 4.46 4.56 4.65
39.2 4.47 4.56 4.65
39.3 4.47 4.56 4.65
39.4 4.47 4.56 4.65
39.5 4.48 4.56 4.65
39.6 4.48 4.56 4.64
39.7 4.48 4.56 4.64
39.8 4.49 4.56 4.64
39.9 4.49 4.56 4.64
40.0 4.49 4.56 4.64
40.1 4.5 4.56 4.64
40.2 4.5 4.56 4.64
40.3 4.5 4.56 4.64
40.4 4.51 4.56 4.63
40.5 4.51 4.56 4.63
40.6 4.51 4.56 4.63
40.7 4.52 4.56 4.63
40.8 4.52 4.56 4.63
40.9 4.53 4.56 4.63
41.0 4.53 4.56 4.63
41.1 4.53 4.56 4.63
41.2 4.54 4.56 4.63
41.3 4.54 4.56 4.62
41.4 4.54 4.56 4.62
41.5 4.55 4.56 4.62
41.6 4.55 4.56 4.62
41.7 4.56 4.56 4.62
41.8 4.56 4.56 4.62
41.9 4.56 4.56 4.62
42.0 4.57 4.56 4.62
42.1 4.57 4.56 4.62
42.2 4.58 4.56 4.61
42.3 4.58 4.56 4.61
42.4 4.58 4.56 4.61
42.5 4.59 4.56 4.61
42.6 4.59 4.56 4.61
42.7 4.6 4.56 4.61
42.8 4.6 4.56 4.61
42.9 4.61 4.56 4.61
43.0 4.61 4.56 4.61
43.1 4.62 4.56 4.6
43.2 4.62 4.56 4.6
43.3 4.62 4.56 4.6
43.4 4.63 4.56 4.6
43.5 4.63 4.56 4.6
43.6 4.63 4.56 4.6
43.7 4.64 4.56 4.6
43.8 4.64 4.56 4.6
43.9 4.64 4.56 4.6
44.0 4.65 4.56 4.6
44.1 4.65 4.56 4.59
44.2 4.65 4.56 4.59
44.3 4.66 4.56 4.59
44.4 4.66 4.55 4.59
44.5 4.66 4.55 4.59
44.6 4.66 4.55 4.59
44.7 4.66 4.55 4.59
44.8 4.67 4.55 4.59
44.9 4.67 4.55 4.59
45.0 4.67 4.55 4.59
45.1 4.67 4.55 4.59
45.2 4.67 4.55 4.58
45.3 4.68 4.55 4.58
45.4 4.68 4.55 4.58
45.5 4.68 4.55 4.58
45.6 4.68 4.55 4.58
45.7 4.68 4.55 4.58
45.8 4.68 4.55 4.58
45.9 4.68 4.55 4.58
46.0 4.68 4.55 4.58
46.1 4.69 4.55 4.58
46.2 4.69 4.55 4.58
46.3 4.69 4.55 4.58
46.4 4.69 4.55 4.57
46.5 4.69 4.55 4.57
46.6 4.69 4.55 4.57
46.7 4.69 4.55 4.57
46.8 4.69 4.55 4.57
46.9 4.69 4.55 4.57
47.0 4.69 4.55 4.57
47.1 4.69 4.55 4.57
47.2 4.69 4.55 4.57
47.3 4.69 4.55 4.57
47.4 4.69 4.55 4.57
47.5 4.69 4.55 4.57
47.6 4.69 4.55 4.57
47.7 4.68 4.55 4.57
47.8 4.68 4.56 4.57
47.9 4.68 4.56 4.57
48.0 4.68 4.56 4.57
48.1 4.68 4.56 4.57
48.2 4.68 4.56 4.57
48.3 4.68 4.56 4.57
48.4 4.68 4.56 4.57
48.5 4.67 4.56 4.57
48.6 4.67 4.56 4.57
48.7 4.67 4.56 4.57
48.8 4.67 4.56 4.57
48.9 4.67 4.56 4.57
49.0 4.67 4.56 4.57
49.1 4.66 4.56 4.57
49.2 4.66 4.56 4.57
49.3 4.66 4.56 4.57
49.4 4.66 4.56 4.57
49.5 4.66 4.56 4.57
49.6 4.66 4.56 4.57
49.7 4.65 4.56 4.57
49.8 4.65 4.56 4.57
49.9 4.65 4.56 4.57
