0.0 4.84 4.9 4.94
0.1 4.84 4.9 4.94
0.2 4.84 4.9 4.94
0.3 4.83 4.9 4.95
0.4 4.83 4.9 4.95
0.5 4.83 4.91 4.96
0.6 4.82 4.91 4.96
0.7 4.82 4.91 4.97
0.8 4.82 4.91 4.97
0.9 4.82 4.9 4.97
1.0 4.82 4.9 4.97
1.1 4.82 4.9 4.97
1.2 4.82 4.9 4.97
1.3 4.81 4.9 4.97
1.4 4.81 4.9 4.97
1.5 4.8 4.9 4.97
1.6 4.8 4.91 4.97
1.7 4.8 4.91 4.96
1.8 4.79 4.91 4.97
1.9 4.79 4.91 4.97
2.0 4.79 4.91 4.97
2.1 4.79 4.91 4.97
2.2 4.79 4.91 4.97
2.3 4.79 4.91 4.97
2.4 4.78 4.91 4.97
2.5 4.78 4.91 4.97
2.6 4.77 4.92 4.97
2.7 4.77 4.92 4.98
2.8 4.77 4.92 4.98
2.9 4.77 4.92 4.98
3.0 4.76 4.92 4.98
3.1 4.76 4.92 4.98
3.2 4.76 4.92 4.98
3.3 4.76 4.92 4.99
3.4 4.75 4.92 4.99
3.5 4.75 4.92 4.99
3.6 4.75 4.92 4.99
3.7 4.74 4.92 4.99
3.8 4.74 4.92 4.99
3.9 4.73 4.92 5.0
4.0 4.73 4.92 5.0
4.1 4.73 4.92 5.0
4.2 4.72 4.92 5.0
4.3 4.72 4.92 5.0
4.4 4.72 4.92 5.0
4.5 4.72 4.92 5.0
4.6 4.71 4.92 5.0
4.7 4.71 4.92 5.0
4.8 4.71 4.92 5.0
4.9 4.71 4.92 5.0
5.0 4.7 4.92 5.0
5.1 4.7 4.92 5.0
5.2 4.7 4.92 5.0
5.3 4.69 4.92 5.01
5.4 4.69 4.92 5.01
5.5 4.69 4.92 5.01
5.6 4.69 4.92 5.01
5.7 4.68 4.92 5.01
5.8 4.68 4.91 5.01
5.9 4.68 4.91 5.01
6.0 4.68 4.91 5.01
6.1 4.67 4.91 5.01
6.2 4.67 4.91 5.01
6.3 4.67 4.91 5.01
6.4 4.66 4.91 5.01
6.5 4.66 4.91 5.01
6.6 4.66 4.91 5.01
6.7 4.65 4.91 5.0
6.8 4.65 4.91 5.0
6.9 4.65 4.9 5.0
7.0 4.65 4.9 5.0
7.1 4.64 4.9 5.0
7.2 4.64 4.9 5.0
7.3 4.63 4.9 4.99
7.4 4.63 4.89 4.99
7.5 4.63 4.89 4.99
7.6 4.62 4.89 4.99
7.7 4.62 4.88 4.99
7.8 4.62 4.88 4.98
7.9 4.61 4.88 4.98
8.0 4.61 4.87 4.98
8.1 4.6 4.87 4.97
8.2 4.6 4.86 4.97
8.3 4.6 4.86 4.97
8.4 4.59 4.86 4.96
8.5 4.59 4.85 4.96
8.6 4.59 4.85 4.96
8.7 4.58 4.84 4.95
8.8 4.58 4.84 4.95
8.9 4.58 4.83 4.95
9.0 4.57 4.82 4.94
9.1 4.57 4.82 4.94
9.2 4.56 4.81 4.93
9.3 4.56 4.8 4.93
9.4 4.56 4.79 4.92
9.5 4.56 4.79 4.92
9.6 4.55 4.78 4.91
9.7 4.55 4.78 4.91
9.8 4.55 4.78 4.91
9.9 4.54 4.77 4.91
10.0 4.54 4.77 4.91
10.1 4.53 4.77 4.9
10.2 4.53 4.76 4.9
10.3 4.52 4.76 4.9
10.4 4.52 4.75 4.9
10.5 4.52 4.75 4.89
10.6 4.51 4.75 4.89
10.7 4.51 4.75 4.89
10.8 4.51 4.74 4.89
10.9 4.5 4.74 4.89
11.0 4.5 4.74 4.89
11.1 4.49 4.74 4.89
11.2 4.49 4.73 4.89
11.3 4.48 4.73 4.89
11.4 4.48 4.73 4.89
11.5 4.47 4.73 4.88
11.6 4.47 4.73 4.88
11.7 4.46 4.72 4.88
11.8 4.46 4.72 4.88
11.9 4.45 4.72 4.88
12.0 4.45 4.71 4.88
12.1 4.44 4.71 4.88
12.2 4.43 4.71 4.88
12.3 4.43 4.7 4.88
12.4 4.42 4.7 4.88
12.5 4.42 4.7 4.88
12.6 4.41 4.69 4.88
12.7 4.4 4.69 4.87
12.8 4.4 4.69 4.87
12.9 4.39 4.68 4.87
13.0 4.39 4.68 4.87
13.1 4.38 4.68 4.87
13.2 4.37 4.68 4.87
13.3 4.37 4.67 4.87
13.4 4.36 4.67 4.87
13.5 4.35 4.67 4.87
13.6 4.35 4.66 4.87
13.7 4.34 4.66 4.87
13.8 4.33 4.66 4.87
13.9 4.33 4.65 4.87
14.0 4.32 4.65 4.87
14.1 4.31 4.65 4.86
14.2 4.31 4.64 4.86
14.3 4.3 4.64 4.86
14.4 4.3 4.64 4.86
14.5 4.29 4.63 4.86
14.6 4.28 4.63 4.86
14.7 4.28 4.63 4.86
14.8 4.27 4.63 4.86
14.9 4.26 4.62 4.86
15.0 4.26 4.62 4.86
15.1 4.25 4.61 4.85
15.2 4.24 4.61 4.85
15.3 4.24 4.6 4.85
15.4 4.23 4.6 4.85
15.5 4.23 4.6 4.85
15.6 4.22 4.59 4.85
15.7 4.22 4.59 4.85
15.8 4.21 4.59 4.84
15.9 4.2 4.58 4.84
16.0 4.19 4.58 4.84
16.1 4.19 4.58 4.84
16.2 4.19 4.57 4.84
16.3 4.2 4.57 4.84
16.4 4.21 4.57 4.84
16.5 4.22 4.56 4.84
16.6 4.22 4.56 4.84
16.7 4.22 4.56 4.83
16.8 4.22 4.56 4.83
16.9 4.21 4.56 4.83
17.0 4.21 4.56 4.83
17.1 4.2 4.55 4.83
17.2 4.2 4.55 4.83
17.3 4.18 4.55 4.83
17.4 4.16 4.55 4.83
17.5 4.11 4.54 4.83
17.6 4.01 4.54 4.83
17.7 3.89 4.54 4.83
17.8 3.74 4.54 4.83
17.9 3.58 4.53 4.83
18.0 3.36 4.53 4.83
18.1 3.06 4.53 4.83
18.2 2.66 4.52 4.83
18.3 2.27 4.52 4.83
18.4 2.1 4.52 4.82
18.5 2.49 4.51 4.82
18.6 2.6 4.51 4.83
18.7 2.44 4.52 4.83
18.8 2.61 4.52 4.84
18.9 2.64 4.52 4.84
19.0 2.64 4.51 4.84
19.1 2.66 4.51 4.85
19.2 2.68 4.51 4.85
19.3 2.73 4.51 4.85
19.4 2.8 4.5 4.85
19.5 2.91 4.5 4.85
19.6 3.11 4.5 4.85
19.7 3.25 4.5 4.85
19.8 3.18 4.5 4.85
19.9 2.99 4.49 4.85
20.0 2.87 4.49 4.85
20.1 2.86 4.48 4.85
20.2 2.94 4.48 4.85
20.3 3.04 4.47 4.85
20.4 3.17 4.47 4.85
20.5 3.32 4.47 4.85
20.6 3.46 4.46 4.85
20.7 3.59 4.46 4.85
20.8 3.71 4.46 4.85
20.9 3.71 4.45 4.85
21.0 3.66 4.45 4.86
21.1 3.67 4.46 4.86
21.2 3.69 4.46 4.86
21.3 3.73 4.47 4.87
21.4 3.8 4.47 4.87
21.5 3.87 4.47 4.87
21.6 3.94 4.46 4.87
21.7 3.99 4.46 4.88
21.8 4.03 4.46 4.88
21.9 4.05 4.45 4.88
22.0 4.07 4.45 4.88
22.1 4.08 4.44 4.88
22.2 4.08 4.44 4.88
22.3 4.09 4.45 4.88
22.4 4.08 4.45 4.88
22.5 4.08 4.45 4.88
22.6 4.09 4.44 4.89
22.7 4.09 4.44 4.89
22.8 4.09 4.44 4.89
22.9 4.09 4.44 4.88
23.0 4.09 4.43 4.88
23.1 4.09 4.43 4.88
23.2 4.09 4.42 4.88
23.3 4.09 4.41 4.88
23.4 4.09 4.41 4.87
23.5 4.09 4.42 4.87
23.6 4.09 4.42 4.86
23.7 4.09 4.42 4.84
23.8 4.09 4.43 4.84
23.9 4.09 4.44 4.86
24.0 4.1 4.45 4.88
24.1 4.1 4.45 4.89
24.2 4.1 4.46 4.9
24.3 4.1 4.46 4.89
24.4 4.1 4.45 4.89
24.5 4.1 4.45 4.89
24.6 4.1 4.45 4.89
24.7 4.1 4.45 4.89
24.8 4.1 4.45 4.89
24.9 4.1 4.45 4.89
25.0 4.09 4.44 4.89
25.1 4.1 4.44 4.89
25.2 4.11 4.44 4.89
25.3 4.11 4.44 4.89
25.4 4.11 4.44 4.89
25.5 4.11 4.44 4.89
25.6 4.11 4.44 4.89
25.7 4.11 4.44 4.89
25.8 4.1 4.44 4.89
25.9 4.1 4.44 4.88
26.0 4.1 4.43 4.88
26.1 4.1 4.43 4.88
26.2 4.1 4.43 4.88
26.3 4.1 4.43 4.88
26.4 4.1 4.44 4.88
26.5 4.1 4.44 4.88
26.6 4.1 4.44 4.88
26.7 4.1 4.44 4.88
26.8 4.1 4.43 4.88
26.9 4.09 4.43 4.88
27.0 4.09 4.43 4.88
27.1 4.09 4.43 4.88
27.2 4.09 4.42 4.88
27.3 4.09 4.42 4.88
27.4 4.09 4.43 4.88
27.5 4.09 4.44 4.88
27.6 4.09 4.44 4.88
27.7 4.1 4.44 4.88
27.8 4.1 4.45 4.88
27.9 4.1 4.45 4.88
28.0 4.09 4.45 4.88
28.1 4.09 4.46 4.88
28.2 4.09 4.46 4.87
28.3 4.09 4.46 4.87
28.4 4.09 4.47 4.87
28.5 4.09 4.47 4.87
28.6 4.08 4.47 4.87
28.7 4.06 4.47 4.88
28.8 4.03 4.47 4.88
28.9 3.99 4.48 4.88
29.0 3.94 4.48 4.88
29.1 3.87 4.48 4.87
29.2 3.8 4.48 4.87
29.3 3.71 4.48 4.87
29.4 3.63 4.48 4.87
29.5 3.56 4.48 4.87
29.6 3.5 4.48 4.87
29.7 3.44 4.48 4.86
29.8 3.4 4.48 4.86
29.9 3.35 4.48 4.86
30.0 3.3 4.48 4.86
30.1 3.27 4.49 4.86
30.2 3.24 4.49 4.86
30.3 3.22 4.49 4.86
30.4 3.22 4.49 4.86
30.5 3.23 4.49 4.86
30.6 3.26 4.49 4.85
30.7 3.29 4.49 4.85
30.8 3.33 4.49 4.85
30.9 3.37 4.48 4.85
31.0 3.41 4.48 4.85
31.1 3.46 4.48 4.85
31.2 3.57 4.49 4.85
31.3 3.72 4.49 4.85
31.4 3.84 4.5 4.85
31.5 3.93 4.5 4.85
31.6 4.0 4.5 4.85
31.7 4.05 4.51 4.85
31.8 4.08 4.51 4.85
31.9 4.11 4.51 4.85
32.0 4.13 4.51 4.84
32.1 4.15 4.51 4.84
32.2 4.17 4.51 4.84
32.3 4.19 4.51 4.84
32.4 4.21 4.51 4.84
32.5 4.22 4.51 4.83
32.6 4.23 4.51 4.83
32.7 4.24 4.51 4.83
32.8 4.25 4.51 4.83
32.9 4.25 4.51 4.83
33.0 4.25 4.51 4.82
33.1 4.25 4.51 4.82
33.2 4.25 4.51 4.82
33.3 4.26 4.51 4.81
33.4 4.26 4.51 4.81
33.5 4.26 4.51 4.81
33.6 4.26 4.51 4.81
33.7 4.27 4.51 4.81
33.8 4.27 4.51 4.81
33.9 4.27 4.51 4.81
34.0 4.27 4.51 4.81
34.1 4.27 4.52 4.82
34.2 4.28 4.52 4.82
34.3 4.28 4.52 4.82
34.4 4.28 4.52 4.82
34.5 4.28 4.53 4.82
34.6 4.29 4.53 4.82
34.7 4.29 4.53 4.82
34.8 4.29 4.53 4.82
34.9 4.29 4.53 4.82
35.0 4.3 4.54 4.82
35.1 4.3 4.54 4.82
35.2 4.3 4.54 4.82
35.3 4.31 4.55 4.82
35.4 4.31 4.55 4.82
35.5 4.31 4.55 4.83
35.6 4.32 4.55 4.83
35.7 4.32 4.56 4.83
35.8 4.33 4.56 4.83
35.9 4.33 4.56 4.83
36.0 4.33 4.57 4.83
36.1 4.34 4.58 4.83
36.2 4.34 4.58 4.83
36.3 4.35 4.59 4.83
36.4 4.36 4.59 4.83
36.5 4.36 4.6 4.83
36.6 4.37 4.6 4.84
36.7 4.37 4.6 4.84
36.8 4.38 4.61 4.84
36.9 4.38 4.61 4.84
37.0 4.39 4.61 4.84
37.1 4.39 4.62 4.84
37.2 4.4 4.63 4.84
37.3 4.41 4.63 4.84
37.4 4.42 4.64 4.84
37.5 4.42 4.64 4.84
37.6 4.43 4.65 4.84
37.7 4.44 4.65 4.85
37.8 4.44 4.65 4.85
37.9 4.45 4.66 4.85
38.0 4.45 4.66 4.85
38.1 4.46 4.67 4.85
38.2 4.46 4.67 4.85
38.3 4.46 4.68 4.85
38.4 4.46 4.68 4.86
38.5 4.47 4.69 4.86
38.6 4.47 4.69 4.86
38.7 4.48 4.69 4.86
38.8 4.48 4.69 4.86
38.9 4.49 4.7 4.86
39.0 4.5 4.7 4.86
39.1 4.5 4.7 4.86
39.2 4.5 4.71 4.86
39.3 4.5 4.71 4.86
39.4 4.5 4.71 4.86
39.5 4.5 4.71 4.87
39.6 4.5 4.71 4.87
39.7 4.51 4.72 4.87
39.8 4.51 4.72 4.87
39.9 4.52 4.72 4.87
40.0 4.52 4.73 4.87
40.1 4.53 4.73 4.87
40.2 4.53 4.73 4.87
40.3 4.53 4.73 4.87
40.4 4.53 4.73 4.87
40.5 4.53 4.73 4.87
40.6 4.53 4.74 4.87
40.7 4.53 4.74 4.88
40.8 4.54 4.74 4.88
40.9 4.54 4.74 4.88
41.0 4.55 4.74 4.88
41.1 4.56 4.75 4.88
41.2 4.56 4.75 4.88
41.3 4.57 4.75 4.88
41.4 4.57 4.75 4.88
41.5 4.57 4.76 4.88
41.6 4.57 4.76 4.88
41.7 4.58 4.76 4.88
41.8 4.58 4.76 4.88
41.9 4.59 4.76 4.88
42.0 4.59 4.76 4.88
42.1 4.59 4.77 4.88
42.2 4.6 4.77 4.88
42.3 4.6 4.77 4.88
42.4 4.6 4.77 4.88
42.5 4.61 4.77 4.88
42.6 4.61 4.77 4.88
42.7 4.61 4.77 4.88
42.8 4.61 4.77 4.88
42.9 4.61 4.77 4.88
43.0 4.62 4.77 4.88
43.1 4.62 4.77 4.88
43.2 4.62 4.77 4.88
43.3 4.63 4.77 4.88
43.4 4.63 4.77 4.88
43.5 4.63 4.77 4.88
43.6 4.64 4.77 4.88
43.7 4.64 4.76 4.88
43.8 4.64 4.76 4.88
43.9 4.64 4.76 4.88
44.0 4.64 4.76 4.87
44.1 4.64 4.76 4.87
44.2 4.65 4.76 4.87
44.3 4.65 4.76 4.87
44.4 4.65 4.76 4.87
44.5 4.65 4.75 4.87
44.6 4.66 4.75 4.87
44.7 4.66 4.75 4.87
44.8 4.66 4.75 4.87
44.9 4.66 4.75 4.86
45.0 4.66 4.75 4.86
45.1 4.67 4.75 4.86
45.2 4.67 4.75 4.86
45.3 4.67 4.75 4.86
45.4 4.67 4.75 4.86
45.5 4.67 4.75 4.86
45.6 4.68 4.74 4.86
45.7 4.68 4.74 4.86
45.8 4.68 4.74 4.86
45.9 4.68 4.74 4.85
46.0 4.68 4.75 4.85
46.1 4.68 4.75 4.85
46.2 4.68 4.75 4.85
46.3 4.69 4.75 4.85
46.4 4.69 4.75 4.85
46.5 4.69 4.75 4.85
46.6 4.69 4.75 4.85
46.7 4.69 4.75 4.85
46.8 4.69 4.75 4.85
46.9 4.69 4.75 4.85
47.0 4.69 4.75 4.85
47.1 4.7 4.75 4.85
47.2 4.7 4.76 4.85
47.3 4.7 4.76 4.85
47.4 4.7 4.76 4.85
47.5 4.7 4.76 4.85
47.6 4.7 4.76 4.85
47.7 4.7 4.76 4.85
47.8 4.7 4.76 4.85
47.9 4.7 4.77 4.85
48.0 4.71 4.77 4.85
48.1 4.71 4.77 4.85
48.2 4.71 4.77 4.85
48.3 4.71 4.77 4.85
48.4 4.71 4.77 4.85
48.5 4.71 4.78 4.86
48.6 4.71 4.78 4.86
48.7 4.71 4.78 4.86
48.8 4.71 4.78 4.86
48.9 4.71 4.78 4.86
49.0 4.71 4.78 4.86
49.1 4.71 4.78 4.86
49.2 4.71 4.78 4.86
49.3 4.71 4.79 4.86
49.4 4.71 4.79 4.86
49.5 4.71 4.79 4.87
49.6 4.71 4.79 4.87
49.7 4.72 4.8 4.87
49.8 4.72 4.8 4.87
49.9 4.72 4.8 4.87
