0.0 2.5 -8.97e-06 0.998
0.1 2.51 -0.0196 0.994
0.2 2.52 -0.0597 0.987
0.3 2.54 -0.102 0.977
0.4 2.56 -0.147 0.966
0.5 2.59 -0.194 0.952
0.6 2.62 -0.243 0.937
0.7 2.64 -0.28 0.923
0.8 2.65 -0.301 0.915
0.9 2.65 -0.316 0.913
1.0 2.65 -0.329 0.913
1.1 2.65 -0.341 0.912
1.2 2.67 -0.372 0.902
1.3 2.71 -0.424 0.882
1.4 2.75 -0.477 0.861
1.5 2.8 -0.532 0.841
1.6 2.84 -0.567 0.831
1.7 2.86 -0.585 0.827
1.8 2.87 -0.603 0.823
1.9 2.88 -0.619 0.819
2.0 2.9 -0.635 0.815
2.1 2.91 -0.651 0.812
2.2 2.92 -0.666 0.809
2.3 2.95 -0.695 0.804
2.4 2.99 -0.734 0.799
2.5 3.01 -0.759 0.796
2.6 3.02 -0.775 0.794
2.7 3.03 -0.79 0.791
2.8 3.04 -0.805 0.789
2.9 3.05 -0.819 0.787
3.0 3.06 -0.833 0.785
3.1 3.07 -0.846 0.783
3.2 3.07 -0.859 0.782
3.3 3.07 -0.872 0.781
3.4 3.09 -0.895 0.779
3.5 3.09 -0.898 0.785
3.6 3.06 -0.885 0.796
3.7 3.04 -0.89 0.802
3.8 3.03 -0.898 0.804
3.9 3.02 -0.907 0.807
4.0 3.01 -0.915 0.809
4.1 3.01 -0.923 0.811
4.2 3.0 -0.931 0.813
4.3 2.99 -0.939 0.815
4.4 2.98 -0.946 0.816
4.5 2.96 -0.934 0.826
4.6 2.92 -0.902 0.844
4.7 2.88 -0.867 0.864
4.8 2.83 -0.845 0.881
4.9 2.79 -0.838 0.893
5.0 2.76 -0.834 0.902
5.1 2.74 -0.829 0.911
5.2 2.71 -0.824 0.919
5.3 2.69 -0.819 0.927
5.4 2.67 -0.814 0.934
5.5 2.64 -0.809 0.941
5.6 2.61 -0.787 0.955
5.7 2.56 -0.747 0.978
5.8 2.51 -0.716 1.0
5.9 2.46 -0.698 1.02
6.0 2.42 -0.681 1.04
6.1 2.38 -0.664 1.06
6.2 2.34 -0.648 1.07
6.3 2.3 -0.631 1.09
6.4 2.26 -0.613 1.1
6.5 2.23 -0.595 1.12
6.6 2.19 -0.578 1.14
6.7 2.14 -0.546 1.16
6.8 2.08 -0.506 1.18
6.9 2.03 -0.479 1.21
7.0 1.99 -0.459 1.23
7.1 1.94 -0.439 1.25
7.2 1.9 -0.42 1.27
7.3 1.86 -0.4 1.3
7.4 1.82 -0.38 1.32
7.5 1.78 -0.36 1.34
7.6 1.73 -0.339 1.36
7.7 1.69 -0.318 1.39
7.8 1.64 -0.29 1.41
7.9 1.59 -0.262 1.44
8.0 1.55 -0.243 1.47
8.1 1.5 -0.223 1.5
8.2 1.47 -0.202 1.53
8.3 1.43 -0.181 1.56
8.4 1.39 -0.16 1.59
8.5 1.35 -0.138 1.62
8.6 1.31 -0.117 1.65
8.7 1.28 -0.0964 1.68
8.8 1.24 -0.0757 1.7
8.9 1.2 -0.0558 1.73
9.0 1.17 -0.0371 1.76
9.1 1.12 -0.0204 1.8
9.2 1.08 -0.0058 1.83
9.3 1.06 0.00837 1.86
9.4 1.03 0.0228 1.9
9.5 1.02 0.0364 1.93
9.6 1.01 0.0482 1.96
9.7 0.99 0.0589 1.98
9.8 0.972 0.0688 1.99
9.9 0.953 0.0781 2.01
10.0 0.935 0.0869 2.02
10.1 0.932 0.0861 2.05
10.2 0.937 0.0799 2.08
10.3 0.93 0.0816 2.09
10.4 0.916 0.0875 2.11
10.5 0.902 0.0934 2.12
10.6 0.888 0.0992 2.14
10.7 0.874 0.105 2.15
10.8 0.86 0.111 2.16
10.9 0.846 0.116 2.18
11.0 0.833 0.121 2.19
11.1 0.819 0.119 2.2
11.2 0.805 0.115 2.21
11.3 0.791 0.118 2.22
11.4 0.778 0.122 2.23
11.5 0.764 0.125 2.24
11.6 0.748 0.126 2.25
11.7 0.731 0.126 2.26
11.8 0.713 0.126 2.26
11.9 0.694 0.126 2.27
12.0 0.674 0.127 2.27
12.1 0.654 0.124 2.27
12.2 0.635 0.119 2.27
12.3 0.614 0.115 2.27
12.4 0.593 0.111 2.27
12.5 0.571 0.108 2.27
12.6 0.55 0.106 2.26
12.7 0.527 0.104 2.26
12.8 0.505 0.103 2.25
12.9 0.482 0.102 2.25
13.0 0.459 0.101 2.24
13.1 0.437 0.0974 2.24
13.2 0.415 0.091 2.23
13.3 0.393 0.0864 2.22
13.4 0.372 0.083 2.22
13.5 0.35 0.0803 2.21
13.6 0.328 0.078 2.21
13.7 0.305 0.0759 2.2
13.8 0.282 0.0742 2.19
13.9 0.259 0.0729 2.18
14.0 0.236 0.0719 2.17
14.1 0.214 0.0685 2.16
14.2 0.192 0.0635 2.15
14.3 0.17 0.0599 2.14
14.4 0.147 0.0572 2.13
14.5 0.125 0.055 2.12
14.6 0.103 0.0533 2.11
14.7 0.0807 0.0518 2.1
14.8 0.0581 0.0504 2.09
14.9 0.0354 0.0494 2.08
15.0 0.0128 0.0486 2.07
15.1 -0.0193 0.0502 2.07
15.2 -0.0521 0.0497 2.08
15.3 -0.0758 0.046 2.06
15.4 -0.0991 0.0437 2.05
15.5 -0.122 0.0422 2.04
15.6 -0.145 0.0411 2.04
15.7 -0.168 0.0401 2.02
15.8 -0.192 0.0391 2.01
15.9 -0.216 0.0384 2.0
16.0 -0.24 0.0379 1.99
16.1 -0.263 0.0377 1.98
16.2 -0.287 0.0355 1.96
16.3 -0.312 0.0318 1.94
16.4 -0.337 0.0293 1.92
16.5 -0.361 0.0298 1.9
16.6 -0.384 0.0329 1.88
16.7 -0.405 0.0359 1.86
16.8 -0.426 0.0389 1.85
16.9 -0.447 0.0419 1.84
17.0 -0.469 0.045 1.83
17.1 -0.491 0.0481 1.81
17.2 -0.514 0.051 1.79
17.3 -0.537 0.0538 1.78
17.4 -0.559 0.0564 1.76
17.5 -0.584 0.0588 1.75
17.6 -0.613 0.0602 1.73
17.7 -0.64 0.0605 1.71
17.8 -0.666 0.0605 1.7
17.9 -0.691 0.06 1.69
18.0 -0.717 0.0595 1.68
18.1 -0.742 0.059 1.66
18.2 -0.767 0.0588 1.66
18.3 -0.79 0.059 1.65
18.4 -0.812 0.0597 1.64
18.5 -0.838 0.0611 1.63
18.6 -0.88 0.0821 1.61
18.7 -0.937 0.123 1.6
18.8 -1.0 0.162 1.59
18.9 -1.06 0.189 1.58
19.0 -1.12 0.207 1.58
19.1 -1.16 0.219 1.57
19.2 -1.2 0.228 1.57
19.3 -1.23 0.236 1.57
19.4 -1.26 0.244 1.56
19.5 -1.29 0.251 1.56
19.6 -1.32 0.258 1.56
19.7 -1.36 0.285 1.55
19.8 -1.41 0.304 1.55
19.9 -1.44 0.295 1.57
20.0 -1.46 0.287 1.58
20.1 -1.49 0.283 1.59
20.2 -1.51 0.282 1.6
20.3 -1.54 0.284 1.6
20.4 -1.57 0.287 1.61
20.5 -1.59 0.29 1.61
20.6 -1.62 0.294 1.61
20.7 -1.64 0.297 1.62
20.8 -1.66 0.301 1.62
20.9 -1.69 0.297 1.63
21.0 -1.7 0.311 1.65
21.1 -1.71 0.354 1.67
21.2 -1.72 0.397 1.69
21.3 -1.73 0.43 1.71
21.4 -1.75 0.452 1.73
21.5 -1.78 0.472 1.74
21.6 -1.8 0.49 1.75
21.7 -1.83 0.506 1.76
21.8 -1.85 0.521 1.77
21.9 -1.88 0.535 1.78
22.0 -1.91 0.548 1.79
22.1 -1.93 0.561 1.8
22.2 -1.95 0.589 1.81
22.3 -1.96 0.609 1.84
22.4 -1.96 0.604 1.86
22.5 -1.97 0.604 1.89
22.6 -1.99 0.613 1.91
22.7 -2.0 0.626 1.92
22.8 -2.02 0.64 1.94
22.9 -2.03 0.653 1.95
23.0 -2.05 0.664 1.96
23.1 -2.07 0.673 1.97
23.2 -2.09 0.683 1.98
23.3 -2.11 0.691 1.98
23.4 -2.12 0.692 2.0
23.5 -2.12 0.684 2.02
23.6 -2.12 0.674 2.05
23.7 -2.13 0.664 2.08
23.8 -2.11 0.658 2.09
23.9 -2.09 0.657 2.08
24.0 -2.06 0.659 2.06
24.1 -2.03 0.664 2.05
24.2 -2.01 0.66 2.06
24.3 -2.01 0.652 2.08
24.4 -2.01 0.652 2.09
24.5 -2.01 0.655 2.11
24.6 -2.02 0.658 2.11
24.7 -2.02 0.661 2.12
24.8 -2.03 0.664 2.12
24.9 -2.04 0.667 2.13
25.0 -2.05 0.67 2.14
25.1 -2.04 0.654 2.13
25.2 -2.01 0.617 2.13
25.3 -1.98 0.587 2.13
25.4 -1.96 0.579 2.14
25.5 -1.96 0.585 2.16
25.6 -1.96 0.589 2.16
25.7 -1.97 0.589 2.17
25.8 -1.97 0.59 2.17
25.9 -1.98 0.59 2.18
26.0 -1.99 0.59 2.18
26.1 -1.99 0.591 2.19
26.2 -2.0 0.592 2.19
26.3 -1.99 0.589 2.19
26.4 -1.97 0.581 2.2
26.5 -1.96 0.579 2.21
26.6 -1.97 0.583 2.21
26.7 -1.97 0.586 2.21
26.8 -1.98 0.587 2.22
26.9 -1.99 0.588 2.22
27.0 -1.99 0.59 2.23
27.1 -2.0 0.594 2.23
27.2 -2.01 0.599 2.24
27.3 -2.02 0.604 2.24
27.4 -2.01 0.608 2.24
27.5 -1.99 0.608 2.23
27.6 -1.98 0.61 2.23
27.7 -1.98 0.614 2.23
27.8 -1.97 0.62 2.23
27.9 -1.96 0.623 2.23
28.0 -1.96 0.625 2.23
28.1 -1.95 0.627 2.23
28.2 -1.94 0.627 2.23
28.3 -1.94 0.628 2.23
28.4 -1.94 0.628 2.23
28.5 -1.93 0.628 2.22
28.6 -1.92 0.631 2.22
28.7 -1.9 0.634 2.21
28.8 -1.89 0.64 2.2
28.9 -1.88 0.645 2.19
29.0 -1.87 0.646 2.18
29.1 -1.86 0.641 2.17
29.2 -1.85 0.632 2.16
29.3 -1.85 0.621 2.15
29.4 -1.84 0.609 2.14
29.5 -1.84 0.599 2.13
29.6 -1.84 0.591 2.12
29.7 -1.85 0.585 2.12
29.8 -1.85 0.579 2.12
29.9 -1.85 0.58 2.1
30.0 -1.83 0.587 2.09
30.1 -1.82 0.589 2.07
30.2 -1.81 0.584 2.05
30.3 -1.81 0.576 2.03
30.4 -1.81 0.568 2.02
30.5 -1.81 0.563 2.0
30.6 -1.81 0.559 1.99
30.7 -1.82 0.555 1.97
30.8 -1.82 0.551 1.96
30.9 -1.82 0.548 1.94
31.0 -1.82 0.543 1.93
31.1 -1.82 0.539 1.92
31.2 -1.81 0.542 1.9
31.3 -1.79 0.55 1.87
31.4 -1.76 0.555 1.85
31.5 -1.73 0.553 1.82
31.6 -1.69 0.548 1.8
31.7 -1.66 0.54 1.77
31.8 -1.64 0.527 1.75
31.9 -1.61 0.512 1.73
32.0 -1.59 0.498 1.71
32.1 -1.56 0.485 1.69
32.2 -1.54 0.473 1.67
32.3 -1.52 0.462 1.65
32.4 -1.5 0.452 1.63
32.5 -1.48 0.443 1.61
32.6 -1.45 0.427 1.59
32.7 -1.41 0.402 1.57
32.8 -1.36 0.378 1.54
32.9 -1.33 0.358 1.52
33.0 -1.29 0.339 1.5
33.1 -1.26 0.321 1.48
33.2 -1.23 0.304 1.46
33.3 -1.2 0.288 1.44
33.4 -1.17 0.273 1.42
33.5 -1.14 0.26 1.4
33.6 -1.12 0.248 1.38
33.7 -1.08 0.233 1.37
33.8 -1.03 0.213 1.34
33.9 -0.974 0.194 1.32
34.0 -0.925 0.176 1.3
34.1 -0.878 0.16 1.28
34.2 -0.833 0.146 1.26
34.3 -0.79 0.132 1.25
34.4 -0.754 0.12 1.23
34.5 -0.727 0.11 1.22
34.6 -0.706 0.101 1.21
34.7 -0.686 0.0935 1.2
34.8 -0.663 0.0852 1.19
34.9 -0.635 0.0767 1.18
35.0 -0.597 0.0678 1.17
35.1 -0.555 0.0586 1.16
35.2 -0.518 0.05 1.16
35.3 -0.483 0.0418 1.15
35.4 -0.45 0.0339 1.15
35.5 -0.419 0.0265 1.14
35.6 -0.39 0.0194 1.14
35.7 -0.359 0.0123 1.13
35.8 -0.326 0.00535 1.13
35.9 -0.29 -0.000884 1.13
36.0 -0.251 -0.00632 1.14
36.1 -0.212 -0.0113 1.14
36.2 -0.17 -0.016 1.15
36.3 -0.127 -0.0206 1.16
36.4 -0.0879 -0.0253 1.17
36.5 -0.05 -0.03 1.18
36.6 -0.0132 -0.0346 1.19
36.7 0.022 -0.0392 1.19
36.8 0.0554 -0.0438 1.2
36.9 0.0862 -0.0483 1.21
37.0 0.123 -0.0518 1.22
37.1 0.164 -0.0543 1.23
37.2 0.206 -0.0566 1.24
37.3 0.249 -0.0588 1.25
37.4 0.29 -0.0613 1.26
37.5 0.329 -0.0638 1.27
37.6 0.367 -0.0664 1.28
37.7 0.405 -0.0692 1.29
37.8 0.442 -0.072 1.31
37.9 0.478 -0.0749 1.32
38.0 0.518 -0.0778 1.33
38.1 0.552 -0.0807 1.35
38.2 0.576 -0.0834 1.37
38.3 0.596 -0.0856 1.39
38.4 0.618 -0.0869 1.41
38.5 0.644 -0.0879 1.43
38.6 0.672 -0.0893 1.45
38.7 0.701 -0.0908 1.46
38.8 0.732 -0.0923 1.47
38.9 0.764 -0.0938 1.49
39.0 0.796 -0.0952 1.5
39.1 0.829 -0.0968 1.51
39.2 0.851 -0.114 1.53
39.3 0.862 -0.148 1.56
39.4 0.873 -0.179 1.58
39.5 0.887 -0.201 1.6
39.6 0.907 -0.212 1.63
39.7 0.936 -0.214 1.65
39.8 0.964 -0.213 1.67
39.9 0.987 -0.217 1.68
40.0 1.01 -0.223 1.69
40.1 1.03 -0.228 1.7
40.2 1.05 -0.231 1.71
40.3 1.06 -0.255 1.72
40.4 1.07 -0.3 1.74
40.5 1.09 -0.336 1.75
40.6 1.1 -0.354 1.77
40.7 1.12 -0.362 1.78
40.8 1.14 -0.369 1.78
40.9 1.15 -0.373 1.79
41.0 1.17 -0.374 1.8
41.1 1.19 -0.373 1.82
41.2 1.2 -0.371 1.83
41.3 1.22 -0.371 1.84
41.4 1.24 -0.393 1.84
41.5 1.27 -0.432 1.84
41.6 1.29 -0.455 1.84
41.7 1.31 -0.465 1.85
41.8 1.33 -0.475 1.85
41.9 1.35 -0.484 1.85
42.0 1.36 -0.493 1.86
42.1 1.38 -0.502 1.86
42.2 1.4 -0.512 1.87
42.3 1.42 -0.522 1.87
42.4 1.44 -0.537 1.87
42.5 1.48 -0.567 1.86
42.6 1.53 -0.61 1.85
42.7 1.57 -0.641 1.84
42.8 1.6 -0.661 1.84
42.9 1.63 -0.686 1.83
43.0 1.66 -0.713 1.83
43.1 1.7 -0.742 1.83
43.2 1.74 -0.77 1.82
43.3 1.77 -0.797 1.82
43.4 1.81 -0.824 1.81
43.5 1.85 -0.85 1.81
43.6 1.9 -0.889 1.8
43.7 1.94 -0.923 1.79
43.8 1.97 -0.941 1.79
43.9 2.0 -0.962 1.79
44.0 2.04 -0.99 1.79
44.1 2.09 -1.02 1.79
44.2 2.13 -1.05 1.79
44.3 2.17 -1.07 1.79
44.4 2.21 -1.1 1.78
44.5 2.25 -1.12 1.78
44.6 2.29 -1.15 1.78
44.7 2.33 -1.17 1.78
44.8 2.36 -1.19 1.78
44.9 2.38 -1.2 1.79
45.0 2.4 -1.2 1.79
45.1 2.43 -1.22 1.79
45.2 2.46 -1.23 1.79
45.3 2.5 -1.25 1.79
45.4 2.53 -1.27 1.79
45.5 2.56 -1.29 1.79
45.6 2.59 -1.3 1.79
45.7 2.62 -1.32 1.79
45.8 2.64 -1.33 1.79
45.9 2.65 -1.33 1.79
46.0 2.64 -1.3 1.79
46.1 2.64 -1.3 1.78
46.2 2.66 -1.3 1.78
46.3 2.68 -1.31 1.78
46.4 2.7 -1.32 1.78
46.5 2.72 -1.33 1.78
46.6 2.74 -1.34 1.78
46.7 2.76 -1.35 1.78
46.8 2.78 -1.35 1.78
46.9 2.8 -1.36 1.78
47.0 2.81 -1.35 1.78
47.1 2.82 -1.33 1.77
47.2 2.82 -1.33 1.77
47.3 2.83 -1.32 1.77
47.4 2.84 -1.33 1.76
47.5 2.85 -1.33 1.76
47.6 2.87 -1.33 1.76
47.7 2.88 -1.33 1.76
47.8 2.89 -1.33 1.76
47.9 2.9 -1.33 1.75
48.0 2.92 -1.33 1.75
48.1 2.93 -1.33 1.75
48.2 2.93 -1.32 1.74
48.3 2.92 -1.31 1.74
48.4 2.92 -1.3 1.73
48.5 2.92 -1.29 1.73
48.6 2.92 -1.29 1.73
48.7 2.93 -1.29 1.72
48.8 2.94 -1.29 1.72
48.9 2.96 -1.29 1.72
49.0 2.97 -1.29 1.72
49.1 2.98 -1.29 1.72
49.2 2.98 -1.29 1.71
49.3 2.97 -1.27 1.7
49.4 2.96 -1.26 1.7
49.5 2.95 -1.24 1.69
49.6 2.95 -1.24 1.68
49.7 2.95 -1.24 1.68
49.8 2.96 -1.24 1.68
49.9 2.97 -1.24 1.68
