0.0 0.5 0.5 1.1
0.1 0.5 0.5 1.07
0.2 0.501 0.5 1.01
0.3 0.502 0.5 0.938
0.4 0.504 0.5 0.866
0.5 0.506 0.5 0.8
0.6 0.509 0.5 0.742
0.7 0.512 0.5 0.696
0.8 0.516 0.5 0.659
0.9 0.52 0.5 0.631
1.0 0.526 0.5 0.611
1.1 0.532 0.5 0.597
1.2 0.538 0.5 0.588
1.3 0.546 0.5 0.583
1.4 0.554 0.5 0.581
1.5 0.562 0.5 0.582
1.6 0.572 0.5 0.586
1.7 0.582 0.5 0.593
1.8 0.593 0.5 0.602
1.9 0.605 0.5 0.614
2.0 0.618 0.5 0.628
2.1 0.631 0.5 0.644
2.2 0.645 0.5 0.662
2.3 0.66 0.5 0.683
2.4 0.676 0.5 0.705
2.5 0.692 0.5 0.729
2.6 0.708 0.5 0.753
2.7 0.726 0.501 0.777
2.8 0.744 0.501 0.801
2.9 0.763 0.501 0.823
3.0 0.782 0.501 0.843
3.1 0.802 0.501 0.859
3.2 0.822 0.501 0.87
3.3 0.843 0.501 0.877
3.4 0.865 0.501 0.879
3.5 0.887 0.501 0.876
3.6 0.91 0.501 0.87
3.7 0.933 0.501 0.862
3.8 0.957 0.501 0.851
3.9 0.982 0.501 0.84
4.0 1.01 0.501 0.828
4.1 1.03 0.502 0.818
4.2 1.06 0.502 0.809
4.3 1.09 0.502 0.801
4.4 1.12 0.502 0.795
4.5 1.15 0.502 0.791
4.6 1.18 0.502 0.788
4.7 1.21 0.502 0.788
4.8 1.24 0.503 0.789
4.9 1.28 0.503 0.791
5.0 1.31 0.503 0.794
5.1 1.35 0.503 0.799
5.2 1.38 0.503 0.804
5.3 1.42 0.504 0.81
5.4 1.46 0.504 0.816
5.5 1.49 0.504 0.822
5.6 1.53 0.505 0.828
5.7 1.57 0.505 0.833
5.8 1.61 0.506 0.838
5.9 1.65 0.506 0.842
6.0 1.69 0.507 0.845
6.1 1.74 0.508 0.847
6.2 1.78 0.508 0.849
6.3 1.82 0.509 0.849
6.4 1.87 0.51 0.849
6.5 1.91 0.51 0.848
6.6 1.96 0.511 0.847
6.7 2.0 0.512 0.845
6.8 2.05 0.513 0.843
6.9 2.09 0.517 0.841
7.0 2.14 0.522 0.84
7.1 2.18 0.528 0.838
7.2 2.22 0.537 0.837
7.3 2.26 0.547 0.837
7.4 2.3 0.559 0.836
7.5 2.34 0.573 0.836
7.6 2.37 0.589 0.837
7.7 2.41 0.606 0.838
7.8 2.44 0.626 0.839
7.9 2.47 0.647 0.84
8.0 2.5 0.67 0.842
8.1 2.53 0.695 0.844
8.2 2.56 0.722 0.846
8.3 2.58 0.751 0.848
8.4 2.61 0.782 0.85
8.5 2.63 0.814 0.851
8.6 2.65 0.848 0.853
8.7 2.67 0.885 0.855
8.8 2.69 0.923 0.856
8.9 2.71 0.962 0.857
9.0 2.72 1.0 0.858
9.1 2.74 1.05 0.859
9.2 2.75 1.09 0.86
9.3 2.77 1.14 0.86
9.4 2.78 1.19 0.861
9.5 2.79 1.24 0.861
9.6 2.79 1.29 0.861
9.7 2.8 1.35 0.862
9.8 2.81 1.4 0.862
9.9 2.82 1.46 0.863
10.0 2.82 1.52 0.864
10.1 2.82 1.58 0.865
10.2 2.82 1.64 0.866
10.3 2.82 1.7 0.867
10.4 2.82 1.77 0.868
10.5 2.82 1.84 0.869
10.6 2.82 1.91 0.871
10.7 2.82 1.98 0.873
10.8 2.82 2.05 0.874
10.9 2.81 2.12 0.876
11.0 2.8 2.19 0.879
11.1 2.78 2.25 0.883
11.2 2.76 2.32 0.887
11.3 2.73 2.38 0.893
11.4 2.7 2.44 0.899
11.5 2.67 2.5 0.906
11.6 2.64 2.56 0.915
11.7 2.61 2.61 0.924
11.8 2.58 2.66 0.935
11.9 2.55 2.71 0.948
12.0 2.52 2.76 0.961
12.1 2.49 2.8 0.975
12.2 2.46 2.84 0.99
12.3 2.44 2.87 1.01
12.4 2.43 2.88 1.03
12.5 2.42 2.89 1.06
12.6 2.42 2.89 1.09
12.7 2.42 2.87 1.12
12.8 2.43 2.86 1.16
12.9 2.43 2.85 1.19
13.0 2.44 2.83 1.23
13.1 2.44 2.81 1.27
13.2 2.45 2.79 1.32
13.3 2.46 2.76 1.36
13.4 2.47 2.74 1.4
13.5 2.48 2.71 1.45
13.6 2.49 2.68 1.5
13.7 2.5 2.65 1.54
13.8 2.51 2.62 1.59
13.9 2.53 2.58 1.64
14.0 2.54 2.55 1.7
14.1 2.55 2.51 1.75
14.2 2.56 2.47 1.8
14.3 2.57 2.44 1.86
14.4 2.59 2.4 1.91
14.5 2.6 2.36 1.96
14.6 2.62 2.32 2.02
14.7 2.64 2.29 2.07
14.8 2.65 2.25 2.12
14.9 2.65 2.21 2.18
15.0 2.65 2.17 2.23
15.1 2.64 2.13 2.29
15.2 2.63 2.09 2.34
15.3 2.62 2.07 2.39
15.4 2.62 2.06 2.42
15.5 2.59 2.05 2.45
15.6 2.57 2.06 2.48
15.7 2.55 2.06 2.5
15.8 2.53 2.07 2.53
15.9 2.52 2.08 2.56
16.0 2.52 2.1 2.58
16.1 2.53 2.11 2.61
16.2 2.55 2.12 2.63
16.3 2.57 2.14 2.66
16.4 2.6 2.15 2.68
16.5 2.62 2.17 2.7
16.6 2.65 2.19 2.72
16.7 2.68 2.21 2.74
16.8 2.71 2.23 2.77
16.9 2.75 2.23 2.79
17.0 2.79 2.24 2.81
17.1 2.83 2.24 2.83
17.2 2.86 2.24 2.84
17.3 2.88 2.26 2.85
17.4 2.89 2.29 2.85
17.5 2.89 2.33 2.85
17.6 2.89 2.39 2.85
17.7 2.88 2.47 2.84
17.8 2.88 2.56 2.84
17.9 2.87 2.64 2.84
18.0 2.87 2.72 2.83
18.1 2.87 2.79 2.83
18.2 2.87 2.84 2.83
18.3 2.87 2.86 2.84
18.4 2.87 2.87 2.84
18.5 2.87 2.87 2.84
18.6 2.87 2.87 2.84
18.7 2.87 2.86 2.84
18.8 2.87 2.85 2.84
18.9 2.87 2.85 2.84
19.0 2.86 2.84 2.84
19.1 2.86 2.83 2.84
19.2 2.85 2.82 2.84
19.3 2.84 2.81 2.84
19.4 2.83 2.81 2.84
19.5 2.82 2.8 2.84
19.6 2.81 2.8 2.84
19.7 2.8 2.8 2.84
19.8 2.79 2.8 2.84
19.9 2.78 2.8 2.84
20.0 2.78 2.81 2.83
20.1 2.77 2.81 2.83
20.2 2.78 2.81 2.83
20.3 2.78 2.81 2.83
20.4 2.79 2.81 2.83
20.5 2.8 2.81 2.82
20.6 2.8 2.81 2.82
20.7 2.81 2.82 2.82
20.8 2.81 2.82 2.82
20.9 2.82 2.82 2.82
21.0 2.82 2.82 2.82
21.1 2.82 2.82 2.81
21.2 2.82 2.82 2.81
21.3 2.81 2.82 2.81
21.4 2.81 2.82 2.81
21.5 2.81 2.82 2.81
21.6 2.81 2.82 2.81
21.7 2.81 2.83 2.81
21.8 2.81 2.83 2.81
21.9 2.8 2.83 2.81
22.0 2.8 2.83 2.81
22.1 2.8 2.83 2.81
22.2 2.8 2.83 2.81
22.3 2.8 2.83 2.8
22.4 2.8 2.83 2.8
22.5 2.8 2.82 2.8
22.6 2.8 2.82 2.8
22.7 2.8 2.82 2.8
22.8 2.8 2.82 2.8
22.9 2.8 2.82 2.8
23.0 2.79 2.82 2.8
23.1 2.79 2.82 2.8
23.2 2.8 2.82 2.8
23.3 2.8 2.81 2.8
23.4 2.8 2.81 2.81
23.5 2.8 2.81 2.81
23.6 2.8 2.81 2.81
23.7 2.8 2.81 2.81
23.8 2.8 2.81 2.81
23.9 2.81 2.81 2.81
24.0 2.81 2.81 2.81
24.1 2.81 2.81 2.8
24.2 2.81 2.81 2.81
24.3 2.81 2.81 2.81
24.4 2.81 2.81 2.81
24.5 2.81 2.81 2.81
24.6 2.81 2.81 2.81
24.7 2.81 2.81 2.81
24.8 2.8 2.81 2.81
24.9 2.8 2.81 2.81
25.0 2.8 2.81 2.81
25.1 2.8 2.82 2.81
25.2 2.8 2.82 2.81
25.3 2.8 2.82 2.81
25.4 2.8 2.82 2.81
25.5 2.8 2.82 2.81
25.6 2.8 2.82 2.81
25.7 2.8 2.82 2.81
25.8 2.8 2.82 2.81
25.9 2.8 2.81 2.81
26.0 2.8 2.81 2.81
26.1 2.8 2.81 2.81
26.2 2.8 2.81 2.81
26.3 2.8 2.81 2.81
26.4 2.8 2.81 2.81
26.5 2.81 2.81 2.81
26.6 2.81 2.81 2.81
26.7 2.81 2.81 2.81
26.8 2.81 2.81 2.81
26.9 2.81 2.81 2.81
27.0 2.81 2.81 2.81
27.1 2.81 2.81 2.81
27.2 2.81 2.81 2.81
27.3 2.81 2.81 2.81
27.4 2.81 2.81 2.81
27.5 2.81 2.81 2.81
27.6 2.81 2.81 2.81
27.7 2.81 2.81 2.81
27.8 2.81 2.81 2.81
27.9 2.81 2.81 2.81
28.0 2.81 2.81 2.81
28.1 2.81 2.81 2.81
28.2 2.81 2.81 2.81
28.3 2.81 2.81 2.81
28.4 2.81 2.81 2.81
28.5 2.81 2.81 2.81
28.6 2.8 2.81 2.81
28.7 2.8 2.81 2.81
28.8 2.79 2.81 2.81
28.9 2.77 2.81 2.81
29.0 2.75 2.81 2.81
29.1 2.73 2.81 2.81
29.2 2.7 2.81 2.81
29.3 2.67 2.81 2.81
29.4 2.64 2.81 2.81
29.5 2.61 2.81 2.81
29.6 2.58 2.81 2.81
29.7 2.54 2.81 2.81
29.8 2.51 2.81 2.81
29.9 2.48 2.81 2.81
30.0 2.44 2.81 2.81
30.1 2.41 2.81 2.81
30.2 2.37 2.81 2.81
30.3 2.34 2.81 2.81
30.4 2.31 2.81 2.81
30.5 2.28 2.81 2.81
30.6 2.25 2.81 2.81
30.7 2.22 2.81 2.81
30.8 2.2 2.81 2.81
30.9 2.17 2.81 2.81
31.0 2.15 2.81 2.81
31.1 2.12 2.81 2.81
31.2 2.1 2.81 2.81
31.3 2.08 2.81 2.81
31.4 2.06 2.81 2.81
31.5 2.04 2.81 2.81
31.6 2.02 2.81 2.81
31.7 2.0 2.81 2.81
31.8 1.99 2.81 2.81
31.9 1.97 2.81 2.81
32.0 1.96 2.81 2.81
32.1 1.94 2.81 2.81
32.2 1.93 2.81 2.81
32.3 1.92 2.81 2.81
32.4 1.91 2.81 2.81
32.5 1.9 2.81 2.81
32.6 1.89 2.81 2.81
32.7 1.88 2.81 2.81
32.8 1.88 2.81 2.81
32.9 1.87 2.81 2.81
33.0 1.86 2.81 2.81
33.1 1.86 2.8 2.81
33.2 1.86 2.8 2.81
33.3 1.86 2.8 2.81
33.4 1.86 2.8 2.81
33.5 1.85 2.8 2.81
33.6 1.84 2.8 2.81
33.7 1.82 2.8 2.81
33.8 1.79 2.8 2.81
33.9 1.74 2.8 2.81
34.0 1.69 2.8 2.81
34.1 1.64 2.8 2.81
34.2 1.61 2.8 2.81
34.3 1.6 2.8 2.81
34.4 1.59 2.81 2.81
34.5 1.6 2.81 2.81
34.6 1.6 2.81 2.81
34.7 1.62 2.81 2.81
34.8 1.63 2.81 2.81
34.9 1.65 2.8 2.81
35.0 1.66 2.8 2.81
35.1 1.67 2.8 2.81
35.2 1.68 2.8 2.81
35.3 1.69 2.8 2.81
35.4 1.69 2.79 2.81
35.5 1.69 2.79 2.81
35.6 1.69 2.78 2.8
35.7 1.69 2.78 2.8
35.8 1.69 2.77 2.8
35.9 1.68 2.76 2.8
36.0 1.67 2.75 2.8
36.1 1.67 2.75 2.8
36.2 1.66 2.74 2.8
36.3 1.65 2.73 2.8
36.4 1.65 2.72 2.8
36.5 1.64 2.71 2.8
36.6 1.64 2.7 2.8
36.7 1.64 2.69 2.8
36.8 1.64 2.69 2.8
36.9 1.64 2.68 2.8
37.0 1.65 2.67 2.8
37.1 1.65 2.66 2.8
37.2 1.66 2.65 2.8
37.3 1.67 2.65 2.8
37.4 1.68 2.64 2.8
37.5 1.7 2.63 2.8
37.6 1.71 2.62 2.8
37.7 1.73 2.62 2.8
37.8 1.75 2.61 2.8
37.9 1.77 2.6 2.8
38.0 1.79 2.59 2.8
38.1 1.81 2.58 2.8
38.2 1.83 2.57 2.8
38.3 1.85 2.56 2.8
38.4 1.87 2.55 2.8
38.5 1.89 2.54 2.8
38.6 1.91 2.52 2.8
38.7 1.93 2.51 2.8
38.8 1.95 2.5 2.8
38.9 1.97 2.48 2.8
39.0 1.98 2.46 2.8
39.1 2.0 2.45 2.8
39.2 2.02 2.43 2.8
39.3 2.03 2.41 2.8
39.4 2.05 2.39 2.8
39.5 2.07 2.37 2.8
39.6 2.08 2.35 2.8
39.7 2.1 2.33 2.8
39.8 2.12 2.3 2.8
39.9 2.13 2.28 2.8
40.0 2.15 2.26 2.8
40.1 2.16 2.23 2.8
40.2 2.18 2.2 2.8
40.3 2.2 2.18 2.8
40.4 2.21 2.15 2.8
40.5 2.23 2.12 2.8
40.6 2.25 2.09 2.8
40.7 2.26 2.06 2.8
40.8 2.28 2.03 2.8
40.9 2.29 1.99 2.8
41.0 2.31 1.96 2.8
41.1 2.33 1.92 2.8
41.2 2.34 1.89 2.8
41.3 2.36 1.85 2.8
41.4 2.37 1.81 2.8
41.5 2.39 1.78 2.8
41.6 2.4 1.74 2.8
41.7 2.42 1.7 2.8
41.8 2.43 1.66 2.8
41.9 2.45 1.62 2.8
42.0 2.47 1.58 2.8
42.1 2.49 1.54 2.8
42.2 2.52 1.51 2.8
42.3 2.54 1.47 2.8
42.4 2.56 1.43 2.79
42.5 2.59 1.4 2.79
42.6 2.61 1.36 2.79
42.7 2.63 1.33 2.79
42.8 2.64 1.29 2.79
42.9 2.64 1.26 2.79
43.0 2.64 1.23 2.79
43.1 2.63 1.2 2.78
43.2 2.62 1.17 2.78
43.3 2.61 1.13 2.78
43.4 2.6 1.1 2.78
43.5 2.59 1.07 2.77
43.6 2.57 1.04 2.77
43.7 2.56 1.01 2.77
43.8 2.54 0.978 2.77
43.9 2.52 0.947 2.76
44.0 2.51 0.917 2.76
44.1 2.49 0.886 2.76
44.2 2.47 0.856 2.76
44.3 2.45 0.825 2.75
44.4 2.43 0.795 2.75
44.5 2.41 0.765 2.75
44.6 2.39 0.735 2.74
44.7 2.36 0.704 2.74
44.8 2.34 0.674 2.74
44.9 2.32 0.643 2.74
45.0 2.29 0.613 2.73
45.1 2.27 0.582 2.73
45.2 2.24 0.552 2.73
45.3 2.22 0.521 2.72
45.4 2.19 0.49 2.72
45.5 2.17 0.46 2.72
45.6 2.14 0.429 2.71
45.7 2.11 0.399 2.71
45.8 2.09 0.37 2.71
45.9 2.06 0.342 2.7
46.0 2.03 0.315 2.7
46.1 2.01 0.289 2.69
46.2 1.98 0.264 2.68
46.3 1.95 0.24 2.68
46.4 1.93 0.218 2.67
46.5 1.9 0.196 2.66
46.6 1.87 0.178 2.65
46.7 1.85 0.168 2.64
46.8 1.83 0.165 2.63
46.9 1.81 0.17 2.61
47.0 1.79 0.181 2.58
47.1 1.77 0.195 2.56
47.2 1.75 0.211 2.54
47.3 1.73 0.229 2.52
47.4 1.71 0.249 2.49
47.5 1.7 0.27 2.47
47.6 1.68 0.292 2.44
47.7 1.66 0.316 2.42
47.8 1.65 0.34 2.39
47.9 1.63 0.365 2.36
48.0 1.62 0.391 2.34
48.1 1.6 0.418 2.31
48.2 1.59 0.446 2.28
48.3 1.57 0.475 2.25
48.4 1.56 0.504 2.23
48.5 1.55 0.534 2.2
48.6 1.53 0.564 2.17
48.7 1.52 0.595 2.14
48.8 1.51 0.627 2.11
48.9 1.5 0.659 2.08
49.0 1.49 0.691 2.05
49.1 1.48 0.724 2.03
49.2 1.47 0.757 2.0
49.3 1.47 0.791 1.97
49.4 1.46 0.825 1.94
49.5 1.46 0.86 1.91
49.6 1.46 0.895 1.88
49.7 1.46 0.93 1.85
49.8 1.46 0.966 1.82
49.9 1.46 1.0 1.8
