0.0 -0.000284 3.38e-05 0.303 0.303
0.1 -0.397 6.46e-05 0.559 0.686
0.2 -0.428 9.25e-05 0.752 0.865
0.3 -0.192 0.000117 0.857 0.879
0.4 -0.11 0.000139 0.867 0.874
0.5 -0.0559 0.000158 0.805 0.807
0.6 0.246 0.000174 0.708 0.75
0.7 -0.03 0.000188 0.6 0.601
0.8 -0.0314 0.000202 0.494 0.495
0.9 -0.0258 0.000216 0.394 0.395
1.0 -0.0314 0.000229 0.301 0.303
1.1 -0.0235 0.000243 0.217 0.219
1.2 -0.43 0.000256 0.141 0.452
1.3 -0.453 0.000273 0.0725 0.459
1.4 -0.476 0.000294 0.0108 0.476
1.5 -0.495 0.000321 -0.0445 0.497
1.6 -0.395 0.000352 -0.0941 0.406
1.7 -0.126 0.000384 -0.138 0.187
1.8 -0.12 0.000416 -0.177 0.214
1.9 -0.115 0.000448 -0.212 0.241
2.0 -0.11 0.000479 -0.242 0.265
2.1 -0.105 0.000508 -0.267 0.287
2.2 -0.101 0.000538 -0.288 0.305
2.3 -0.395 0.000568 -0.305 0.499
2.4 -0.289 0.0006 -0.316 0.428
2.5 -0.111 0.000635 -0.32 0.339
2.6 -0.107 0.000669 -0.318 0.336
2.7 -0.104 0.000703 -0.307 0.324
2.8 -0.0972 0.000736 -0.286 0.302
2.9 -0.0924 0.000769 -0.254 0.271
3.0 -0.0878 0.000801 -0.212 0.23
3.1 -0.0847 0.000832 -0.161 0.182
3.2 -0.0799 0.000862 -0.103 0.131
3.3 -0.0785 0.000893 -0.0443 0.0901
3.4 -0.261 0.000922 0.0123 0.261
3.5 0.312 0.000952 0.0621 0.318
3.6 0.251 0.000974 0.102 0.271
3.7 -0.0375 0.000991 0.13 0.135
3.8 -0.0417 0.00101 0.146 0.152
3.9 -0.0425 0.00102 0.151 0.157
4.0 -0.0419 0.00103 0.146 0.152
4.1 -0.0424 0.00105 0.134 0.141
4.2 -0.0421 0.00106 0.117 0.125
4.3 -0.0423 0.00107 0.0966 0.105
4.4 -0.0419 0.00108 0.0742 0.0852
4.5 0.361 0.00109 0.0513 0.365
4.6 0.377 0.00109 0.0288 0.378
4.7 0.0784 0.00108 0.00767 0.0787
4.8 0.0205 0.00107 -0.0115 0.0236
4.9 0.00638 0.00107 -0.0284 0.0291
5.0 0.0035 0.00106 -0.0424 0.0426
5.1 0.00169 0.00105 -0.0535 0.0536
5.2 0.000207 0.00104 -0.0614 0.0614
5.3 0.000798 0.00103 -0.0661 0.0661
5.4 -0.00338 0.00102 -0.0675 0.0676
5.5 -0.00577 0.00101 -0.0659 0.0661
5.6 0.387 0.001 -0.0614 0.391
5.7 0.253 0.000985 -0.0544 0.259
5.8 0.0301 0.000969 -0.0454 0.0545
5.9 0.025 0.000952 -0.035 0.043
6.0 0.0221 0.000936 -0.0238 0.0325
6.1 0.0191 0.00092 -0.0125 0.0229
6.2 0.0156 0.000904 -0.00165 0.0157
6.3 0.0138 0.00089 0.00816 0.0161
6.4 0.0117 0.000876 0.0165 0.0202
6.5 0.00949 0.000862 0.0231 0.025
6.6 0.00805 0.00085 0.0277 0.0289
6.7 0.244 0.000838 0.0304 0.245
6.8 0.0372 0.000827 0.0313 0.0486
6.9 0.0296 0.000816 0.0304 0.0424
7.0 0.0271 0.000807 0.0281 0.0391
7.1 0.0218 0.000799 0.0247 0.033
7.2 0.0245 0.000792 0.0205 0.0319
7.3 0.0313 0.000786 0.0157 0.035
7.4 0.0285 0.00078 0.0107 0.0304
7.5 0.0417 0.000777 0.00576 0.0421
7.6 0.0448 0.000774 0.00103 0.0448
7.7 0.0507 0.000772 -0.00325 0.0508
7.8 0.0309 0.000772 -0.00694 0.0317
7.9 0.0116 0.000774 -0.00992 0.0153
8.0 0.00708 0.000781 -0.0121 0.0141
8.1 0.0214 0.000791 -0.0136 0.0254
8.2 0.0136 0.000802 -0.0142 0.0197
8.3 0.0112 0.000814 -0.0141 0.018
8.4 0.0315 0.000827 -0.0133 0.0342
8.5 0.0495 0.000841 -0.012 0.0509
8.6 0.0792 0.000857 -0.0102 0.0799
8.7 0.124 0.000873 -0.00811 0.124
8.8 0.173 0.000891 -0.00582 0.173
8.9 0.239 0.00091 -0.00348 0.239
9.0 0.0331 0.000931 -0.00121 0.0331
9.1 0.207 0.000955 0.00089 0.207
9.2 0.198 0.000983 0.00273 0.198
9.3 0.216 0.00101 0.00424 0.216
9.4 0.241 0.00104 0.00539 0.241
9.5 0.193 0.00108 0.00614 0.193
9.6 0.137 0.00111 0.00652 0.137
9.7 0.101 0.00114 0.00654 0.101
9.8 0.0757 0.00118 0.00623 0.076
9.9 0.0647 0.00121 0.00566 0.0649
10.0 0.0642 0.00124 0.00487 0.0644
10.1 0.305 0.00127 0.00392 0.305
10.2 0.192 0.00131 0.00288 0.192
10.3 0.104 0.00134 0.00181 0.105
10.4 0.0729 0.00138 0.000769 0.0729
10.5 0.0695 0.00141 -0.000205 0.0695
10.6 0.0662 0.00145 -0.00107 0.0662
10.7 0.0634 0.00148 -0.00179 0.0635
10.8 0.0606 0.00151 -0.00235 0.0607
10.9 0.0581 0.00154 -0.00274 0.0582
11.0 0.0555 0.00158 -0.00295 0.0556
11.1 0.054 0.00161 -0.00301 0.0541
11.2 0.076 0.00164 -0.00291 0.0761
11.3 0.0723 0.00168 -0.00268 0.0724
11.4 0.0673 0.00172 -0.00234 0.0674
11.5 0.0598 0.00175 -0.00193 0.0598
11.6 0.0514 0.00179 -0.00146 0.0514
11.7 0.0479 0.00182 -0.000973 0.0479
11.8 0.0462 0.00186 -0.000486 0.0462
11.9 0.0445 0.00189 -2.64e-05 0.0445
12.0 0.0436 0.00193 0.000387 0.0436
12.1 -0.0737 0.00196 0.000739 0.0737
12.2 -0.011 0.002 0.00102 0.0113
12.3 0.0306 0.00204 0.00122 0.0307
12.4 0.0307 0.00207 0.00133 0.0308
12.5 0.0293 0.00211 0.00137 0.0294
12.6 0.0297 0.00215 0.00134 0.0298
12.7 0.0295 0.00219 0.00125 0.0296
12.8 0.0291 0.00223 0.0011 0.0292
12.9 0.0291 0.00227 0.000917 0.0292
13.0 0.028 0.00231 0.000707 0.0281
13.1 -0.111 0.00235 0.000484 0.111
13.2 -0.0487 0.0024 0.000259 0.0487
13.3 -0.00634 0.00244 4.43e-05 0.00679
13.4 0.0128 0.00248 -0.000152 0.013
13.5 0.0144 0.00252 -0.00032 0.0146
13.6 0.0148 0.00257 -0.000457 0.015
13.7 0.0153 0.00261 -0.000557 0.0155
13.8 0.0156 0.00265 -0.000621 0.0158
13.9 0.0158 0.0027 -0.000649 0.016
14.0 0.0161 0.00274 -0.000643 0.0164
14.1 -0.103 0.00279 -0.000607 0.103
14.2 -0.0547 0.00284 -0.000546 0.0548
14.3 -0.0201 0.00288 -0.000466 0.0203
14.4 0.00666 0.00293 -0.000372 0.00728
14.5 0.0043 0.00297 -0.000271 0.00523
14.6 0.00707 0.00302 -0.000168 0.00769
14.7 0.00716 0.00307 -6.8e-05 0.00779
14.8 0.00712 0.00312 2.41e-05 0.00777
14.9 0.00834 0.00317 0.000105 0.00893
15.0 0.00936 0.00322 0.000171 0.0099
15.1 0.182 0.00327 0.000222 0.182
15.2 -0.0677 0.00333 0.000257 0.0678
15.3 -0.042 0.00339 0.000276 0.0421
15.4 -0.0176 0.00346 0.000278 0.0179
15.5 -0.0112 0.00352 0.000266 0.0117
15.6 0.00926 0.00358 0.000241 0.00993
15.7 0.00816 0.00365 0.000207 0.00894
15.8 0.0116 0.00371 0.000165 0.0121
15.9 0.0105 0.00378 0.000119 0.0112
16.0 0.0104 0.00385 7.1e-05 0.0111
16.1 0.00948 0.00391 2.38e-05 0.0103
16.2 -0.0701 0.00398 -2.01e-05 0.0702
16.3 -0.134 0.00405 -5.96e-05 0.134
16.4 -0.138 0.00412 -9.32e-05 0.138
16.5 -0.114 0.00419 -0.00012 0.115
16.6 -0.0512 0.00426 -0.000138 0.0514
16.7 -0.00798 0.00433 -0.000149 0.00909
16.8 -0.00143 0.0044 -0.000152 0.00463
16.9 0.00132 0.00448 -0.000148 0.00467
17.0 -0.0025 0.00455 -0.000138 0.00519
17.1 -0.00165 0.00462 -0.000123 0.00491
17.2 -0.0012 0.0047 -0.000105 0.00485
17.3 0.00264 0.00477 -8.42e-05 0.00545
17.4 0.0023 0.00485 -6.23e-05 0.00537
17.5 -0.00183 0.00493 -4.04e-05 0.00526
17.6 0.000963 0.00501 -1.94e-05 0.0051
17.7 0.00357 0.00509 -3.61e-07 0.00621
17.8 0.00421 0.00517 1.6e-05 0.00667
17.9 0.0065 0.00525 2.91e-05 0.00835
18.0 0.00767 0.00533 3.87e-05 0.00934
18.1 0.00776 0.00542 4.51e-05 0.00946
18.2 0.00511 0.0055 4.82e-05 0.00751
18.3 0.0061 0.00559 4.83e-05 0.00828
18.4 0.00574 0.00568 4.57e-05 0.00808
18.5 0.00492 0.00577 4.1e-05 0.00758
18.6 0.159 0.00586 3.42e-05 0.159
18.7 0.191 0.00595 2.59e-05 0.191
18.8 0.173 0.00604 1.67e-05 0.173
18.9 0.161 0.00614 7.28e-06 0.161
19.0 0.123 0.00623 -1.87e-06 0.123
19.1 0.0918 0.00632 -1.02e-05 0.092
19.2 0.0575 0.00642 -1.71e-05 0.0578
19.3 0.0449 0.00652 -2.24e-05 0.0453
19.4 0.044 0.00662 -2.59e-05 0.0445
19.5 0.0417 0.00673 -2.71e-05 0.0422
19.6 0.0416 0.00682 -2.76e-05 0.0421
19.7 0.214 0.00693 -2.65e-05 0.215
19.8 0.104 0.00703 -2.42e-05 0.104
19.9 0.115 0.00713 -1.96e-05 0.115
20.0 0.0614 0.00723 -1.36e-05 0.0618
20.1 0.0615 0.00733 -5.89e-06 0.0619
20.2 0.0511 0.00743 2.09e-06 0.0516
20.3 0.059 0.00753 1.04e-05 0.0595
20.4 0.0474 0.00763 1.8e-05 0.048
20.5 0.046 0.00773 2.49e-05 0.0467
20.6 0.0448 0.00784 3.08e-05 0.0455
20.7 0.0435 0.00794 3.49e-05 0.0443
20.8 0.0426 0.00805 3.78e-05 0.0433
20.9 0.0989 0.00816 3.97e-05 0.0992
21.0 0.185 0.00826 4.04e-05 0.185
21.1 0.193 0.00837 4.17e-05 0.193
21.2 0.207 0.00848 4.26e-05 0.208
21.3 0.16 0.00859 4.42e-05 0.16
21.4 0.161 0.00871 4.56e-05 0.161
21.5 0.152 0.00882 4.73e-05 0.152
21.6 0.151 0.00895 4.91e-05 0.152
21.7 0.132 0.00908 5e-05 0.133
21.8 0.122 0.00921 5.12e-05 0.123
21.9 0.109 0.00935 5.19e-05 0.109
22.0 0.0944 0.0095 5.24e-05 0.0948
22.1 0.0817 0.00967 5.3e-05 0.0822
22.2 0.223 0.00983 5.23e-05 0.224
22.3 0.245 0.01 5.42e-05 0.245
22.4 0.254 0.0102 6.03e-05 0.254
22.5 0.192 0.0104 7.06e-05 0.193
22.6 0.176 0.0106 8.31e-05 0.176
22.7 0.149 0.0109 9.67e-05 0.149
22.8 0.13 0.0111 0.000108 0.131
22.9 0.102 0.0114 0.000118 0.103
23.0 0.0988 0.0117 0.000128 0.0995
23.1 0.0954 0.012 0.000141 0.0962
23.2 0.0927 0.0123 0.000146 0.0935
23.3 0.0916 0.0127 0.000149 0.0924
23.4 0.25 0.013 0.000155 0.251
23.5 0.258 0.0135 0.000172 0.259
23.6 0.266 0.014 0.000204 0.267
23.7 0.273 0.0147 0.000254 0.274
23.8 -0.00472 0.0156 0.000339 0.0163
23.9 -0.0157 0.0162 0.000357 0.0225
24.0 -0.0327 0.0165 0.000322 0.0366
24.1 -0.0533 0.0166 0.000248 0.0558
24.2 0.0416 0.0166 0.000154 0.0448
24.3 0.0456 0.0166 6.4e-05 0.0485
24.4 0.0529 0.0166 -1.53e-05 0.0554
24.5 0.0641 0.0167 -8.29e-05 0.0662
24.6 0.0672 0.0167 -0.000137 0.0692
24.7 0.0661 0.0167 -0.000178 0.0682
24.8 0.0661 0.0167 -0.000204 0.0682
24.9 0.0648 0.0168 -0.000208 0.067
25.0 0.0649 0.0169 -0.000199 0.0671
25.1 -0.34 0.017 -0.000181 0.34
25.2 -0.365 0.017 -0.000167 0.366
25.3 -0.244 0.0169 -0.000161 0.245
25.4 0.00187 0.0167 -0.000158 0.0168
25.5 0.0046 0.0166 -0.000146 0.0172
25.6 0.00866 0.0164 -0.000126 0.0186
25.7 0.008 0.0163 -0.000102 0.0182
25.8 0.0112 0.0162 -7.43e-05 0.0197
25.9 0.0132 0.0161 -4.5e-05 0.0208
26.0 0.0151 0.016 -1.56e-05 0.022
26.1 0.0144 0.0159 1.33e-05 0.0215
26.2 0.018 0.0159 4.48e-05 0.024
26.3 -0.00109 0.0158 7.05e-05 0.0159
26.4 -0.0484 0.0158 8.53e-05 0.0509
26.5 -0.00317 0.0157 9.05e-05 0.016
26.6 0.00435 0.0156 9.17e-05 0.0162
26.7 0.0154 0.0155 9.39e-05 0.0219
26.8 0.0184 0.0155 9.22e-05 0.0241
26.9 0.0212 0.0154 8.67e-05 0.0263
27.0 0.0223 0.0154 7.84e-05 0.0271
27.1 0.0236 0.0154 6.76e-05 0.0281
27.2 0.0246 0.0154 6.14e-05 0.029
27.3 0.0254 0.0154 5.45e-05 0.0297
27.4 -0.0297 0.0154 4.62e-05 0.0334
27.5 -0.0441 0.0154 2.93e-05 0.0467
27.6 -0.0131 0.0154 1.03e-05 0.0202
27.7 0.00328 0.0153 -7.13e-06 0.0157
27.8 0.0168 0.0153 -2.22e-05 0.0227
27.9 0.0186 0.0153 -3.44e-05 0.0241
28.0 0.0202 0.0153 -4.17e-05 0.0253
28.1 0.0216 0.0153 -4.02e-05 0.0265
28.2 0.023 0.0153 -3.67e-05 0.0276
28.3 0.0235 0.0153 -3.14e-05 0.0281
28.4 0.024 0.0154 -2.3e-05 0.0285
28.5 -0.0761 0.0154 -9.44e-06 0.0776
28.6 -0.0865 0.0154 -7.34e-06 0.0879
28.7 -0.0956 0.0154 -1.43e-05 0.0968
28.8 -0.104 0.0153 -2.38e-05 0.105
28.9 -0.111 0.0153 -3.92e-05 0.112
29.0 -0.085 0.0152 -5.39e-05 0.0864
29.1 -0.0713 0.0151 -6.54e-05 0.0728
29.2 -0.0584 0.015 -7.33e-05 0.0603
29.3 -0.0477 0.0149 -7.8e-05 0.05
29.4 -0.033 0.0149 -7.97e-05 0.0362
29.5 -0.0193 0.0148 -7.86e-05 0.0243
29.6 -0.00837 0.0148 -7.05e-05 0.017
29.7 -0.00851 0.0147 -6e-05 0.017
29.8 -0.00728 0.0147 -4.83e-05 0.0164
29.9 -0.0542 0.0147 -3.61e-05 0.0562
30.0 -0.056 0.0147 -2.48e-05 0.0579
30.1 -0.0641 0.0146 -1.54e-05 0.0658
30.2 -0.0674 0.0146 -3.78e-06 0.0689
30.3 -0.0516 0.0146 5.6e-06 0.0537
30.4 -0.0426 0.0146 1.19e-05 0.045
30.5 -0.033 0.0146 1.59e-05 0.0361
30.6 -0.0283 0.0147 2.1e-05 0.0319
30.7 -0.0208 0.0147 2.22e-05 0.0254
30.8 -0.0156 0.0147 2.08e-05 0.0214
30.9 -0.00736 0.0148 2.1e-05 0.0165
31.0 -0.00559 0.0148 1.78e-05 0.0158
31.1 -0.00442 0.0149 1.75e-05 0.0155
31.2 -0.0738 0.015 1.53e-05 0.0753
31.3 -0.0864 0.015 7.24e-06 0.0877
31.4 -0.0974 0.015 -9.88e-06 0.0985
31.5 -0.107 0.015 -2.91e-05 0.108
31.6 -0.111 0.015 -4.87e-05 0.112
31.7 -0.0952 0.015 -6.76e-05 0.0964
31.8 -0.0878 0.015 -8.37e-05 0.0891
31.9 -0.0803 0.015 -8.97e-05 0.0816
32.0 -0.0726 0.015 -9.55e-05 0.0741
32.1 -0.0637 0.015 -9.91e-05 0.0654
32.2 -0.0519 0.015 -9.98e-05 0.0541
32.3 -0.0361 0.015 -9.43e-05 0.0391
32.4 -0.0282 0.0151 -8.78e-05 0.032
32.5 -0.0268 0.0151 -7.95e-05 0.0307
32.6 -0.146 0.0151 -6.69e-05 0.147
32.7 -0.159 0.0152 -5.87e-05 0.159
32.8 -0.145 0.0152 -5.27e-05 0.146
32.9 -0.136 0.0151 -4.72e-05 0.137
33.0 -0.125 0.0152 -3.9e-05 0.126
33.1 -0.113 0.0152 -3.16e-05 0.114
33.2 -0.0962 0.0152 -2.64e-05 0.0974
33.3 -0.0774 0.0152 -2.24e-05 0.0789
33.4 -0.0558 0.0153 -1.65e-05 0.0578
33.5 -0.0457 0.0153 -1.28e-05 0.0482
33.6 -0.0427 0.0154 -1.09e-05 0.0454
33.7 -0.18 0.0154 -1.02e-05 0.181
33.8 -0.192 0.0154 -1.57e-05 0.193
33.9 -0.17 0.0153 -2.93e-05 0.171
34.0 -0.151 0.0151 -4.81e-05 0.152
34.1 -0.13 0.0149 -6.94e-05 0.131
34.2 -0.106 0.0147 -9.1e-05 0.107
34.3 -0.0852 0.0144 -0.000111 0.0864
34.4 -0.0647 0.0142 -0.000128 0.0662
34.5 -0.059 0.0139 -0.000141 0.0606
34.6 -0.0561 0.0136 -0.000148 0.0577
34.7 -0.0536 0.0133 -0.000148 0.0552
34.8 -0.173 0.013 -0.000144 0.174
34.9 -0.179 0.0127 -0.000138 0.18
35.0 -0.157 0.0124 -0.00013 0.157
35.1 -0.135 0.0121 -0.000119 0.136
35.2 -0.111 0.0117 -0.000106 0.112
35.3 -0.0886 0.0114 -9e-05 0.0894
35.4 -0.0673 0.0111 -7.28e-05 0.0682
35.5 -0.0639 0.0108 -5.5e-05 0.0648
35.6 -0.0622 0.0104 -3.76e-05 0.063
35.7 -0.0594 0.0101 -2.12e-05 0.0603
35.8 -0.0577 0.00983 -6.64e-06 0.0585
35.9 -0.113 0.00954 5.99e-06 0.113
36.0 -0.116 0.00924 1.55e-05 0.116
36.1 -0.107 0.00895 2.22e-05 0.107
36.2 -0.0958 0.00865 2.72e-05 0.0962
36.3 -0.0872 0.00836 3.08e-05 0.0876
36.4 -0.0765 0.00807 3.29e-05 0.0769
36.5 -0.0694 0.00779 3.34e-05 0.0699
36.6 -0.0604 0.00753 3.25e-05 0.0608
36.7 -0.0572 0.00727 3.04e-05 0.0576
36.8 -0.0558 0.00702 2.71e-05 0.0562
36.9 -0.0548 0.00679 2.3e-05 0.0552
37.0 -0.0733 0.00657 1.77e-05 0.0736
37.1 -0.0672 0.00634 1.09e-05 0.0675
37.2 -0.061 0.00612 4.24e-06 0.0613
37.3 -0.0562 0.0059 -9.56e-07 0.0565
37.4 -0.0514 0.00569 -4.75e-06 0.0517
37.5 -0.051 0.00549 -7.26e-06 0.0513
37.6 -0.0504 0.00529 -8.61e-06 0.0506
37.7 -0.049 0.0051 -8.92e-06 0.0492
37.8 -0.0488 0.00492 -8.34e-06 0.049
37.9 -0.0474 0.00475 -7.02e-06 0.0476
38.0 -0.105 0.00458 -5.3e-06 0.105
38.1 -0.0359 0.00441 -3.09e-06 0.0361
38.2 -0.0356 0.00425 1.33e-06 0.0358
38.3 -0.0298 0.00409 8.14e-06 0.0301
38.4 -0.0328 0.00393 1.68e-05 0.033
38.5 -0.0353 0.00378 2.58e-05 0.0355
38.6 -0.0372 0.00364 3.35e-05 0.0374
38.7 -0.0341 0.0035 3.92e-05 0.0343
38.8 -0.0384 0.00337 4.28e-05 0.0385
38.9 -0.0394 0.00325 4.43e-05 0.0395
39.0 -0.0395 0.00313 4.37e-05 0.0397
39.1 -0.039 0.00302 4.14e-05 0.0391
39.2 -0.262 0.00291 3.8e-05 0.262
39.3 -0.341 0.00281 3.58e-05 0.341
39.4 -0.237 0.00271 3.54e-05 0.237
39.5 -0.0784 0.00262 3.66e-05 0.0784
39.6 -0.0783 0.00253 3.85e-05 0.0783
39.7 -0.0751 0.00245 3.94e-05 0.0751
39.8 -0.071 0.00237 3.9e-05 0.071
39.9 -0.0695 0.0023 3.73e-05 0.0696
40.0 -0.0693 0.00223 3.45e-05 0.0694
40.1 -0.0576 0.00216 3.09e-05 0.0577
40.2 -0.0295 0.00209 2.67e-05 0.0296
40.3 -0.465 0.00203 2.26e-05 0.465
40.4 -0.489 0.00197 2.07e-05 0.489
40.5 -0.445 0.00192 2.14e-05 0.445
40.6 -0.126 0.00187 2.38e-05 0.126
40.7 -0.12 0.00182 2.59e-05 0.12
40.8 -0.117 0.00177 2.74e-05 0.117
40.9 -0.114 0.00173 2.81e-05 0.114
41.0 -0.11 0.00169 2.8e-05 0.11
41.1 -0.108 0.00165 2.72e-05 0.108
41.2 -0.105 0.00161 2.58e-05 0.105
41.3 -0.102 0.00157 2.38e-05 0.102
41.4 -0.5 0.00154 2.19e-05 0.5
41.5 -0.452 0.00151 2.14e-05 0.452
41.6 -0.139 0.00148 2.23e-05 0.139
41.7 -0.135 0.00145 2.3e-05 0.135
41.8 -0.131 0.00142 2.31e-05 0.131
41.9 -0.127 0.0014 2.29e-05 0.127
42.0 -0.124 0.00137 2.21e-05 0.124
42.1 -0.123 0.00135 2.1e-05 0.123
42.2 -0.118 0.00133 1.95e-05 0.118
42.3 -0.115 0.0013 1.78e-05 0.115
42.4 -0.113 0.00128 1.59e-05 0.113
42.5 -0.0446 0.00126 1.39e-05 0.0446
42.6 -0.0332 0.00124 1.17e-05 0.0332
42.7 -0.0986 0.00122 9.54e-06 0.0986
42.8 -0.0971 0.0012 7.52e-06 0.0971
42.9 -0.0953 0.00117 5.79e-06 0.0953
43.0 -0.0938 0.00115 4.38e-06 0.0938
43.1 -0.0933 0.00113 3.32e-06 0.0933
43.2 -0.0922 0.00111 2.62e-06 0.0922
43.3 -0.0912 0.00109 2.29e-06 0.0912
43.4 -0.0909 0.00108 2.3e-06 0.0909
43.5 -0.0897 0.00106 2.63e-06 0.0897
43.6 -0.0174 0.00104 3.22e-06 0.0175
43.7 0.0455 0.00102 3.87e-06 0.0455
43.8 0.0256 0.001 4.73e-06 0.0256
43.9 -0.0735 0.00098 5.89e-06 0.0736
44.0 -0.0711 0.000961 7.1e-06 0.0711
44.1 -0.0676 0.000942 8.26e-06 0.0676
44.2 -0.0725 0.000924 9.33e-06 0.0725
44.3 -0.0731 0.000906 1.03e-05 0.0731
44.4 -0.0706 0.000888 1.11e-05 0.0706
44.5 -0.0727 0.00087 1.18e-05 0.0727
44.6 -0.0726 0.000853 1.23e-05 0.0726
44.7 -0.0732 0.000836 1.26e-05 0.0732
44.8 0.0288 0.000819 1.28e-05 0.0288
44.9 -0.0201 0.000802 1.3e-05 0.0201
45.0 -0.0631 0.000786 1.33e-05 0.0631
45.1 -0.0643 0.000769 1.35e-05 0.0643
45.2 -0.0653 0.000753 1.34e-05 0.0653
45.3 -0.0657 0.000737 1.32e-05 0.0657
45.4 -0.0661 0.000721 1.27e-05 0.0661
45.5 -0.0663 0.000705 1.21e-05 0.0663
45.6 -0.0666 0.00069 1.15e-05 0.0666
45.7 -0.0666 0.000674 1.07e-05 0.0666
45.8 -0.0668 0.000659 9.93e-06 0.0668
45.9 -0.0529 0.000643 9.16e-06 0.0529
46.0 -0.0511 0.000628 8.55e-06 0.0511
46.1 -0.0502 0.000614 8.06e-06 0.0502
46.2 -0.064 0.000599 7.6e-06 0.064
46.3 -0.0647 0.000584 7.21e-06 0.0647
46.4 -0.0649 0.000569 6.89e-06 0.0649
46.5 -0.0648 0.000554 6.64e-06 0.0648
46.6 -0.063 0.00054 6.46e-06 0.063
46.7 -0.0611 0.000525 6.34e-06 0.0611
46.8 -0.0574 0.00051 6.26e-06 0.0574
46.9 -0.0553 0.000496 6.23e-06 0.0553
47.0 -0.00185 0.000481 6.11e-06 0.00191
47.1 0.0115 0.000466 5.71e-06 0.0115
47.2 -0.0412 0.000451 5.01e-06 0.0412
47.3 -0.0466 0.000436 4.18e-06 0.0466
47.4 -0.0486 0.00042 3.31e-06 0.0486
47.5 -0.0486 0.000405 2.48e-06 0.0486
47.6 -0.0484 0.00039 1.73e-06 0.0484
47.7 -0.0479 0.000374 1.09e-06 0.0479
47.8 -0.0503 0.000358 5.69e-07 0.0503
47.9 -0.0543 0.000343 2.24e-07 0.0543
48.0 -0.0581 0.000327 1.14e-07 0.0581
48.1 0.0809 0.000311 1.18e-07 0.0809
48.2 0.0947 0.000295 -4.08e-07 0.0947
48.3 -0.0172 0.000279 -1.45e-06 0.0172
48.4 -0.0232 0.000263 -2.64e-06 0.0232
48.5 -0.0293 0.000246 -3.8e-06 0.0293
48.6 -0.0342 0.000229 -4.83e-06 0.0342
48.7 -0.0401 0.000213 -5.61e-06 0.0401
48.8 -0.0441 0.000196 -5.98e-06 0.0441
48.9 -0.0456 0.000179 -5.86e-06 0.0456
49.0 -0.0464 0.000162 -5.34e-06 0.0464
49.1 -0.0478 0.000145 -4.44e-06 0.0478
49.2 0.176 0.000128 -3.47e-06 0.176
49.3 0.18 0.000111 -3.44e-06 0.18
49.4 0.00657 9.33e-05 -4.34e-06 0.00657
49.5 -0.0173 7.56e-05 -5.51e-06 0.0173
49.6 -0.0232 5.76e-05 -6.57e-06 0.0232
49.7 -0.0261 3.95e-05 -7.3e-06 0.0261
49.8 -0.0291 2.14e-05 -7.58e-06 0.0291
49.9 -0.0302 3.34e-06 -7.4e-06 0.0302
