0.0 0.0 0.0 0.0
0.1 0.0 0.0 18.2
0.2 0.0 0.0 18.2
0.3 -6.56e-09 -3.6e-27 18.2
0.4 -8.91e-10 4.34e-22 18.2
0.5 -5.27e-09 6.9e-22 18.2
0.6 -1.5e-09 1.66e-21 18.2
0.7 -1.46e-08 2.22e-21 18.2
0.8 -3.31e-09 6.17e-21 18.2
0.9 -3.39e-08 7.45e-21 18.2
1.0 -7.53e-09 2e-20 18.2
1.1 -1.13e-07 2.3e-20 18.2
1.2 -2.19e-08 7.67e-20 18.2
1.3 -3.15e-07 8.55e-20 18.2
1.4 -6.21e-08 2.68e-19 18.2
1.5 -8.28e-07 2.9e-19 18.2
1.6 -1.67e-07 8.39e-19 18.2
1.7 -1.93e-06 8.83e-19 18.2
1.8 -4.1e-06 2.3e-18 18.2
1.9 -9.15e-07 5.45e-18 18.2
2.0 -6.3e-06 5.68e-18 18.2
2.1 -1.12e-05 1.08e-17 18.2
2.2 -1.6e-05 2.04e-17 18.2
2.3 -2.17e-05 3.44e-17 18.2
2.4 -2.89e-05 -4.37e-09 18.2
2.5 -3.79e-05 -5.94e-10 18.2
2.6 -4.88e-05 -6e-10 18.2
2.7 -6.21e-05 -6.05e-10 18.2
2.8 -7.81e-05 -6.11e-10 18.2
2.9 -9.71e-05 -6.17e-10 18.2
3.0 -0.00012 -6.23e-10 18.2
3.1 -0.000146 -6.29e-10 18.2
3.2 -0.000176 -6.34e-10 18.2
3.3 -0.000212 -6.4e-10 18.2
3.4 -0.000252 -9.39e-09 18.2
3.5 -0.000298 -1.84e-09 18.2
3.6 -0.00035 -1.86e-09 18.2
3.7 -0.000409 -1.87e-09 18.2
3.8 -0.000475 -1.89e-09 18.2
3.9 -0.000548 -1.91e-09 18.2
4.0 -0.000629 -1.93e-09 18.2
4.1 -0.000718 -1.94e-09 18.2
4.2 -0.000816 -1.94e-08 18.2
4.3 -0.000922 -4.35e-09 18.2
4.4 -0.00104 -4.39e-09 18.2
4.5 -0.00116 -4.44e-09 18.2
4.6 -0.00396 -4.48e-09 18.2
4.7 -0.00577 -4.52e-09 18.2
4.8 -0.00775 -4.56e-09 18.2
4.9 -0.0099 -4.6e-09 18.2
5.0 -0.0247 -4.64e-09 18.2
5.1 -0.0164 -4.68e-09 18.2
5.2 -0.0178 -4.72e-09 18.2
5.3 -0.04 -4.76e-09 18.3
5.4 -0.0488 -4.8e-09 18.3
5.5 -0.0586 -4.84e-09 18.3
5.6 -0.0689 -4.88e-09 18.3
5.7 -0.0763 -1.61e-07 18.3
5.8 -0.0854 -2.62e-08 18.3
5.9 -0.11 -2.64e-08 18.3
6.0 -0.0666 -2.67e-08 18.3
6.1 -0.118 -2.69e-08 18.3
6.2 -0.0646 -2.72e-08 18.3
6.3 -0.119 -2.74e-08 18.3
6.4 -0.0731 -2.77e-08 18.3
6.5 -0.14 -2.79e-08 18.3
6.6 -0.0834 -2.82e-08 18.3
6.7 -0.0842 -2.84e-08 18.3
6.8 -0.0978 -2.87e-08 18.3
6.9 -1.55 -2.89e-08 19.3
7.0 -5.72 -2.92e-08 22.4
7.1 -2.35 -2.94e-08 20.1
7.2 -3.93 -2.97e-08 21.3
7.3 -4.41 -2.99e-08 21.8
7.4 -4.48 -3.01e-08 21.9
7.5 -4.74 -3.04e-08 22.2
7.6 -4.48 -3.06e-08 22.0
7.7 -5.18 -3.09e-08 22.7
7.8 -5.34 -3.11e-08 22.8
7.9 -5.62 -3.14e-08 23.1
8.0 -5.84 -3.16e-08 23.4
8.1 -6.07 -3.19e-08 23.6
8.2 -6.29 -3.21e-08 23.9
8.3 -6.5 -3.23e-08 24.1
8.4 -6.71 -3.26e-08 24.3
8.5 -6.9 -3.28e-08 24.6
8.6 -7.09 -3.31e-08 24.8
8.7 -7.27 -3.33e-08 25.0
8.8 -7.45 -3.36e-08 25.2
8.9 -7.36 -3.38e-08 25.2
9.0 -7.73 -3.41e-08 25.5
9.1 -7.96 -3.43e-08 25.8
9.2 -8.14 -3.46e-08 26.0
9.3 -8.3 -3.48e-08 26.2
9.4 -8.4 -3.51e-08 26.3
9.5 -13.6 -3.53e-08 31.0
9.6 -8.49 -3.56e-08 26.6
9.7 -6.63 -3.58e-08 25.2
9.8 -7.41 -3.61e-08 25.7
9.9 -9.57 -3.63e-08 27.5
10.0 -13.0 -3.66e-08 30.0
10.1 -9.83 -3.68e-08 27.8
10.2 -11.0 -3.71e-08 28.8
10.3 -11.2 -3.73e-08 29.0
10.4 -11.2 -3.76e-08 29.1
10.5 -10.3 -3.78e-08 28.4
10.6 -11.6 -3.81e-08 29.6
10.7 -10.0 -3.83e-08 28.3
10.8 -10.2 -3.86e-08 28.6
10.9 -10.4 -7.8e-08 28.6
11.0 -8.34 -4.44e-08 27.4
11.1 -6.87 -4.47e-08 26.6
11.2 -8.88 -4.51e-08 27.9
11.3 -5.98 -4.54e-08 26.4
11.4 -7.94 -4.57e-08 27.5
11.5 -6.08 -4.6e-08 26.8
11.6 -7.24 -4.63e-08 27.1
11.7 -6.38 -4.66e-08 26.8
11.8 -7.64 -4.69e-08 27.4
11.9 -2.08 -4.72e-08 25.2
12.0 -7.65 -4.75e-08 27.4
12.1 -7.7 -4.78e-08 27.5
12.2 -6.39 0.000109 1.24
12.3 -5.36 0.000163 -0.658
12.4 3.23 0.00036 4.64
12.5 1.86 0.000166 4.69
12.6 0.765 0.00015 11.3
12.7 4.76 0.000541 12.7
12.8 -2.96 0.000162 13.7
12.9 -2.96 0.000163 13.6
13.0 -2.96 0.000165 13.5
13.1 -2.96 0.000166 13.4
13.2 -2.96 0.000168 13.4
13.3 -2.96 0.000169 13.4
13.4 -2.96 0.000171 13.2
13.5 -2.95 0.000172 13.2
13.6 -2.95 0.000174 13.1
13.7 -2.95 0.000158 13.1
13.8 -2.95 0.000175 13.0
13.9 -2.95 0.00014 12.9
14.0 -2.95 0.000173 12.8
14.1 -2.95 0.000152 12.9
14.2 -2.95 0.00011 11.1
14.3 -2.94 0.000125 11.3
14.4 -2.93 0.000959 -2.15
14.5 -2.93 0.000271 9.62
14.6 -2.93 0.000274 9.52
14.7 -2.89 0.0011 9.42
14.8 -2.93 0.000351 9.32
14.9 -2.93 0.000388 9.22
15.0 -2.93 0.000493 9.12
15.1 -2.92 0.000583 9.02
15.2 -2.94 0.115 8.92
15.3 -2.92 0.0159 8.82
15.4 -4.01 -0.101 68.8
15.5 -15.3 1.55 -41.3
15.6 -9.4 0.704 8.62
15.7 -14.3 0.962 8.52
15.8 -9.88 10.4 8.42
15.9 -4.99 3.8 8.32
16.0 -4.35 5.54 8.22
16.1 -4.49 6.75 8.12
16.2 -4.6 10.4 8.02
16.3 -4.34 15.4 7.92
16.4 -4.32 13.2 7.82
16.5 -6.03 25.6 7.72
16.6 -6.9 17.2 7.62
16.7 -4.29 10.5 7.52
16.8 8.26 10.6 7.42
16.9 7.12 10.7 10.8
17.0 20.3 10.8 55.5
17.1 2.77 10.9 20.0
17.2 6.65 11.0 30.0
17.3 -9.73 11.1 29.5
17.4 -7.62 11.2 28.0
17.5 -11.7 11.3 28.5
17.6 -8.28 11.4 26.0
17.7 -79.6 11.5 -10.8
17.8 -12.1 10.9 20.3
17.9 -7.48 7.71 19.2
18.0 -10.9 9.42 18.9
18.1 -5.11 4.67 20.0
18.2 3.24 -2.6 22.3
18.3 21.6 -23.2 29.1
18.4 16.2 -13.4 25.5
18.5 15.0 -13.0 24.4
18.6 1.45 -4.89 22.7
18.7 1.55 -4.22 23.0
18.8 1.54 -6.43 23.1
18.9 -0.438 -3.65 22.9
19.0 -0.856 -6.93 23.4
19.1 0.323 -4.84 23.1
19.2 -1.34 -9.27 23.9
19.3 -1.19 -9.47 23.7
19.4 0.551 -5.16 23.2
19.5 -0.0168 -9.76 24.1
19.6 -0.456 -12.2 24.6
19.7 0.632 -8.53 23.9
19.8 -1.0 -14.2 25.2
19.9 0.62 -10.3 24.5
20.0 -0.0186 -12.3 25.6
20.1 0.578 -9.06 25.1
20.2 4.68 -8.93 25.7
20.3 3.47 -6.53 23.9
20.4 3.57 -7.5 24.9
20.5 3.71 -11.9 38.3
20.6 1.34 -5.81 25.6
20.7 1.06 -6.46 26.1
20.8 -1.3 -3.96 25.7
20.9 0.296 -4.25 26.2
21.0 -4.13 -10.6 31.4
21.1 0.509 -3.42 25.8
21.2 0.0477 0.154 24.7
21.3 -2.37 -1.59 26.6
21.4 -0.202 1.91 24.2
21.5 -0.573 3.52 24.2
21.6 -4.87 9.51 20.8
21.7 -0.924 10.5 21.6
21.8 0.0121 11.5 21.1
21.9 1.24 9.15 21.5
22.0 1.56 8.78 21.4
22.1 1.01 11.4 20.6
22.2 2.04 6.25 22.2
22.3 2.06 4.66 22.6
22.4 0.762 7.61 21.6
22.5 1.7 3.43 23.3
22.6 0.939 5.13 25.4
22.7 0.857 4.01 23.5
22.8 0.71 0.959 23.2
22.9 0.537 1.41 22.6
23.0 1.15 1.33 23.8
23.1 1.79 -3.08 25.2
23.2 1.27 0.229 24.3
23.3 0.791 -0.805 23.3
23.4 0.111 -0.686 21.9
23.5 0.649 -2.56 23.2
23.6 0.472 -2.27 22.5
23.7 0.924 0.28 23.3
23.8 0.633 0.218 22.7
23.9 -3.29 -7.43 15.0
24.0 0.107 0.0302 20.7
24.1 8.4 -65.5 48.7
24.2 -11.0 47.6 -14.0
24.3 -5.34 22.0 8.95
24.4 0.454 1.66 16.5
24.5 0.937 -0.294 16.6
24.6 0.56 -0.352 16.6
24.7 0.104 -0.474 16.4
24.8 -1.49 -1.77 14.1
24.9 -0.197 0.2 16.4
25.0 -0.207 -0.0536 16.3
25.1 -0.328 -0.108 16.2
25.2 -0.408 -0.532 16.2
25.3 -0.476 -0.486 16.2
25.4 -0.487 -0.432 16.2
25.5 -0.686 0.998 15.8
25.6 -0.545 -1.38 16.1
25.7 -0.471 -0.961 16.1
25.8 -0.486 -1.11 16.1
25.9 -0.49 -0.968 16.1
26.0 -0.536 -0.864 16.0
26.1 -0.542 -0.988 16.0
26.2 -0.608 -0.961 15.8
26.3 -0.606 -0.968 15.8
26.4 -0.636 -0.778 15.7
26.5 -0.619 -0.851 15.6
26.6 -0.628 -0.825 15.6
26.7 -0.578 -1.32 15.6
26.8 -0.544 -1.74 15.6
26.9 -0.731 -0.686 15.2
27.0 -0.828 -0.47 14.9
27.1 -0.75 -0.442 15.0
27.2 -0.779 -0.714 14.7
27.3 -0.684 -0.686 14.8
27.4 -0.766 -0.797 14.6
27.5 -0.783 -0.92 14.4
27.6 -0.806 -0.897 14.3
27.7 -0.8 -1.04 14.2
27.8 -0.792 -1.13 14.1
27.9 -0.619 -2.29 14.3
28.0 -1.46 -2.3 12.3
28.1 -1.05 -1.19 13.0
28.2 -0.862 -0.706 13.2
28.3 -0.885 -0.513 12.9
28.4 -0.659 -1.37 13.4
28.5 -0.843 0.149 13.0
28.6 -0.815 -0.0112 12.9
28.7 -0.999 1.59 12.4
28.8 -1.05 2.58 12.1
28.9 -0.843 0.657 12.5
29.0 -1.02 3.03 11.7
29.1 -1.22 4.38 11.1
29.2 -1.61 10.9 8.92
29.3 -0.678 3.82 10.9
29.4 -0.269 3.98 10.7
29.5 -0.503 4.85 10.4
29.6 -0.549 4.2 10.6
29.7 -0.253 3.17 10.8
29.8 0.48 3.07 10.6
29.9 -0.529 3.2 10.8
30.0 0.0641 3.12 10.6
30.1 -0.432 3.22 10.7
30.2 1.07 3.0 10.4
30.3 -0.224 3.23 10.5
30.4 -0.204 3.3 10.4
30.5 0.739 3.05 10.3
30.6 -0.0522 3.34 10.2
30.7 -0.0731 3.24 10.3
30.8 0.484 3.25 10.1
30.9 0.728 3.22 9.95
31.0 0.874 3.21 9.86
31.1 0.946 3.21 9.79
31.2 2.76 2.68 9.58
31.3 0.711 3.33 9.67
31.4 0.729 3.36 9.6
31.5 0.748 3.38 9.53
31.6 0.833 3.37 9.48
31.7 1.05 3.32 9.39
31.8 1.22 3.29 9.31
31.9 1.42 3.24 9.22
32.0 1.58 3.21 9.14
32.1 1.79 3.16 9.05
32.2 1.91 3.14 8.98
32.3 2.05 3.1 8.9
32.4 2.09 3.11 8.71
32.5 2.45 2.78 7.4
32.6 1.58 3.11 6.37
32.7 1.46 2.04 -5.44
32.8 2.33 -0.135 5.67
32.9 2.16 1.75 5.57
33.0 1.87 1.63 5.47
33.1 0.323 -0.604 5.37
33.2 1.55 1.36 5.27
33.3 -1.24 -1.67 5.17
33.4 -0.559 -0.574 5.07
33.5 -0.161 -0.166 4.97
33.6 -2.5 -0.812 4.87
33.7 0.632 0.368 4.77
33.8 0.661 0.582 4.67
33.9 0.88 0.138 4.57
34.0 0.45 0.531 4.47
34.1 0.851 0.225 4.37
34.2 0.816 0.336 4.27
34.3 0.835 0.182 4.17
34.4 0.764 0.261 5.15
34.5 0.898 0.197 5.31
34.6 0.895 0.136 5.78
34.7 0.961 0.237 4.59
34.8 1.16 -0.0322 5.75
34.9 0.972 0.209 4.65
35.0 1.32 -0.0172 4.7
35.1 1.04 0.0338 5.7
35.2 0.978 0.171 4.77
35.3 1.12 0.0634 4.86
35.4 1.0 0.135 4.82
35.5 1.05 0.137 4.49
35.6 1.02 0.114 4.75
35.7 1.08 0.121 4.33
35.8 1.09 0.113 4.25
35.9 1.1 0.102 4.22
36.0 1.12 0.096 4.09
36.1 1.13 0.0878 4.0
36.2 1.14 0.077 3.97
36.3 1.16 0.0711 3.84
36.4 1.17 0.0602 3.81
36.5 1.18 0.0516 3.74
36.6 1.2 0.0431 3.66
36.7 1.21 0.0345 3.59
36.8 1.22 0.0259 3.51
36.9 1.24 0.0173 3.44
37.0 1.25 0.00871 3.36
37.1 1.27 0.000122 3.29
37.2 1.28 -0.00845 3.21
37.3 1.29 -0.017 3.14
37.4 1.31 -0.0256 3.06
37.5 1.32 -0.0342 2.99
37.6 1.33 -0.0427 2.91
37.7 1.35 -0.0513 2.84
37.8 1.36 -0.0599 2.76
37.9 1.63 -0.656 3.5
38.0 1.83 -1.06 4.02
38.1 1.95 -1.25 4.27
38.2 2.05 -1.4 4.45
38.3 2.15 -1.52 4.62
38.4 2.24 -1.64 4.77
38.5 2.33 -1.75 4.92
38.6 2.42 -1.85 5.05
38.7 2.51 -1.95 5.18
38.8 2.59 -2.04 5.3
38.9 2.68 -2.13 5.42
39.0 2.76 -2.22 5.55
39.1 2.85 -2.31 5.67
39.2 2.94 -2.4 5.79
39.3 3.03 -2.5 5.92
39.4 3.13 -2.59 6.06
39.5 3.23 -2.68 6.2
39.6 3.33 -2.78 6.35
39.7 3.43 -2.88 6.5
39.8 3.54 -2.97 6.66
39.9 3.65 -3.07 6.83
40.0 3.77 -3.17 7.0
40.1 3.88 -3.27 7.18
40.2 4.0 -3.37 7.37
40.3 4.12 -3.46 7.55
40.4 4.24 -3.56 7.75
40.5 4.36 -3.65 7.94
40.6 4.48 -3.74 8.14
40.7 4.61 -3.83 8.34
40.8 4.73 -3.91 8.55
40.9 4.85 -3.99 8.75
41.0 4.97 -4.08 8.96
41.1 5.09 -4.15 9.15
41.2 5.17 -4.2 9.29
41.3 5.2 -4.21 9.32
41.4 7.41 -5.04 16.7
41.5 4.3 -3.33 9.82
41.6 4.45 -3.47 9.82
41.7 4.52 -3.53 9.82
41.8 4.67 -3.68 9.83
41.9 4.36 -3.39 9.84
42.0 4.61 -3.62 9.83
42.1 4.65 -3.66 9.84
42.2 2.32 -1.48 9.88
42.3 4.38 -3.4 9.85
42.4 4.05 -3.09 9.86
42.5 3.14 -2.24 9.87
42.6 3.73 -2.79 9.87
42.7 3.49 -2.57 9.87
42.8 3.42 -2.49 9.88
42.9 3.3 -2.37 9.88
43.0 2.89 -1.99 9.88
43.1 3.84 -2.89 9.88
43.2 3.83 -2.87 9.89
43.3 3.71 -2.76 9.89
43.4 3.71 -2.76 9.89
43.5 3.67 -2.72 9.89
43.6 3.94 -2.98 9.9
43.7 3.72 -2.77 9.9
43.8 3.95 -2.99 9.9
43.9 3.74 -2.79 9.91
44.0 3.97 -3.0 9.91
44.1 3.99 -3.02 9.91
44.2 3.25 -2.3 9.91
44.3 3.93 -2.96 9.92
44.4 3.95 -2.98 9.92
44.5 3.93 -2.96 9.93
44.6 3.99 -3.02 9.93
44.7 4.01 -3.04 9.93
44.8 3.98 -3.01 9.93
44.9 4.05 -3.07 9.94
45.0 4.07 -3.09 9.94
45.1 4.04 -3.06 9.94
45.2 4.11 -3.12 9.95
45.3 4.08 -3.1 9.95
45.4 4.14 -3.16 9.95
45.5 4.16 -3.18 9.96
45.6 4.14 -3.15 9.96
45.7 4.02 -3.1 9.96
45.8 3.15 -2.77 9.96
45.9 3.05 -2.8 9.97
46.0 2.97 -2.85 9.97
46.1 2.92 -2.92 9.97
46.2 2.89 -3.0 9.97
46.3 2.89 -3.07 9.98
46.4 2.92 -3.15 9.98
46.5 2.96 -3.2 9.98
46.6 2.8 -3.19 9.98
46.7 -1.66 -1.11 9.98
46.8 -3.37 -0.824 9.99
46.9 -1.48 -1.74 9.98
47.0 -6.25 -0.595 9.89
47.1 0.358 -2.29 9.98
47.2 0.812 -2.05 9.92
47.3 0.386 -2.27 9.98
47.4 0.66 -2.13 9.94
47.5 0.426 -2.25 9.97
47.6 0.567 -2.18 9.95
47.7 0.574 -2.18 9.95
47.8 0.557 -2.18 9.94
47.9 0.543 -2.19 9.94
48.0 0.531 -2.2 9.95
48.1 0.524 -2.2 9.95
48.2 0.507 -2.21 9.94
48.3 0.501 -2.21 9.94
48.4 0.49 -2.22 9.95
48.5 0.482 -2.22 9.95
48.6 0.47 -2.22 9.94
48.7 0.927 -2.0 9.83
48.8 0.51 -2.2 9.93
48.9 0.5 -2.21 9.93
49.0 0.492 -2.21 9.93
49.1 0.866 -2.03 9.84
49.2 0.499 -2.21 9.92
49.3 0.488 -2.21 9.92
49.4 0.805 -2.07 9.84
49.5 0.511 -2.2 9.91
49.6 0.529 -2.19 9.9
49.7 0.873 -2.04 9.82
49.8 0.536 -2.19 9.9
49.9 0.527 -2.2 9.9
