0.0 0.0 0.0 1.41e-14
0.1 0.0 0.0 5.4e-14
0.2 0.0 0.0 1.31e-13
0.3 0.0 0.0 2.53e-13
0.4 0.0 0.0 4.29e-13
0.5 0.0 0.0 6.65e-13
0.6 0.0 0.0 9.64e-13
0.7 0.0 0.0 1.33e-12
0.8 0.0 0.0 1.75e-12
0.9 0.0 0.0 2.25e-12
1.0 0.0 0.0 2.8e-12
1.1 0.0 0.0 3.43e-12
1.2 0.0 0.0 4.13e-12
1.3 0.0 0.0 4.89e-12
1.4 0.0 0.0 5.72e-12
1.5 0.0 0.0 6.61e-12
1.6 0.0 0.0 7.56e-12
1.7 0.0 0.0 8.57e-12
1.8 0.0 0.0 9.64e-12
1.9 0.0 0.0 1.08e-11
2.0 0.0 0.0 1.2e-11
2.1 0.0 0.0 1.32e-11
2.2 0.0 0.0 1.46e-11
2.3 0.0 0.0 1.6e-11
2.4 0.0 0.0 1.75e-11
2.5 0.0 0.0 1.9e-11
2.6 0.0 0.0 2.07e-11
2.7 0.0 0.0 2.25e-11
2.8 0.0 0.0 2.43e-11
2.9 0.0 0.0 2.63e-11
3.0 0.0 0.0 2.83e-11
3.1 0.0 0.0 3.04e-11
3.2 0.0 0.0 3.26e-11
3.3 0.0 0.0 3.49e-11
3.4 0.0 0.0 3.73e-11
3.5 0.0 0.0 3.98e-11
3.6 0.0 0.0 4.24e-11
3.7 0.0 0.0 4.5e-11
3.8 0.0 0.0 4.77e-11
3.9 0.0 0.0 5.04e-11
4.0 0.0 0.0 5.32e-11
4.1 0.0 0.0 5.6e-11
4.2 0.0 0.0 5.88e-11
4.3 0.0 0.0 6.17e-11
4.4 0.0 0.0 6.45e-11
4.5 0.0 0.0 6.74e-11
4.6 0.0 0.0 7.03e-11
4.7 0.0 0.0 7.32e-11
4.8 0.0 0.0 7.61e-11
4.9 0.0 0.0 7.9e-11
5.0 0.0 0.0 8.19e-11
5.1 0.0 0.0 8.49e-11
5.2 0.0 0.0 8.78e-11
5.3 0.0 0.0 9.07e-11
5.4 0.0 0.0 9.37e-11
5.5 0.0 0.0 9.66e-11
5.6 0.0 0.0 9.96e-11
5.7 0.0 0.0 1.03e-10
5.8 0.0 0.0 1.06e-10
5.9 0.0 0.0 1.08e-10
6.0 0.0 0.0 1.11e-10
6.1 0.0 0.0 1.14e-10
6.2 0.0 0.0 1.17e-10
6.3 0.0 0.0 1.2e-10
6.4 0.0 0.0 1.23e-10
6.5 0.0 0.0 1.26e-10
6.6 0.0 0.0 1.29e-10
6.7 0.0 0.0 1.32e-10
6.8 0.0 0.0 1.35e-10
6.9 0.0 0.0 1.38e-10
7.0 0.0 0.0 1.41e-10
7.1 0.0 0.0 1.44e-10
7.2 0.0 0.0 1.47e-10
7.3 0.0 0.0 1.5e-10
7.4 0.0 0.0 1.53e-10
7.5 0.0 0.0 1.56e-10
7.6 0.0 0.0 1.59e-10
7.7 0.0 0.0 1.62e-10
7.8 0.0 0.0 1.65e-10
7.9 0.0 0.0 1.68e-10
8.0 0.0 0.0 1.71e-10
8.1 0.0 0.0 1.74e-10
8.2 0.0 0.0 1.77e-10
8.3 0.0 0.0 1.8e-10
8.4 0.0 0.0 1.83e-10
8.5 0.0 0.0 1.86e-10
8.6 0.0 0.0 1.89e-10
8.7 0.0 0.0 1.92e-10
8.8 0.0 0.0 1.95e-10
8.9 0.0 0.0 1.98e-10
9.0 0.0 0.0 2.01e-10
9.1 0.0 0.0 2.04e-10
9.2 0.0 0.0 2.07e-10
9.3 0.0 0.0 2.1e-10
9.4 0.0 0.0 2.13e-10
9.5 0.0 0.0 2.16e-10
9.6 0.0 0.0 2.19e-10
9.7 0.0 0.0 2.22e-10
9.8 0.0 0.0 2.25e-10
9.9 0.0 0.0 2.28e-10
10.0 0.0 0.0 2.31e-10
10.1 0.0 0.0 2.34e-10
10.2 0.0 0.0 2.37e-10
10.3 0.0 0.0 2.4e-10
10.4 0.0 0.0 2.43e-10
10.5 0.0 0.0 2.46e-10
10.6 0.0 0.0 2.49e-10
10.7 0.0 0.0 2.51e-10
10.8 0.0 0.0 2.54e-10
10.9 0.0 0.0 2.56e-10
11.0 0.0 0.0 2.59e-10
11.1 0.0 0.0 2.61e-10
11.2 0.0 0.0 2.64e-10
11.3 0.0 0.0 2.66e-10
11.4 0.0 0.0 2.69e-10
11.5 0.0 0.0 2.72e-10
11.6 0.0 0.0 2.75e-10
11.7 0.0 0.0 2.78e-10
11.8 0.0 0.0 2.81e-10
11.9 0.0 0.0 2.83e-10
12.0 0.0 0.0 2.86e-10
12.1 0.0 0.0 2.89e-10
12.2 0.0 0.0 2.93e-10
12.3 0.0 0.0 2.96e-10
12.4 0.0 0.0 2.99e-10
12.5 0.0 0.0 3.02e-10
12.6 0.0 0.0 3.05e-10
12.7 0.0 0.0 3.08e-10
12.8 0.0 0.0 3.11e-10
12.9 0.0 0.0 3.14e-10
13.0 0.0 0.0 3.17e-10
13.1 0.0 0.0 3.21e-10
13.2 0.0 0.0 3.24e-10
13.3 0.0 0.0 3.27e-10
13.4 0.0 0.0 3.3e-10
13.5 0.0 0.0 3.33e-10
13.6 0.0 0.0 3.37e-10
13.7 0.0 0.0 3.4e-10
13.8 0.0 0.0 3.43e-10
13.9 0.0 0.0 3.46e-10
14.0 0.0 0.0 3.49e-10
14.1 0.0 0.0 3.53e-10
14.2 0.0 0.0 3.56e-10
14.3 0.0 0.0 3.59e-10
14.4 0.0 0.0 3.62e-10
14.5 0.0 0.0 3.65e-10
14.6 0.0 0.0 3.69e-10
14.7 0.0 0.0 3.72e-10
14.8 0.0 0.0 3.75e-10
14.9 0.0 0.0 3.78e-10
15.0 0.0 0.0 3.81e-10
15.1 0.0 0.0 3.85e-10
15.2 0.0 0.0 3.88e-10
15.3 0.0 0.0 3.91e-10
15.4 0.0 0.0 3.94e-10
15.5 0.0 0.0 3.96e-10
15.6 0.0 0.0 3.98e-10
15.7 0.0 0.0 4e-10
15.8 0.0 0.0 4.01e-10
15.9 0.0 0.0 4.03e-10
16.0 0.0 0.0 4.04e-10
16.1 0.0 0.0 4.05e-10
16.2 0.0 0.0 4.06e-10
16.3 0.0 0.0 4.07e-10
16.4 0.0 0.0 4.08e-10
16.5 0.0 0.0 4.09e-10
16.6 0.0 0.0 4.1e-10
16.7 0.0 0.0 4.1e-10
16.8 0.0 0.0 4.11e-10
16.9 0.0 0.0 4.12e-10
17.0 0.0 0.0 4.12e-10
17.1 0.0 0.0 4.12e-10
17.2 0.0 0.0 4.13e-10
17.3 0.0 0.0 4.13e-10
17.4 0.0 0.0 4.14e-10
17.5 0.0 0.0 4.14e-10
17.6 0.0 0.0 4.14e-10
17.7 0.0 0.0 4.15e-10
17.8 0.0 0.0 4.15e-10
17.9 0.0 0.0 4.15e-10
18.0 0.0 0.0 4.16e-10
18.1 0.0 0.0 4.16e-10
18.2 0.0 0.0 4.16e-10
18.3 0.0 0.0 4.16e-10
18.4 0.0 0.0 4.17e-10
18.5 0.0 0.0 4.17e-10
18.6 0.0 0.0 4.17e-10
18.7 0.0 0.0 4.21e-10
18.8 0.0 0.0 4.24e-10
18.9 0.0 0.0 4.23e-10
19.0 0.0 0.0 4.21e-10
19.1 0.0 0.0 4.15e-10
19.2 0.0 0.0 4.09e-10
19.3 0.0 0.0 4.03e-10
19.4 0.0 0.0 3.98e-10
19.5 0.0 0.0 3.93e-10
19.6 0.0 0.0 3.88e-10
19.7 0.0 0.0 3.84e-10
19.8 0.0 0.0 3.82e-10
19.9 0.0 0.0 3.8e-10
20.0 0.0 0.0 3.8e-10
20.1 0.0 0.0 3.8e-10
20.2 0.0 0.0 3.81e-10
20.3 0.0 0.0 3.82e-10
20.4 0.0 0.0 3.85e-10
20.5 0.0 0.0 3.87e-10
20.6 0.0 0.0 3.9e-10
20.7 0.0 0.0 3.93e-10
20.8 0.0 0.0 3.96e-10
20.9 0.0 0.0 3.99e-10
21.0 0.0 0.0 4.02e-10
21.1 0.0 0.0 4.05e-10
21.2 0.0 0.0 4.09e-10
21.3 0.0 0.0 4.12e-10
21.4 0.0 0.0 4.16e-10
21.5 0.0 0.0 4.2e-10
21.6 0.0 0.0 4.24e-10
21.7 0.0 0.0 4.27e-10
21.8 0.0 0.0 4.31e-10
21.9 0.0 0.0 4.35e-10
22.0 0.0 0.0 4.39e-10
22.1 0.0 0.0 4.43e-10
22.2 0.0 0.0 4.47e-10
22.3 0.0 0.0 4.51e-10
22.4 0.0 0.0 4.55e-10
22.5 0.0 0.0 4.59e-10
22.6 0.0 0.0 4.63e-10
22.7 0.0 0.0 4.67e-10
22.8 0.0 0.0 4.71e-10
22.9 0.0 0.0 4.75e-10
23.0 0.0 0.0 4.79e-10
23.1 0.0 0.0 4.83e-10
23.2 0.0 0.0 4.88e-10
23.3 0.0 0.0 4.92e-10
23.4 0.0 0.0 4.96e-10
23.5 0.0 0.0 5e-10
23.6 0.0 0.0 5.04e-10
23.7 0.0 0.0 5.08e-10
23.8 0.0 0.0 5.12e-10
23.9 0.0 0.0 5.16e-10
24.0 0.0 0.0 5.21e-10
24.1 0.0 0.0 5.25e-10
24.2 0.0 0.0 5.3e-10
24.3 0.0 0.0 5.34e-10
24.4 0.0 0.0 5.39e-10
24.5 0.0 0.0 5.44e-10
24.6 0.0 0.0 5.5e-10
24.7 0.0 0.0 5.55e-10
24.8 0.0 0.0 5.6e-10
24.9 0.0 0.0 5.65e-10
25.0 0.0 0.0 5.71e-10
25.1 0.0 0.0 5.76e-10
25.2 0.0 0.0 5.82e-10
25.3 0.0 0.0 5.87e-10
25.4 0.0 0.0 5.93e-10
25.5 0.0 0.0 5.99e-10
25.6 0.0 0.0 6.04e-10
25.7 0.0 0.0 6.1e-10
25.8 0.0 0.0 6.16e-10
25.9 0.0 0.0 6.21e-10
26.0 0.0 0.0 6.27e-10
26.1 0.0 0.0 6.33e-10
26.2 0.0 0.0 6.39e-10
26.3 0.0 0.0 6.44e-10
26.4 0.0 0.0 6.5e-10
26.5 0.0 0.0 6.56e-10
26.6 0.0 0.0 6.62e-10
26.7 0.0 0.0 6.68e-10
26.8 0.0 0.0 6.73e-10
26.9 0.0 0.0 6.79e-10
27.0 0.0 0.0 6.85e-10
27.1 0.0 0.0 6.91e-10
27.2 0.0 0.0 6.97e-10
27.3 0.0 0.0 7.03e-10
27.4 0.0 0.0 7.08e-10
27.5 0.0 0.0 7.14e-10
27.6 0.0 0.0 7.2e-10
27.7 0.0 0.0 7.26e-10
27.8 0.0 0.0 7.31e-10
27.9 0.0 0.0 7.36e-10
28.0 0.0 0.0 7.41e-10
28.1 0.0 0.0 7.45e-10
28.2 0.0 0.0 7.5e-10
28.3 0.0 0.0 7.55e-10
28.4 0.0 0.0 7.6e-10
28.5 0.0 0.0 7.65e-10
28.6 0.0 0.0 7.7e-10
28.7 0.0 0.0 7.75e-10
28.8 0.0 0.0 7.79e-10
28.9 0.0 0.0 7.84e-10
29.0 0.0 0.0 7.89e-10
29.1 0.0 0.0 7.93e-10
29.2 0.0 0.0 7.97e-10
29.3 0.0 0.0 8.01e-10
29.4 0.0 0.0 8.05e-10
29.5 0.0 0.0 8.09e-10
29.6 0.0 0.0 8.12e-10
29.7 0.0 0.0 8.16e-10
29.8 0.0 0.0 8.19e-10
29.9 0.0 0.0 8.23e-10
30.0 0.0 0.0 8.27e-10
30.1 0.0 0.0 8.31e-10
30.2 0.0 0.0 8.35e-10
30.3 0.0 0.0 8.37e-10
30.4 0.0 0.0 8.38e-10
30.5 0.0 0.0 8.39e-10
30.6 0.0 0.0 8.38e-10
30.7 0.0 0.0 8.37e-10
30.8 0.0 0.0 8.35e-10
30.9 0.0 0.0 8.33e-10
31.0 0.0 0.0 8.32e-10
31.1 0.0 0.0 8.31e-10
31.2 0.0 0.0 8.31e-10
31.3 0.0 0.0 8.31e-10
31.4 0.0 0.0 8.32e-10
31.5 0.0 0.0 8.33e-10
31.6 0.0 0.0 8.34e-10
31.7 0.0 0.0 8.35e-10
31.8 0.0 0.0 8.37e-10
31.9 0.0 0.0 8.39e-10
32.0 0.0 0.0 8.41e-10
32.1 0.0 0.0 8.43e-10
32.2 0.0 0.0 8.45e-10
32.3 0.0 0.0 8.47e-10
32.4 0.0 0.0 8.5e-10
32.5 0.0 0.0 8.52e-10
32.6 0.0 0.0 8.56e-10
32.7 0.0 0.0 8.63e-10
32.8 0.0 0.0 8.72e-10
32.9 0.0 0.0 8.81e-10
33.0 0.0 0.0 8.9e-10
33.1 0.0 0.0 8.99e-10
33.2 0.0 0.0 9.08e-10
33.3 0.0 0.0 9.18e-10
33.4 0.0 0.0 9.27e-10
33.5 0.0 0.0 9.33e-10
33.6 0.0 0.0 9.39e-10
33.7 0.0 0.0 9.51e-10
33.8 0.0 0.0 9.64e-10
33.9 0.0 0.0 9.76e-10
34.0 0.0 0.0 9.88e-10
34.1 0.0 0.0 9.99e-10
34.2 0.0 0.0 1.01e-09
34.3 0.0 0.0 1.02e-09
34.4 0.0 0.0 1.03e-09
34.5 0.0 0.0 1.03e-09
34.6 0.0 0.0 1.04e-09
34.7 0.0 0.0 1.05e-09
34.8 0.0 0.0 1.05e-09
34.9 0.0 0.0 1.05e-09
35.0 0.0 0.0 1.06e-09
35.1 0.0 0.0 1.06e-09
35.2 0.0 0.0 1.07e-09
35.3 0.0 0.0 1.07e-09
35.4 0.0 0.0 1.07e-09
35.5 0.0 0.0 1.07e-09
35.6 0.0 0.0 1.08e-09
35.7 0.0 0.0 1.08e-09
35.8 0.0 0.0 1.08e-09
35.9 0.0 0.0 1.08e-09
36.0 0.0 0.0 1.08e-09
36.1 0.0 0.0 1.08e-09
36.2 0.0 0.0 1.08e-09
36.3 0.0 0.0 1.09e-09
36.4 0.0 0.0 1.09e-09
36.5 0.0 0.0 1.09e-09
36.6 0.0 0.0 1.09e-09
36.7 0.0 0.0 1.09e-09
36.8 0.0 0.0 1.09e-09
36.9 0.0 0.0 1.09e-09
37.0 0.0 0.0 1.09e-09
37.1 0.0 0.0 1.09e-09
37.2 0.0 0.0 1.09e-09
37.3 0.0 0.0 1.09e-09
37.4 0.0 0.0 1.09e-09
37.5 0.0 0.0 1.1e-09
37.6 0.0 0.0 1.1e-09
37.7 0.0 0.0 1.1e-09
37.8 0.0 0.0 1.1e-09
37.9 0.0 0.0 1.1e-09
38.0 0.0 0.0 1.1e-09
38.1 0.0 0.0 1.1e-09
38.2 0.0 0.0 1.1e-09
38.3 0.0 0.0 1.1e-09
38.4 0.0 0.0 1.1e-09
38.5 0.0 0.0 1.1e-09
38.6 0.0 0.0 1.1e-09
38.7 0.0 0.0 1.1e-09
38.8 0.0 0.0 1.1e-09
38.9 0.0 0.0 1.1e-09
39.0 0.0 0.0 1.1e-09
39.1 0.0 0.0 1.1e-09
39.2 0.0 0.0 1.1e-09
39.3 0.0 0.0 1.11e-09
39.4 0.0 0.0 1.11e-09
39.5 0.0 0.0 1.11e-09
39.6 0.0 0.0 1.11e-09
39.7 0.0 0.0 1.11e-09
39.8 0.0 0.0 1.11e-09
39.9 0.0 0.0 1.11e-09
40.0 0.0 0.0 1.11e-09
40.1 0.0 0.0 1.11e-09
40.2 0.0 0.0 1.11e-09
40.3 0.0 0.0 1.11e-09
40.4 0.0 0.0 1.11e-09
40.5 0.0 0.0 1.11e-09
40.6 0.0 0.0 1.11e-09
40.7 0.0 0.0 1.11e-09
40.8 0.0 0.0 1.11e-09
40.9 0.0 0.0 1.11e-09
41.0 0.0 0.0 1.11e-09
41.1 0.0 0.0 1.12e-09
41.2 0.0 0.0 1.12e-09
41.3 0.0 0.0 1.12e-09
41.4 0.0 0.0 1.12e-09
41.5 0.0 0.0 1.12e-09
41.6 0.0 0.0 1.12e-09
41.7 0.0 0.0 1.12e-09
41.8 0.0 0.0 1.12e-09
41.9 0.0 0.0 1.12e-09
42.0 0.0 0.0 1.12e-09
42.1 0.0 0.0 1.12e-09
42.2 0.0 0.0 1.12e-09
42.3 0.0 0.0 1.12e-09
42.4 0.0 0.0 1.12e-09
42.5 0.0 0.0 1.12e-09
42.6 0.0 0.0 1.12e-09
42.7 0.0 0.0 1.12e-09
42.8 0.0 0.0 1.12e-09
42.9 0.0 0.0 1.12e-09
43.0 0.0 0.0 1.12e-09
43.1 0.0 0.0 1.12e-09
43.2 0.0 0.0 1.12e-09
43.3 0.0 0.0 1.12e-09
43.4 0.0 0.0 1.11e-09
43.5 0.0 0.0 1.11e-09
43.6 0.0 0.0 1.1e-09
43.7 0.0 0.0 1.1e-09
43.8 0.0 0.0 1.1e-09
43.9 0.0 0.0 1.1e-09
44.0 0.0 0.0 1.1e-09
44.1 0.0 0.0 1.1e-09
44.2 0.0 0.0 1.1e-09
44.3 0.0 0.0 1.1e-09
44.4 0.0 0.0 1.1e-09
44.5 0.0 0.0 1.1e-09
44.6 0.0 0.0 1.11e-09
44.7 0.0 0.0 1.11e-09
44.8 0.0 0.0 1.11e-09
44.9 0.0 0.0 1.11e-09
45.0 0.0 0.0 1.12e-09
45.1 0.0 0.0 1.12e-09
45.2 0.0 0.0 1.12e-09
45.3 0.0 0.0 1.13e-09
45.4 0.0 0.0 1.13e-09
45.5 0.0 0.0 1.14e-09
45.6 0.0 0.0 1.14e-09
45.7 0.0 0.0 1.14e-09
45.8 0.0 0.0 1.15e-09
45.9 0.0 0.0 1.15e-09
46.0 0.0 0.0 1.16e-09
46.1 0.0 0.0 1.16e-09
46.2 0.0 0.0 1.16e-09
46.3 0.0 0.0 1.17e-09
46.4 0.0 0.0 1.17e-09
46.5 0.0 0.0 1.18e-09
46.6 0.0 0.0 1.18e-09
46.7 0.0 0.0 1.19e-09
46.8 0.0 0.0 1.19e-09
46.9 0.0 0.0 1.19e-09
47.0 0.0 0.0 1.2e-09
47.1 0.0 0.0 1.2e-09
47.2 0.0 0.0 1.21e-09
47.3 0.0 0.0 1.21e-09
47.4 0.0 0.0 1.22e-09
47.5 0.0 0.0 1.22e-09
47.6 0.0 0.0 1.23e-09
47.7 0.0 0.0 1.23e-09
47.8 0.0 0.0 1.24e-09
47.9 0.0 0.0 1.25e-09
48.0 0.0 0.0 1.26e-09
48.1 0.0 0.0 1.27e-09
48.2 0.0 0.0 1.28e-09
48.3 0.0 0.0 1.28e-09
48.4 0.0 0.0 1.29e-09
48.5 0.0 0.0 1.3e-09
48.6 0.0 0.0 1.31e-09
48.7 0.0 0.0 1.31e-09
48.8 0.0 0.0 1.32e-09
48.9 0.0 0.0 1.32e-09
49.0 0.0 0.0 1.33e-09
49.1 0.0 0.0 1.33e-09
49.2 0.0 0.0 1.33e-09
49.3 0.0 0.0 1.34e-09
49.4 0.0 0.0 1.34e-09
49.5 0.0 0.0 1.34e-09
49.6 0.0 0.0 1.34e-09
49.7 0.0 0.0 1.34e-09
49.8 0.0 0.0 1.34e-09
49.9 0.0 0.0 1.34e-09
