0.0 0.506 0.5 0.497
0.1 0.522 0.502 0.491
0.2 0.555 0.514 0.491
0.3 0.601 0.54 0.498
0.4 0.639 0.58 0.505
0.5 0.665 0.632 0.514
0.6 0.699 0.678 0.52
0.7 0.713 0.704 0.526
0.8 0.706 0.718 0.541
0.9 0.7 0.733 0.554
1.0 0.696 0.749 0.567
1.1 0.693 0.766 0.579
1.2 0.742 0.794 0.632
1.3 0.846 0.848 0.731
1.4 0.95 0.922 0.835
1.5 1.05 1.01 0.944
1.6 1.11 1.08 1.02
1.7 1.14 1.11 1.07
1.8 1.16 1.14 1.09
1.9 1.19 1.18 1.12
2.0 1.21 1.21 1.15
2.1 1.23 1.24 1.17
2.2 1.25 1.27 1.19
2.3 1.31 1.33 1.25
2.4 1.4 1.41 1.32
2.5 1.46 1.47 1.36
2.6 1.49 1.5 1.39
2.7 1.52 1.53 1.41
2.8 1.55 1.56 1.44
2.9 1.57 1.59 1.46
3.0 1.6 1.62 1.48
3.1 1.62 1.65 1.5
3.2 1.64 1.68 1.52
3.3 1.67 1.71 1.54
3.4 1.72 1.75 1.58
3.5 1.75 1.76 1.57
3.6 1.72 1.73 1.53
3.7 1.73 1.73 1.52
3.8 1.74 1.75 1.53
3.9 1.76 1.77 1.54
4.0 1.78 1.78 1.55
4.1 1.8 1.8 1.57
4.2 1.81 1.81 1.58
4.3 1.83 1.83 1.59
4.4 1.85 1.84 1.6
4.5 1.83 1.82 1.56
4.6 1.78 1.75 1.48
4.7 1.73 1.7 1.44
4.8 1.7 1.68 1.43
4.9 1.69 1.68 1.43
5.0 1.69 1.68 1.43
5.1 1.69 1.68 1.43
5.2 1.69 1.68 1.43
5.3 1.69 1.69 1.43
5.4 1.7 1.69 1.43
5.5 1.7 1.69 1.43
5.6 1.67 1.67 1.39
5.7 1.61 1.61 1.32
5.8 1.56 1.58 1.29
5.9 1.54 1.58 1.28
6.0 1.53 1.59 1.28
6.1 1.53 1.59 1.27
6.2 1.52 1.59 1.27
6.3 1.51 1.59 1.27
6.4 1.5 1.59 1.26
6.5 1.49 1.59 1.26
6.6 1.48 1.59 1.25
6.7 1.44 1.57 1.22
6.8 1.4 1.55 1.19
6.9 1.38 1.54 1.17
7.0 1.37 1.54 1.17
7.1 1.36 1.55 1.16
7.2 1.35 1.55 1.15
7.3 1.34 1.56 1.15
7.4 1.34 1.56 1.14
7.5 1.33 1.56 1.13
7.6 1.32 1.57 1.12
7.7 1.31 1.57 1.11
7.8 1.29 1.56 1.1
7.9 1.27 1.55 1.1
8.0 1.27 1.53 1.11
8.1 1.27 1.53 1.12
8.2 1.26 1.53 1.11
8.3 1.26 1.53 1.11
8.4 1.26 1.53 1.11
8.5 1.26 1.52 1.1
8.6 1.25 1.52 1.1
8.7 1.25 1.51 1.09
8.8 1.24 1.5 1.09
8.9 1.24 1.49 1.08
9.0 1.23 1.47 1.08
9.1 1.23 1.46 1.1
9.2 1.22 1.45 1.11
9.3 1.22 1.44 1.11
9.4 1.22 1.42 1.12
9.5 1.23 1.4 1.13
9.6 1.24 1.39 1.14
9.7 1.27 1.38 1.15
9.8 1.29 1.39 1.16
9.9 1.31 1.39 1.17
10.0 1.33 1.4 1.18
10.1 1.36 1.38 1.19
10.2 1.38 1.35 1.21
10.3 1.41 1.34 1.22
10.4 1.43 1.34 1.24
10.5 1.45 1.35 1.25
10.6 1.46 1.35 1.26
10.7 1.47 1.36 1.27
10.8 1.48 1.36 1.28
10.9 1.5 1.37 1.29
11.0 1.52 1.37 1.3
11.1 1.54 1.36 1.32
11.2 1.55 1.35 1.34
11.3 1.57 1.35 1.36
11.4 1.59 1.35 1.37
11.5 1.61 1.36 1.38
11.6 1.63 1.37 1.39
11.7 1.65 1.37 1.41
11.8 1.67 1.38 1.42
11.9 1.69 1.39 1.43
12.0 1.71 1.4 1.44
12.1 1.73 1.4 1.46
12.2 1.74 1.4 1.48
12.3 1.76 1.4 1.49
12.4 1.77 1.41 1.51
12.5 1.79 1.41 1.52
12.6 1.81 1.42 1.53
12.7 1.83 1.43 1.55
12.8 1.85 1.44 1.56
12.9 1.87 1.45 1.57
13.0 1.89 1.46 1.59
13.1 1.91 1.47 1.6
13.2 1.93 1.47 1.61
13.3 1.94 1.48 1.63
13.4 1.96 1.48 1.64
13.5 1.98 1.49 1.65
13.6 2.0 1.5 1.67
13.7 2.03 1.51 1.68
13.8 2.05 1.52 1.69
13.9 2.07 1.53 1.71
14.0 2.09 1.54 1.72
14.1 2.11 1.55 1.73
14.2 2.13 1.55 1.75
14.3 2.15 1.56 1.76
14.4 2.17 1.57 1.77
14.5 2.19 1.58 1.78
14.6 2.21 1.59 1.8
14.7 2.23 1.6 1.81
14.8 2.26 1.61 1.82
14.9 2.28 1.61 1.84
15.0 2.3 1.62 1.85
15.1 2.31 1.63 1.88
15.2 2.31 1.63 1.91
15.3 2.33 1.64 1.92
15.4 2.34 1.65 1.94
15.5 2.36 1.66 1.95
15.6 2.38 1.67 1.96
15.7 2.4 1.68 1.98
15.8 2.42 1.68 1.99
15.9 2.44 1.69 2.01
16.0 2.46 1.7 2.02
16.1 2.49 1.71 2.04
16.2 2.48 1.72 2.05
16.3 2.45 1.73 2.06
16.4 2.42 1.74 2.08
16.5 2.38 1.75 2.09
16.6 2.37 1.76 2.1
16.7 2.38 1.77 2.11
16.8 2.39 1.78 2.12
16.9 2.4 1.79 2.14
17.0 2.42 1.79 2.15
17.1 2.44 1.8 2.16
17.2 2.46 1.81 2.18
17.3 2.48 1.82 2.19
17.4 2.51 1.83 2.2
17.5 2.55 1.84 2.21
17.6 2.58 1.86 2.23
17.7 2.6 1.87 2.24
17.8 2.62 1.89 2.25
17.9 2.64 1.9 2.26
18.0 2.65 1.91 2.28
18.1 2.68 1.92 2.29
18.2 2.71 1.94 2.3
18.3 2.74 1.95 2.31
18.4 2.76 1.96 2.32
18.5 2.79 1.97 2.33
18.6 2.78 2.0 2.34
18.7 2.74 2.05 2.36
18.8 2.7 2.1 2.37
18.9 2.69 2.15 2.38
19.0 2.67 2.2 2.39
19.1 2.66 2.23 2.4
19.2 2.66 2.26 2.41
19.3 2.67 2.27 2.42
19.4 2.67 2.29 2.43
19.5 2.68 2.31 2.44
19.6 2.71 2.33 2.45
19.7 2.69 2.37 2.46
19.8 2.65 2.4 2.47
19.9 2.62 2.43 2.47
20.0 2.6 2.45 2.48
20.1 2.6 2.46 2.48
20.2 2.6 2.48 2.49
20.3 2.61 2.5 2.49
20.4 2.62 2.52 2.5
20.5 2.62 2.53 2.51
20.6 2.63 2.55 2.52
20.7 2.64 2.56 2.53
20.8 2.65 2.58 2.54
20.9 2.64 2.6 2.54
21.0 2.62 2.61 2.55
21.1 2.61 2.61 2.55
21.2 2.6 2.61 2.56
21.3 2.59 2.62 2.56
21.4 2.59 2.63 2.57
21.5 2.59 2.64 2.58
21.6 2.6 2.66 2.59
21.7 2.6 2.67 2.6
21.8 2.61 2.69 2.61
21.9 2.62 2.7 2.62
22.0 2.62 2.72 2.63
22.1 2.63 2.74 2.64
22.2 2.63 2.75 2.64
22.3 2.62 2.74 2.66
22.4 2.61 2.73 2.67
22.5 2.61 2.73 2.68
22.6 2.61 2.73 2.69
22.7 2.61 2.74 2.7
22.8 2.62 2.74 2.71
22.9 2.62 2.75 2.72
23.0 2.63 2.76 2.73
23.1 2.63 2.77 2.73
23.2 2.64 2.77 2.74
23.3 2.64 2.78 2.75
23.4 2.64 2.78 2.76
23.5 2.63 2.76 2.78
23.6 2.62 2.75 2.8
23.7 2.61 2.73 2.81
23.8 2.6 2.72 2.81
23.9 2.6 2.72 2.79
24.0 2.6 2.71 2.76
24.1 2.6 2.71 2.74
24.2 2.6 2.7 2.72
24.3 2.6 2.7 2.72
24.4 2.6 2.69 2.72
24.5 2.6 2.7 2.72
24.6 2.6 2.7 2.72
24.7 2.61 2.7 2.73
24.8 2.61 2.71 2.73
24.9 2.61 2.71 2.73
25.0 2.62 2.71 2.74
25.1 2.61 2.71 2.73
25.2 2.61 2.7 2.71
25.3 2.61 2.68 2.69
25.4 2.61 2.68 2.67
25.5 2.6 2.67 2.67
25.6 2.61 2.68 2.67
25.7 2.61 2.68 2.67
25.8 2.61 2.68 2.67
25.9 2.61 2.69 2.68
26.0 2.62 2.69 2.68
26.1 2.62 2.69 2.68
26.2 2.62 2.7 2.68
26.3 2.62 2.69 2.68
26.4 2.62 2.68 2.67
26.5 2.61 2.67 2.67
26.6 2.61 2.67 2.67
26.7 2.61 2.67 2.67
26.8 2.61 2.68 2.67
26.9 2.61 2.68 2.67
27.0 2.61 2.68 2.68
27.1 2.61 2.69 2.68
27.2 2.61 2.69 2.68
27.3 2.6 2.7 2.68
27.4 2.6 2.69 2.68
27.5 2.6 2.67 2.67
27.6 2.57 2.66 2.67
27.7 2.55 2.66 2.67
27.8 2.55 2.65 2.68
27.9 2.55 2.64 2.68
28.0 2.55 2.63 2.68
28.1 2.55 2.62 2.68
28.2 2.55 2.61 2.69
28.3 2.55 2.6 2.69
28.4 2.55 2.59 2.69
28.5 2.53 2.58 2.69
28.6 2.51 2.58 2.68
28.7 2.48 2.57 2.67
28.8 2.46 2.57 2.66
28.9 2.42 2.56 2.66
29.0 2.39 2.56 2.66
29.1 2.37 2.54 2.66
29.2 2.35 2.53 2.66
29.3 2.32 2.52 2.66
29.4 2.3 2.51 2.66
29.5 2.28 2.5 2.67
29.6 2.26 2.5 2.67
29.7 2.24 2.5 2.67
29.8 2.23 2.5 2.67
29.9 2.2 2.49 2.68
30.0 2.17 2.47 2.68
30.1 2.14 2.46 2.68
30.2 2.11 2.45 2.68
30.3 2.08 2.44 2.68
30.4 2.05 2.44 2.69
30.5 2.02 2.43 2.69
30.6 1.99 2.43 2.7
30.7 1.96 2.43 2.7
30.8 1.93 2.42 2.71
30.9 1.9 2.41 2.71
31.0 1.86 2.41 2.72
31.1 1.83 2.4 2.72
31.2 1.8 2.39 2.72
31.3 1.78 2.37 2.72
31.4 1.76 2.35 2.71
31.5 1.74 2.32 2.71
31.6 1.73 2.28 2.71
31.7 1.71 2.25 2.71
31.8 1.7 2.22 2.72
31.9 1.69 2.19 2.72
32.0 1.67 2.16 2.72
32.1 1.67 2.13 2.73
32.2 1.65 2.1 2.73
32.3 1.64 2.07 2.73
32.4 1.62 2.05 2.74
32.5 1.6 2.02 2.74
32.6 1.58 1.99 2.74
32.7 1.57 1.95 2.74
32.8 1.55 1.9 2.74
32.9 1.54 1.86 2.74
33.0 1.53 1.82 2.75
33.1 1.53 1.79 2.75
33.2 1.52 1.75 2.75
33.3 1.52 1.71 2.76
33.4 1.51 1.68 2.76
33.5 1.49 1.65 2.76
33.6 1.47 1.62 2.77
33.7 1.46 1.59 2.76
33.8 1.47 1.56 2.73
33.9 1.47 1.53 2.71
34.0 1.47 1.5 2.68
34.1 1.47 1.48 2.66
34.2 1.46 1.46 2.63
34.3 1.46 1.44 2.61
34.4 1.46 1.42 2.59
34.5 1.46 1.41 2.57
34.6 1.45 1.39 2.57
34.7 1.45 1.38 2.56
34.8 1.44 1.38 2.53
34.9 1.45 1.4 2.49
35.0 1.45 1.41 2.44
35.1 1.45 1.4 2.4
35.2 1.45 1.39 2.37
35.3 1.45 1.39 2.34
35.4 1.45 1.38 2.32
35.5 1.44 1.37 2.29
35.6 1.43 1.37 2.26
35.7 1.42 1.36 2.24
35.8 1.41 1.35 2.22
35.9 1.42 1.35 2.18
36.0 1.44 1.36 2.13
36.1 1.45 1.38 2.07
36.2 1.44 1.38 2.02
36.3 1.44 1.38 1.99
36.4 1.43 1.37 1.95
36.5 1.42 1.36 1.92
36.6 1.41 1.35 1.9
36.7 1.4 1.34 1.87
36.8 1.39 1.33 1.85
36.9 1.38 1.31 1.83
37.0 1.38 1.31 1.79
37.1 1.4 1.33 1.74
37.2 1.39 1.34 1.69
37.3 1.38 1.33 1.65
37.4 1.37 1.32 1.61
37.5 1.36 1.31 1.58
37.6 1.35 1.3 1.56
37.7 1.34 1.29 1.53
37.8 1.33 1.28 1.51
37.9 1.32 1.26 1.48
38.0 1.32 1.26 1.44
38.1 1.35 1.28 1.39
38.2 1.38 1.31 1.34
38.3 1.4 1.33 1.29
38.4 1.4 1.34 1.26
38.5 1.4 1.34 1.24
38.6 1.4 1.33 1.22
38.7 1.39 1.32 1.19
38.8 1.38 1.31 1.17
38.9 1.37 1.3 1.15
39.0 1.36 1.29 1.14
39.1 1.34 1.27 1.12
39.2 1.34 1.27 1.1
39.3 1.37 1.28 1.09
39.4 1.39 1.29 1.08
39.5 1.39 1.3 1.08
39.6 1.39 1.29 1.07
39.7 1.39 1.28 1.06
39.8 1.38 1.27 1.05
39.9 1.36 1.26 1.04
40.0 1.34 1.25 1.02
40.1 1.32 1.25 1.01
40.2 1.29 1.24 1.0
40.3 1.28 1.25 1.0
40.4 1.3 1.29 1.02
40.5 1.31 1.31 1.05
40.6 1.3 1.33 1.07
40.7 1.27 1.33 1.07
40.8 1.25 1.33 1.07
40.9 1.22 1.33 1.07
41.0 1.18 1.33 1.07
41.1 1.15 1.32 1.07
41.2 1.11 1.32 1.07
41.3 1.07 1.32 1.07
41.4 1.06 1.33 1.09
41.5 1.09 1.36 1.14
41.6 1.09 1.38 1.17
41.7 1.06 1.39 1.18
41.8 1.02 1.39 1.19
41.9 0.998 1.4 1.2
42.0 0.989 1.4 1.2
42.1 0.981 1.41 1.21
42.2 0.972 1.41 1.22
42.3 0.965 1.42 1.23
42.4 0.958 1.42 1.24
42.5 0.976 1.43 1.24
42.6 1.02 1.43 1.23
42.7 1.05 1.43 1.23
42.8 1.05 1.43 1.24
42.9 1.07 1.44 1.24
43.0 1.08 1.45 1.25
43.1 1.1 1.46 1.25
43.2 1.12 1.47 1.26
43.3 1.13 1.47 1.27
43.4 1.15 1.48 1.27
43.5 1.16 1.49 1.28
43.6 1.2 1.5 1.27
43.7 1.23 1.5 1.25
43.8 1.24 1.48 1.22
43.9 1.26 1.47 1.2
44.0 1.29 1.47 1.2
44.1 1.32 1.48 1.2
44.2 1.35 1.49 1.2
44.3 1.37 1.5 1.2
44.4 1.4 1.51 1.2
44.5 1.42 1.51 1.2
44.6 1.44 1.52 1.2
44.7 1.45 1.53 1.2
44.8 1.46 1.53 1.18
44.9 1.46 1.5 1.15
45.0 1.46 1.49 1.14
45.1 1.48 1.5 1.14
45.2 1.5 1.5 1.14
45.3 1.52 1.51 1.14
45.4 1.53 1.52 1.14
45.5 1.55 1.53 1.13
45.6 1.56 1.53 1.13
45.7 1.57 1.54 1.13
45.8 1.58 1.55 1.13
45.9 1.56 1.54 1.13
46.0 1.52 1.51 1.12
46.1 1.51 1.5 1.12
46.2 1.52 1.5 1.12
46.3 1.53 1.5 1.12
46.4 1.53 1.51 1.12
46.5 1.54 1.51 1.12
46.6 1.54 1.52 1.13
46.7 1.54 1.52 1.13
46.8 1.54 1.53 1.13
46.9 1.53 1.53 1.13
47.0 1.52 1.52 1.13
47.1 1.51 1.5 1.12
47.2 1.51 1.49 1.12
47.3 1.51 1.49 1.13
47.4 1.51 1.49 1.13
47.5 1.51 1.5 1.14
47.6 1.5 1.5 1.14
47.7 1.5 1.5 1.15
47.8 1.49 1.5 1.15
47.9 1.48 1.51 1.16
48.0 1.48 1.51 1.16
48.1 1.48 1.5 1.16
48.2 1.48 1.49 1.14
48.3 1.48 1.48 1.14
48.4 1.47 1.48 1.15
48.5 1.46 1.49 1.16
48.6 1.45 1.49 1.17
48.7 1.44 1.49 1.17
48.8 1.44 1.49 1.18
48.9 1.44 1.49 1.18
49.0 1.44 1.5 1.19
49.1 1.44 1.5 1.19
49.2 1.44 1.5 1.19
49.3 1.43 1.49 1.17
49.4 1.42 1.48 1.17
49.5 1.41 1.48 1.18
49.6 1.41 1.48 1.19
49.7 1.4 1.49 1.19
49.8 1.4 1.49 1.2
49.9 1.4 1.49 1.2
