0.0 6.84e-05 3.85e-12 -3.37e-05
0.1 -6.78e-05 1.51e-11 -0.00013
0.2 -0.000408 4.07e-11 -0.000285
0.3 -0.000942 8.05e-11 -0.000489
0.4 -0.00162 1.27e-10 -0.000732
0.5 -0.00242 1.81e-10 -0.000998
0.6 -0.0033 2.39e-10 -0.00128
0.7 -0.00424 3e-10 -0.00155
0.8 -0.00518 3.63e-10 -0.0018
0.9 -0.00612 4.27e-10 -0.002
1.0 -0.00702 4.92e-10 -0.00215
1.1 -0.00786 5.58e-10 -0.00222
1.2 -0.00862 6.21e-10 -0.0022
1.3 -0.00927 6.82e-10 -0.00206
1.4 -0.00981 7.41e-10 -0.00179
1.5 -0.0102 7.97e-10 -0.00135
1.6 -0.0105 8.49e-10 -0.000762
1.7 -0.0104 8.93e-10 -4.07e-05
1.8 -0.0103 9.34e-10 0.000955
1.9 -0.0101 9.71e-10 0.00217
2.0 -0.0095 9.99e-10 0.00353
2.1 -0.00875 1.02e-09 0.00512
2.2 -0.00785 1.03e-09 0.00697
2.3 -0.00681 1.05e-09 0.00908
2.4 -0.00564 1.05e-09 0.0114
2.5 -0.00437 1.05e-09 0.0141
2.6 -0.003 1.04e-09 0.017
2.7 -0.00156 1.03e-09 0.0202
2.8 -6.82e-05 1.01e-09 0.0236
2.9 0.00147 9.93e-10 0.0274
3.0 0.00303 9.73e-10 0.0313
3.1 0.0046 9.53e-10 0.0356
3.2 0.00616 9.33e-10 0.0401
3.3 0.0077 9.13e-10 0.0448
3.4 0.00921 8.9e-10 0.0497
3.5 0.0107 8.64e-10 0.0548
3.6 0.0121 8.38e-10 0.0601
3.7 0.0135 8.1e-10 0.0656
3.8 0.0148 7.84e-10 0.0713
3.9 0.016 7.58e-10 0.077
4.0 0.0172 7.36e-10 0.0829
4.1 0.0183 7.18e-10 0.0889
4.2 0.0194 7e-10 0.0949
4.3 0.0204 6.81e-10 0.101
4.4 0.0213 6.63e-10 0.107
4.5 0.0222 6.53e-10 0.113
4.6 0.023 6.52e-10 0.119
4.7 0.0238 6.47e-10 0.125
4.8 0.0245 6.39e-10 0.132
4.9 0.0252 6.37e-10 0.14
5.0 0.0257 6.42e-10 0.149
5.1 0.0263 6.48e-10 0.159
5.2 0.0267 6.64e-10 0.17
5.3 0.0271 6.88e-10 0.182
5.4 0.0274 7.1e-10 0.195
5.5 0.0276 7.34e-10 0.21
5.6 0.0279 6.77e-10 0.225
5.7 0.0281 6.69e-10 0.241
5.8 0.0283 6.97e-10 0.259
5.9 0.0285 6.37e-10 0.277
6.0 0.0289 8.29e-10 0.297
6.1 0.0292 1.28e-09 0.317
6.2 0.0297 1.47e-09 0.338
6.3 0.0303 1.39e-09 0.36
6.4 0.0309 1.29e-09 0.382
6.5 0.0316 1.18e-09 0.405
6.6 0.0323 1.07e-09 0.429
6.7 0.033 9.39e-10 0.453
6.8 0.0335 8.04e-10 0.477
6.9 0.034 6.61e-10 0.502
7.0 0.0345 8.03e-10 0.527
7.1 0.035 8.26e-10 0.551
7.2 0.0361 5.21e-10 0.575
7.3 0.0374 1.86e-09 0.599
7.4 0.0386 5.61e-09 0.623
7.5 0.0395 8.8e-09 0.646
7.6 0.0402 9.79e-09 0.668
7.7 0.041 9.43e-09 0.689
7.8 0.0419 8.99e-09 0.71
7.9 0.0428 7.18e-09 0.729
8.0 0.0437 3.88e-09 0.746
8.1 0.0446 7.32e-10 0.763
8.2 0.0454 -2.61e-09 0.777
8.3 0.0462 -6.15e-09 0.789
8.4 0.0469 -8.1e-09 0.8
8.5 0.0476 -1.1e-08 0.808
8.6 0.0482 -1.4e-08 0.814
8.7 0.0487 -1.49e-08 0.818
8.8 0.0491 -1.56e-08 0.819
8.9 0.0492 -1.57e-08 0.817
9.0 0.0493 -1.57e-08 0.812
9.1 0.0495 -1.56e-08 0.804
9.2 0.0499 -1.54e-08 0.792
9.3 0.0503 -1.46e-08 0.778
9.4 0.05 -1.34e-08 0.76
9.5 0.0488 -1.23e-08 0.738
9.6 0.048 -1.11e-08 0.713
9.7 0.048 -9.79e-09 0.683
9.8 0.0484 -8.55e-09 0.65
9.9 0.0478 -7.15e-09 0.613
10.0 0.0465 -5.21e-09 0.572
10.1 0.0453 -3.16e-09 0.527
10.2 0.0441 -1.22e-09 0.478
10.3 0.043 3.78e-10 0.425
10.4 0.0424 1.62e-09 0.367
10.5 0.0422 2.38e-09 0.305
10.6 0.0425 2.92e-09 0.239
10.7 0.0436 3.24e-09 0.169
10.8 0.0452 3.25e-09 0.0966
10.9 0.0471 3.11e-09 0.0266
11.0 0.049 2.82e-09 -0.0369
11.1 0.0509 2.49e-09 -0.0962
11.2 0.0528 2.11e-09 -0.151
11.3 0.0545 1.74e-09 -0.202
11.4 0.0563 1.4e-09 -0.255
11.5 0.0579 9.47e-10 -0.309
11.6 0.0592 6.56e-10 -0.365
11.7 0.0604 6.49e-10 -0.423
11.8 0.0615 -3.71e-10 -0.482
11.9 0.0624 -2.45e-09 -0.543
12.0 0.0634 -4.65e-09 -0.606
12.1 0.0621 -0.00365 -0.669
12.2 0.0566 -0.0137 -0.734
12.3 0.05 -0.0251 -0.801
12.4 0.0435 -0.036 -0.868
12.5 0.0365 -0.0479 -0.936
12.6 0.0334 -0.0531 -1.0
12.7 0.0342 -0.0517 -1.07
12.8 0.0354 -0.0499 -1.14
12.9 0.0369 -0.0477 -1.21
13.0 0.0387 -0.0452 -1.28
13.1 0.0408 -0.0423 -1.35
13.2 0.043 -0.0394 -1.42
13.3 0.0452 -0.0364 -1.49
13.4 0.0475 -0.0334 -1.56
13.5 0.0498 -0.0305 -1.62
13.6 0.0522 -0.0275 -1.69
13.7 0.0545 -0.0247 -1.75
13.8 0.0568 -0.022 -1.81
13.9 0.059 -0.0194 -1.87
14.0 0.0609 -0.0172 -1.93
14.1 0.0627 -0.0158 -1.98
14.2 0.0639 -0.0148 -2.04
14.3 0.0629 -0.0122 -2.09
14.4 0.0614 -0.00805 -2.14
14.5 0.0605 -0.00406 -2.18
14.6 0.063 -0.00143 -2.22
14.7 0.0674 -4.65e-05 -2.26
14.8 0.0625 0.000444 -2.3
14.9 0.0428 -0.000524 -2.33
15.0 0.0123 -0.0028 -2.36
15.1 -0.0238 -0.00638 -2.38
15.2 -0.0622 -0.0109 -2.4
15.3 -0.0877 -0.0133 -2.43
15.4 -0.117 -0.0165 -2.45
15.5 -0.164 -0.028 -2.46
15.6 -0.21 -0.0505 -2.47
15.7 -0.247 -0.0856 -2.47
15.8 -0.276 -0.128 -2.47
15.9 -0.297 -0.172 -2.47
16.0 -0.309 -0.22 -2.46
16.1 -0.31 -0.27 -2.45
16.2 -0.294 -0.322 -2.43
16.3 -0.268 -0.37 -2.41
16.4 -0.238 -0.407 -2.39
16.5 -0.205 -0.433 -2.36
16.6 -0.17 -0.448 -2.33
16.7 -0.133 -0.449 -2.29
16.8 -0.0929 -0.436 -2.25
16.9 -0.0509 -0.412 -2.21
17.0 -0.0118 -0.382 -2.17
17.1 0.018 -0.349 -2.12
17.2 0.0369 -0.314 -2.07
17.3 0.0455 -0.281 -2.01
17.4 0.0477 -0.256 -1.96
17.5 0.0464 -0.235 -1.9
17.6 0.0522 -0.215 -1.84
17.7 0.0653 -0.192 -1.77
17.8 0.0754 -0.164 -1.71
17.9 0.083 -0.132 -1.64
18.0 0.0888 -0.101 -1.57
18.1 0.092 -0.0712 -1.5
18.2 0.0908 -0.0449 -1.42
18.3 0.0852 -0.0222 -1.35
18.4 0.078 -0.00312 -1.27
18.5 0.071 0.0115 -1.19
18.6 0.0649 0.0223 -1.11
18.7 0.0602 0.0295 -1.03
18.8 0.0566 0.0338 -0.952
18.9 0.0545 0.0355 -0.87
19.0 0.0534 0.035 -0.788
19.1 0.0534 0.0326 -0.705
19.2 0.055 0.0282 -0.622
19.3 0.0571 0.0224 -0.539
19.4 0.0594 0.0167 -0.455
19.5 0.0622 0.0118 -0.372
19.6 0.0644 0.00755 -0.288
19.7 0.0655 0.00394 -0.205
19.8 0.0663 0.00128 -0.124
19.9 0.0677 -0.000584 -0.0498
20.0 0.069 -0.00136 0.0135
20.1 0.0696 -0.00156 0.0644
20.2 0.0688 -0.00178 0.106
20.3 0.0664 -0.00185 0.144
20.4 0.0656 -0.000985 0.179
20.5 0.0659 0.000353 0.211
20.6 0.0639 0.000673 0.241
20.7 0.0585 4.48e-05 0.268
20.8 0.0497 -0.00106 0.294
20.9 0.0409 -0.00251 0.316
21.0 0.032 -0.0049 0.337
21.1 0.021 -0.00837 0.356
21.2 0.00854 -0.0111 0.372
21.3 -0.00479 -0.0135 0.386
21.4 -0.0195 -0.0164 0.399
21.5 -0.0348 -0.0183 0.409
21.6 -0.0506 -0.0218 0.418
21.7 -0.0672 -0.0297 0.424
21.8 -0.085 -0.0405 0.429
21.9 -0.104 -0.0523 0.432
22.0 -0.125 -0.0642 0.433
22.1 -0.148 -0.0753 0.433
22.2 -0.171 -0.0853 0.43
22.3 -0.196 -0.0945 0.426
22.4 -0.221 -0.103 0.421
22.5 -0.246 -0.11 0.414
22.6 -0.271 -0.116 0.405
22.7 -0.295 -0.123 0.395
22.8 -0.32 -0.129 0.383
22.9 -0.345 -0.137 0.37
23.0 -0.368 -0.145 0.355
23.1 -0.391 -0.155 0.34
23.2 -0.414 -0.165 0.323
23.3 -0.435 -0.174 0.307
23.4 -0.453 -0.183 0.292
23.5 -0.469 -0.191 0.279
23.6 -0.484 -0.198 0.266
23.7 -0.498 -0.205 0.254
23.8 -0.509 -0.209 0.245
23.9 -0.516 -0.211 0.241
24.0 -0.52 -0.215 0.243
24.1 -0.52 -0.221 0.249
24.2 -0.522 -0.224 0.252
24.3 -0.525 -0.225 0.253
24.4 -0.53 -0.224 0.254
24.5 -0.534 -0.223 0.255
24.6 -0.538 -0.221 0.256
24.7 -0.541 -0.219 0.257
24.8 -0.544 -0.216 0.257
24.9 -0.546 -0.213 0.257
25.0 -0.546 -0.21 0.256
25.1 -0.546 -0.207 0.255
25.2 -0.545 -0.203 0.254
25.3 -0.543 -0.2 0.253
25.4 -0.54 -0.197 0.251
25.5 -0.535 -0.195 0.249
25.6 -0.53 -0.193 0.247
25.7 -0.524 -0.191 0.244
25.8 -0.518 -0.189 0.241
25.9 -0.51 -0.186 0.237
26.0 -0.502 -0.184 0.232
26.1 -0.492 -0.181 0.228
26.2 -0.482 -0.178 0.223
26.3 -0.471 -0.176 0.217
26.4 -0.459 -0.173 0.211
26.5 -0.447 -0.17 0.205
26.6 -0.433 -0.167 0.198
26.7 -0.419 -0.163 0.19
26.8 -0.404 -0.158 0.182
26.9 -0.389 -0.154 0.174
27.0 -0.372 -0.149 0.165
27.1 -0.355 -0.144 0.155
27.2 -0.337 -0.139 0.146
27.3 -0.318 -0.134 0.135
27.4 -0.299 -0.128 0.124
27.5 -0.278 -0.122 0.113
27.6 -0.258 -0.116 0.101
27.7 -0.236 -0.109 0.0892
27.8 -0.214 -0.101 0.0765
27.9 -0.191 -0.0913 0.0634
28.0 -0.167 -0.0812 0.0503
28.1 -0.142 -0.0707 0.0369
28.2 -0.116 -0.0595 0.0232
28.3 -0.0905 -0.0476 0.00894
28.4 -0.0642 -0.035 -0.00576
28.5 -0.038 -0.0226 -0.0207
28.6 -0.0135 -0.0109 -0.0354
28.7 0.00769 -0.000673 -0.0494
28.8 0.0258 0.00792 -0.0628
28.9 0.041 0.0147 -0.0765
29.0 0.0527 0.0191 -0.0907
29.1 0.0587 0.0195 -0.106
29.2 0.0601 0.0167 -0.121
29.3 0.0603 0.013 -0.137
29.4 0.0591 0.00845 -0.154
29.5 0.0566 0.00353 -0.171
29.6 0.0527 -0.00136 -0.189
29.7 0.0477 -0.00574 -0.207
29.8 0.0415 -0.0093 -0.226
29.9 0.0347 -0.012 -0.245
30.0 0.0274 -0.0138 -0.265
30.1 0.0202 -0.0147 -0.285
30.2 0.013 -0.0149 -0.305
30.3 0.00594 -0.0148 -0.326
30.4 -0.000462 -0.0142 -0.347
30.5 -0.00631 -0.0133 -0.367
30.6 -0.0113 -0.0122 -0.388
30.7 -0.0153 -0.0108 -0.409
30.8 -0.0191 -0.00935 -0.429
30.9 -0.0228 -0.00787 -0.449
31.0 -0.0261 -0.00641 -0.469
31.1 -0.0284 -0.00505 -0.488
31.2 -0.03 -0.00376 -0.507
31.3 -0.0315 -0.00244 -0.524
31.4 -0.033 -0.00108 -0.541
31.5 -0.0345 0.000133 -0.557
31.6 -0.0358 0.0011 -0.572
31.7 -0.0368 0.0019 -0.585
31.8 -0.0376 0.00255 -0.597
31.9 -0.0382 0.00306 -0.608
32.0 -0.0386 0.00342 -0.617
32.1 -0.0389 0.00364 -0.624
32.2 -0.039 0.00374 -0.629
32.3 -0.0385 0.00368 -0.632
32.4 -0.0378 0.00337 -0.633
32.5 -0.0368 0.00279 -0.632
32.6 -0.0335 0.00207 -0.628
32.7 -0.0279 0.00154 -0.621
32.8 -0.0235 0.00124 -0.612
32.9 -0.0211 0.00106 -0.6
33.0 -0.0194 0.00131 -0.585
33.1 -0.0137 0.000728 -0.566
33.2 0.00119 0.000874 -0.545
33.3 0.0244 -0.00262 -0.52
33.4 0.053 -0.0111 -0.492
33.5 0.083 -0.0272 -0.461
33.6 0.111 -0.0525 -0.425
33.7 0.137 -0.0792 -0.387
33.8 0.151 -0.114 -0.344
33.9 0.145 -0.157 -0.298
34.0 0.13 -0.191 -0.248
34.1 0.113 -0.21 -0.194
34.2 0.0953 -0.212 -0.137
34.3 0.0756 -0.193 -0.0776
34.4 0.0544 -0.16 -0.021
34.5 0.0318 -0.125 0.0309
34.6 0.00867 -0.0882 0.0794
34.7 -0.0116 -0.0549 0.123
34.8 -0.0288 -0.0257 0.161
34.9 -0.0445 0.00161 0.201
35.0 -0.0554 0.0212 0.242
35.1 -0.0612 0.033 0.286
35.2 -0.0654 0.0418 0.33
35.3 -0.0677 0.0475 0.377
35.4 -0.0688 0.0509 0.425
35.5 -0.0689 0.0518 0.475
35.6 -0.0678 0.0506 0.527
35.7 -0.0665 0.0488 0.581
35.8 -0.0651 0.0465 0.636
35.9 -0.0635 0.0437 0.692
36.0 -0.0618 0.0405 0.75
36.1 -0.0601 0.037 0.808
36.2 -0.0584 0.0332 0.868
36.3 -0.0569 0.0293 0.929
36.4 -0.0556 0.0254 0.99
36.5 -0.0544 0.0215 1.05
36.6 -0.0534 0.0176 1.11
36.7 -0.0526 0.0139 1.18
36.8 -0.0519 0.0102 1.24
36.9 -0.0515 0.00686 1.3
37.0 -0.0513 0.00374 1.36
37.1 -0.0513 0.000919 1.42
37.2 -0.0515 -0.00157 1.48
37.3 -0.0518 -0.00371 1.54
37.4 -0.0524 -0.00549 1.6
37.5 -0.0531 -0.00691 1.66
37.6 -0.054 -0.00798 1.71
37.7 -0.0549 -0.0087 1.76
37.8 -0.056 -0.00925 1.81
37.9 -0.0569 -0.00971 1.86
38.0 -0.058 -0.00994 1.9
38.1 -0.059 -0.00985 1.95
38.2 -0.0602 -0.00943 1.99
38.3 -0.0613 -0.00871 2.02
38.4 -0.0626 -0.00774 2.06
38.5 -0.0638 -0.00655 2.09
38.6 -0.065 -0.0052 2.11
38.7 -0.0662 -0.00373 2.14
38.8 -0.0673 -0.00218 2.16
38.9 -0.0684 -0.000613 2.17
39.0 -0.0695 0.000944 2.18
39.1 -0.0704 0.00245 2.19
39.2 -0.0713 0.00387 2.19
39.3 -0.072 0.00519 2.19
39.4 -0.0727 0.00637 2.19
39.5 -0.0733 0.0074 2.18
39.6 -0.0737 0.00827 2.16
39.7 -0.0741 0.00897 2.15
39.8 -0.0744 0.0095 2.13
39.9 -0.0746 0.00985 2.1
40.0 -0.0747 0.01 2.07
40.1 -0.0747 0.0101 2.04
40.2 -0.0747 0.00997 2.0
40.3 -0.0747 0.00973 1.96
40.4 -0.0746 0.00937 1.91
40.5 -0.0744 0.0089 1.86
40.6 -0.0742 0.00835 1.81
40.7 -0.0741 0.00774 1.75
40.8 -0.0739 0.00707 1.69
40.9 -0.0737 0.00636 1.62
41.0 -0.0735 0.00564 1.56
41.1 -0.0734 0.00492 1.49
41.2 -0.0733 0.00423 1.41
41.3 -0.0721 0.00329 1.34
41.4 -0.07 0.00231 1.26
41.5 -0.0679 0.0016 1.18
41.6 -0.066 0.000972 1.09
41.7 -0.0643 0.000453 1.01
41.8 -0.0629 4.26e-05 0.921
41.9 -0.0618 -0.000259 0.831
42.0 -0.0611 -0.000476 0.74
42.1 -0.0609 -0.000505 0.647
42.2 -0.0611 -0.000374 0.553
42.3 -0.0614 -0.000236 0.458
42.4 -0.0616 -0.000116 0.361
42.5 -0.0619 -5.39e-06 0.264
42.6 -0.0622 0.000103 0.169
42.7 -0.0624 0.000201 0.0798
42.8 -0.0625 0.000287 0.00052
42.9 -0.0623 0.000355 -0.0667
43.0 -0.0623 0.000413 -0.125
43.1 -0.0623 0.000471 -0.181
43.2 -0.0623 0.000524 -0.235
43.3 -0.0623 0.00057 -0.287
43.4 -0.0624 0.000605 -0.336
43.5 -0.0625 0.000638 -0.383
43.6 -0.0626 0.000666 -0.429
43.7 -0.0626 0.000687 -0.472
43.8 -0.0627 0.000706 -0.513
43.9 -0.063 0.000721 -0.552
44.0 -0.0635 0.000738 -0.589
44.1 -0.0638 0.000739 -0.624
44.2 -0.064 0.000722 -0.657
44.3 -0.0644 0.000706 -0.687
44.4 -0.0647 0.000689 -0.716
44.5 -0.0649 0.000674 -0.742
44.6 -0.0653 0.000658 -0.766
44.7 -0.0657 0.000645 -0.788
44.8 -0.0658 0.000633 -0.808
44.9 -0.0663 0.000621 -0.826
45.0 -0.0665 0.000611 -0.841
45.1 -0.0666 0.000604 -0.855
45.2 -0.0666 0.000598 -0.866
45.3 -0.0666 0.000593 -0.875
45.4 -0.0668 0.000589 -0.883
45.5 -0.0669 0.000587 -0.888
45.6 -0.0666 0.000586 -0.891
45.7 -0.0662 0.000587 -0.892
45.8 -0.0657 0.000589 -0.891
45.9 -0.0652 0.000592 -0.889
46.0 -0.0647 0.000595 -0.884
46.1 -0.0641 0.0006 -0.878
46.2 -0.0635 0.000604 -0.87
46.3 -0.0629 0.000609 -0.86
46.4 -0.0623 0.000613 -0.848
46.5 -0.0617 0.000618 -0.835
46.6 -0.061 0.000622 -0.82
46.7 -0.0604 0.000626 -0.804
46.8 -0.0598 0.000629 -0.786
46.9 -0.0591 0.000629 -0.767
47.0 -0.0584 0.000627 -0.746
47.1 -0.0577 0.000623 -0.724
47.2 -0.0568 0.000617 -0.701
47.3 -0.0559 0.000609 -0.676
47.4 -0.0549 0.000601 -0.651
47.5 -0.0539 0.000592 -0.624
47.6 -0.0529 0.000583 -0.596
47.7 -0.052 0.000574 -0.567
47.8 -0.0512 0.000565 -0.537
47.9 -0.0504 0.000556 -0.506
48.0 -0.0497 0.000548 -0.474
48.1 -0.0489 0.000539 -0.442
48.2 -0.0483 0.000532 -0.409
48.3 -0.0476 0.000524 -0.375
48.4 -0.047 0.000517 -0.34
48.5 -0.0464 0.000511 -0.304
48.6 -0.046 0.000505 -0.268
48.7 -0.0457 0.000499 -0.232
48.8 -0.0452 0.000493 -0.195
48.9 -0.0447 0.000487 -0.158
49.0 -0.0442 0.000482 -0.121
49.1 -0.0435 0.000478 -0.0845
49.2 -0.0429 0.000473 -0.0491
49.3 -0.0422 0.000469 -0.0172
49.4 -0.0414 0.000466 0.0112
49.5 -0.0406 0.000462 0.0378
49.6 -0.0397 0.000459 0.0592
49.7 -0.0389 0.000457 0.0758
49.8 -0.0381 0.000454 0.0908
49.9 -0.0375 0.000452 0.104
