0.0 0.0
0.1 0.0
0.2 0.0
0.3 0.0
0.4 0.0
0.5 0.0
0.6 0.0
0.7 0.0
0.8 0.0
0.9 0.0
1.0 0.0
1.1 0.0
1.2 0.0
1.3 1.45e-11
1.4 -2.11e-11
1.5 -2.11e-11
1.6 -2.11e-11
1.7 -2.11e-11
1.8 -2.11e-11
1.9 -2.11e-11
2.0 -2.11e-11
2.1 -2.11e-11
2.2 -3.55e-11
2.3 -3.55e-11
2.4 -1.62e-11
2.5 -1.19e-11
2.6 -1.19e-11
2.7 -1.19e-11
2.8 -1.19e-11
2.9 -1.19e-11
3.0 -1.19e-11
3.1 -2.38e-11
3.2 -2.38e-11
3.3 -2.69e-11
3.4 1.83e-11
3.5 -1.19e-11
3.6 -1.11e-11
3.7 -1.11e-11
3.8 -1.11e-11
3.9 -1.11e-11
4.0 -1.11e-11
4.1 -1.11e-11
4.2 -2.3e-11
4.3 -2.3e-11
4.4 -2.61e-11
4.5 1.91e-11
4.6 -1.11e-11
4.7 -1.11e-11
4.8 -1.11e-11
4.9 -1.11e-11
5.0 -1.11e-11
5.1 -1.11e-11
5.2 -1.11e-11
5.3 -2.3e-11
5.4 -2.3e-11
5.5 -2.61e-11
5.6 1.91e-11
5.7 -1.11e-11
5.8 -1.11e-11
5.9 -1.11e-11
6.0 -1.11e-11
6.1 -1.11e-11
6.2 -1.11e-11
6.3 -1.11e-11
6.4 -2.3e-11
6.5 -2.3e-11
6.6 -2.61e-11
6.7 1.91e-11
6.8 -1.11e-11
6.9 -1.11e-11
7.0 -1.11e-11
7.1 -1.11e-11
7.2 -1.11e-11
7.3 -1.11e-11
7.4 -1.11e-11
7.5 -2.3e-11
7.6 -2.3e-11
7.7 -2.61e-11
7.8 1.91e-11
7.9 -1.11e-11
8.0 -6.09e-10
8.1 -2.81e-10
8.2 -2.81e-10
8.3 -2.81e-10
8.4 -2.81e-10
8.5 -2.81e-10
8.6 -2.81e-10
8.7 -2.93e-10
8.8 -3.13e-10
8.9 -3.16e-10
9.0 -2.71e-10
9.1 -2.81e-10
9.2 2.21e-10
9.3 2.21e-10
9.4 2.21e-10
9.5 2.21e-10
9.6 2.21e-10
9.7 2.21e-10
9.8 2.09e-10
9.9 1.89e-10
10.0 1.86e-10
10.1 2.31e-10
10.2 3.99e-10
10.3 8.63e-11
10.4 8.02e-10
10.5 -1.99e-09
10.6 -1.53e-09
10.7 -1.43e-09
10.8 1.48e-10
10.9 1.48e-10
11.0 -9.81e-10
11.1 -9.81e-10
11.2 1.45e-09
11.3 1.38e-09
11.4 1.38e-09
11.5 1.38e-09
11.6 1.38e-09
11.7 -8.58e-10
11.8 -2.84e-09
11.9 7.01e-09
12.0 2.95e-09
12.1 -7.54e-11
12.2 -7.54e-11
12.3 -7.54e-11
12.4 -7.54e-11
12.5 -7.54e-11
12.6 -7.54e-11
12.7 -7.54e-11
12.8 -7.54e-11
12.9 -7.54e-11
13.0 -7.54e-11
13.1 3.32e-11
13.2 3.32e-11
13.3 3.32e-11
13.4 3.32e-11
13.5 3.32e-11
13.6 3.32e-11
13.7 3.32e-11
13.8 3.32e-11
13.9 3.32e-11
14.0 3.32e-11
14.1 3.32e-11
14.2 -3.01e-09
14.3 -3.01e-09
14.4 -3.01e-09
14.5 -3.01e-09
14.6 -3.01e-09
14.7 -3.01e-09
14.8 -3.01e-09
14.9 -3.01e-09
15.0 -3.01e-09
15.1 8.38e-10
15.2 2.21e-10
15.3 2.21e-10
15.4 2.21e-10
15.5 2.21e-10
15.6 2.21e-10
15.7 2.21e-10
15.8 2.21e-10
15.9 2.09e-10
16.0 1.89e-10
16.1 1.86e-10
16.2 2.31e-10
16.3 2.31e-10
16.4 2.31e-10
16.5 7.9e-11
16.6 7.9e-11
16.7 -2.33e-10
16.8 4.82e-10
16.9 -2.31e-09
17.0 -1.85e-09
17.1 -5.28e-10
17.2 1.05e-09
17.3 1.05e-09
17.4 -8.13e-11
17.5 -8.13e-11
17.6 -8.13e-11
17.7 -1.52e-10
17.8 -1.52e-10
17.9 -1.52e-10
18.0 0.0
18.1 0.0
18.2 0.0
18.3 0.0
18.4 0.0
18.5 0.0
18.6 -8.13e-11
18.7 -8.13e-11
18.8 -8.13e-11
18.9 -1.52e-10
19.0 -1.52e-10
19.1 -1.52e-10
19.2 0.0
19.3 0.0
19.4 0.0
19.5 0.0
19.6 0.0
19.7 0.0
19.8 -8.13e-11
19.9 -8.13e-11
20.0 -8.13e-11
20.1 -1.52e-10
20.2 -1.52e-10
20.3 -1.52e-10
20.4 0.0
20.5 0.0
20.6 0.0
20.7 0.0
20.8 0.0
20.9 0.0
21.0 -8.13e-11
21.1 -1.77e-06
21.2 -1.77e-06
21.3 9.22e-07
21.4 9.27e-07
21.5 -3.86e-06
21.6 -6.4e-06
21.7 4.36e-06
21.8 3.17e-06
21.9 -2.87e-06
22.0 -3.01e-06
22.1 -5.57e-06
22.2 -1.17e-05
22.3 9.22e-07
22.4 1.85e-06
22.5 1.85e-06
22.6 1.97e-06
22.7 -2.54e-06
22.8 -4.99e-06
22.9 5.52e-06
23.0 4.44e-06
23.1 -1.15e-06
23.2 -1.01e-06
23.3 -3.39e-06
23.4 -9.59e-06
23.5 1.85e-06
23.6 1.85e-06
23.7 1.85e-06
23.8 1.85e-06
23.9 1.7e-06
24.0 1.7e-06
24.1 2.77e-06
24.2 2.75e-06
24.3 3.6e-06
24.4 3.98e-07
24.5 -1.94e-06
24.6 7.2e-06
24.7 6.32e-06
24.8 1.02e-06
24.9 5.64e-08
25.0 1.45e-07
25.1 -7.69e-06
25.2 -7.35e-06
25.3 -7.1e-06
25.4 -6.65e-06
25.5 1.2e-06
25.6 3.29e-06
25.7 1.21e-06
25.8 -3.86e-06
25.9 7.2e-06
26.0 3.67e-06
26.1 -8.85e-09
26.2 6.89e-07
26.3 -1.2e-05
26.4 -1.18e-05
26.5 -2.89e-05
26.6 -9.23e-07
26.7 5.98e-06
26.8 -5.55e-06
26.9 -2.5e-05
27.0 -7.08e-07
27.1 2.04e-05
27.2 1.29e-05
27.3 7.73e-06
27.4 -2.32e-05
27.5 -1.44e-05
27.6 -1.45e-05
27.7 9.48e-06
27.8 1.56e-05
27.9 -8.09e-06
28.0 2.74e-05
28.1 -2.68e-05
28.2 -9.14e-06
28.3 2.01e-05
28.4 -1.02e-05
28.5 -2.23e-05
28.6 -1.66e-05
28.7 -1.24e-05
28.8 -2.93e-06
28.9 -3.93e-06
29.0 -6.38e-06
29.1 -8.03e-06
29.2 3.3e-05
29.3 -6.43e-06
29.4 7.15e-06
29.5 4.45e-05
29.6 1.5e-05
29.7 -3.14e-06
29.8 2.1e-05
29.9 3.68e-06
30.0 2.13e-05
30.1 2e-05
30.2 1.84e-05
30.3 1.55e-05
30.4 -1.43e-05
30.5 -7.97e-06
30.6 1.17e-05
30.7 -9.59e-06
30.8 1.14e-05
30.9 -8.98e-06
31.0 3.49e-06
31.1 -3.13e-05
31.2 1.02e-05
31.3 5.13e-06
31.4 1.91e-06
31.5 1.71e-06
31.6 1.53e-06
31.7 1.53e-06
31.8 2.34e-06
31.9 1.01e-05
32.0 -3.68e-06
32.1 -1.4e-05
32.2 -6.14e-06
32.3 6.88e-06
32.4 -3.35e-06
32.5 1.49e-05
32.6 -7.64e-06
32.7 -5.19e-06
32.8 -4.88e-06
32.9 -1.01e-06
33.0 2.28e-07
33.1 1.97e-06
33.2 2.01e-06
33.3 6.2e-07
33.4 2.88e-07
33.5 -7.17e-07
33.6 -2.31e-06
33.7 9.04e-07
33.8 3.17e-07
33.9 3.18e-07
34.0 3.86e-07
34.1 6.96e-08
34.2 -1.5e-07
34.3 -2.92e-07
34.4 -3.85e-07
34.5 -4.47e-07
34.6 -4.27e-07
34.7 -3.04e-07
34.8 -4.81e-08
34.9 -5.45e-09
35.0 -9.15e-09
35.1 3.5e-07
35.2 1.43e-07
35.3 -1.67e-08
35.4 -1.47e-07
35.5 -2.37e-07
35.6 -2.88e-07
35.7 -2.88e-07
35.8 -2.32e-07
35.9 -3.53e-08
36.0 -1.92e-07
36.1 -1.73e-07
36.2 1.05e-07
36.3 -5.61e-08
36.4 -1.71e-07
36.5 -2.49e-07
36.6 -2.88e-07
36.7 -2.88e-07
36.8 -2.43e-07
36.9 -1.34e-07
37.0 6.79e-08
37.1 -2.34e-07
37.2 4.33e-08
37.3 -4.45e-08
37.4 -8.28e-08
37.5 -1.2e-07
37.6 -1.39e-07
37.7 -1.48e-07
37.8 -1e-07
37.9 -6.46e-08
38.0 4.31e-08
38.1 -1.73e-07
38.2 -2.21e-08
38.3 -1.46e-08
38.4 2.54e-07
38.5 9.28e-08
38.6 -2e-08
38.7 -1.05e-07
38.8 -1.56e-07
38.9 -1.94e-07
39.0 -2.03e-07
39.1 -1.59e-07
39.2 -1.75e-08
39.3 2.44e-08
39.4 2.27e-08
39.5 2.09e-07
39.6 9.22e-08
39.7 9.55e-10
39.8 -4.23e-08
39.9 -9.49e-08
40.0 -1.11e-07
40.1 -1.44e-07
40.2 -1.05e-07
40.3 -7.64e-08
40.4 -9.72e-08
40.5 -8.01e-08
40.6 1.26e-07
40.7 1.14e-08
40.8 -3.92e-08
40.9 -8.68e-08
41.0 -9.72e-08
41.1 -1.21e-07
41.2 -1e-07
41.3 -7.93e-08
41.4 -1.4e-09
41.5 -7e-08
41.6 -6.22e-08
41.7 6.93e-08
41.8 2.69e-08
41.9 -8.95e-09
42.0 -3.01e-08
42.1 -4.52e-08
42.2 -5.26e-08
42.3 -4.44e-08
42.4 -3.16e-08
42.5 2.76e-09
42.6 -3.11e-08
42.7 -1.37e-08
42.8 3.48e-08
42.9 8.29e-09
43.0 -1.26e-08
43.1 -2.86e-08
43.2 -3.63e-08
43.3 -4.02e-08
43.4 -3.51e-08
43.5 -2.06e-08
43.6 9.57e-09
43.7 -1.37e-08
43.8 1.42e-08
43.9 1.55e-08
44.0 5.83e-08
44.1 2.98e-08
44.2 7.11e-09
44.3 -1.06e-08
44.4 -2.11e-08
44.5 -3e-08
44.6 -3.06e-08
44.7 -2.42e-08
44.8 -1.45e-09
44.9 1.55e-08
45.0 2.12e-08
45.1 6.15e-08
45.2 3.23e-08
45.3 9.64e-09
45.4 -7.41e-09
45.5 -1.79e-08
45.6 -2.71e-08
45.7 -2.82e-08
45.8 -2.42e-08
45.9 -3.04e-09
46.0 -9.93e-09
46.1 2.11e-10
46.2 2.59e-08
46.3 1.6e-09
46.4 -1.67e-08
46.5 -2.86e-08
46.6 -3.8e-08
46.7 -4.09e-08
46.8 -3.69e-08
46.9 -1.69e-08
47.0 1.01e-08
47.1 -4.19e-08
47.2 -3.31e-08
47.3 1.15e-08
47.4 -1.11e-09
47.5 -1.12e-08
47.6 -1.65e-08
47.7 -1.88e-08
47.8 -2.02e-08
47.9 -1.34e-08
48.0 -1.82e-09
48.1 1.28e-08
48.2 -2.49e-08
48.3 -1.73e-08
48.4 2.98e-09
48.5 -3.72e-09
48.6 -6.65e-09
48.7 -1e-08
48.8 -1e-08
48.9 -9.18e-09
49.0 -3.54e-09
49.1 2.82e-09
49.2 1.37e-08
49.3 -3.54e-09
49.4 1.07e-09
49.5 1.23e-08
49.6 4.9e-09
49.7 1.51e-10
49.8 -3.12e-09
49.9 -5.55e-09
