0.0 2.0 9.88e-07 1.0
0.1 1.99 0.00953 1.0
0.2 1.98 0.0296 1.01
0.3 1.96 0.0461 1.01
0.4 1.96 0.0535 1.01
0.5 1.97 0.0563 1.01
0.6 1.99 0.0586 1.0
0.7 2.01 0.0563 0.999
0.8 2.03 0.0493 0.993
0.9 2.05 0.0462 0.989
1.0 2.06 0.0471 0.987
1.1 2.07 0.048 0.986
1.2 2.06 0.0595 0.989
1.3 2.03 0.0818 0.998
1.4 1.99 0.0953 1.01
1.5 1.96 0.0935 1.01
1.6 1.94 0.0864 1.01
1.7 1.94 0.0827 1.01
1.8 1.93 0.082 1.01
1.9 1.93 0.0824 1.01
2.0 1.92 0.0828 1.01
2.1 1.92 0.083 1.02
2.2 1.92 0.0826 1.02
2.3 1.89 0.0827 1.02
2.4 1.85 0.0817 1.03
2.5 1.81 0.0745 1.04
2.6 1.79 0.067 1.04
2.7 1.78 0.0646 1.05
2.8 1.76 0.0627 1.05
2.9 1.75 0.0608 1.05
3.0 1.73 0.0589 1.06
3.1 1.72 0.057 1.06
3.2 1.7 0.055 1.07
3.3 1.69 0.0529 1.07
3.4 1.65 0.0497 1.08
3.5 1.62 0.0391 1.09
3.6 1.6 0.0288 1.1
3.7 1.58 0.0257 1.11
3.8 1.55 0.0236 1.13
3.9 1.52 0.0212 1.14
4.0 1.5 0.019 1.15
4.1 1.48 0.0168 1.16
4.2 1.45 0.0147 1.17
4.3 1.43 0.0124 1.18
4.4 1.4 0.01 1.19
4.5 1.38 7.26e-05 1.2
4.6 1.38 -0.0167 1.22
4.7 1.37 -0.0282 1.24
4.8 1.34 -0.0324 1.26
4.9 1.31 -0.0328 1.29
5.0 1.28 -0.0325 1.31
5.1 1.25 -0.0328 1.33
5.2 1.22 -0.0336 1.35
5.3 1.19 -0.0348 1.37
5.4 1.16 -0.0363 1.39
5.5 1.13 -0.0381 1.41
5.6 1.11 -0.047 1.43
5.7 1.1 -0.0577 1.46
5.8 1.08 -0.0617 1.49
5.9 1.05 -0.0612 1.52
6.0 1.01 -0.0588 1.55
6.1 0.978 -0.0574 1.58
6.2 0.943 -0.0568 1.62
6.3 0.908 -0.0568 1.65
6.4 0.873 -0.0573 1.68
6.5 0.839 -0.0582 1.72
6.6 0.806 -0.0597 1.75
6.7 0.781 -0.0628 1.78
6.8 0.756 -0.0638 1.82
6.9 0.718 -0.0602 1.85
7.0 0.677 -0.0562 1.89
7.1 0.638 -0.0535 1.93
7.2 0.601 -0.0516 1.96
7.3 0.563 -0.0502 2.0
7.4 0.526 -0.0492 2.04
7.5 0.488 -0.0485 2.08
7.6 0.451 -0.048 2.12
7.7 0.414 -0.0478 2.15
7.8 0.378 -0.0459 2.19
7.9 0.339 -0.0417 2.23
8.0 0.296 -0.0368 2.27
8.1 0.254 -0.0325 2.31
8.2 0.214 -0.0293 2.35
8.3 0.175 -0.0267 2.39
8.4 0.137 -0.0244 2.44
8.5 0.0987 -0.0226 2.48
8.6 0.0626 -0.021 2.52
8.7 0.0286 -0.0196 2.56
8.8 -0.00288 -0.0185 2.6
8.9 -0.0314 -0.0175 2.65
9.0 -0.0671 -0.0143 2.69
9.1 -0.103 -0.0105 2.73
9.2 -0.132 -0.00823 2.78
9.3 -0.162 -0.00619 2.82
9.4 -0.186 -0.00438 2.87
9.5 -0.208 -0.00277 2.91
9.6 -0.238 -0.00135 2.95
9.7 -0.275 -8.28e-05 3.0
9.8 -0.316 0.00103 3.04
9.9 -0.357 0.00201 3.08
10.0 -0.395 0.0029 3.12
10.1 -0.421 0.00386 3.15
10.2 -0.443 0.00473 3.2
10.3 -0.477 0.00537 3.24
10.4 -0.514 0.00602 3.28
10.5 -0.544 0.00669 3.31
10.6 -0.57 0.00733 3.34
10.7 -0.595 0.00794 3.37
10.8 -0.621 0.00855 3.39
10.9 -0.652 0.00913 3.41
11.0 -0.688 0.00966 3.44
11.1 -0.72 0.0102 3.46
11.2 -0.746 0.0107 3.48
11.3 -0.773 0.0113 3.5
11.4 -0.805 0.0119 3.51
11.5 -0.839 0.0124 3.53
11.6 -0.875 0.0128 3.54
11.7 -0.912 0.013 3.55
11.8 -0.951 0.0132 3.55
11.9 -0.991 0.0132 3.56
12.0 -1.03 0.0133 3.57
12.1 -1.07 0.0135 3.57
12.2 -1.1 0.0137 3.57
12.3 -1.14 0.0138 3.56
12.4 -1.18 0.0138 3.56
12.5 -1.22 0.0137 3.55
12.6 -1.26 0.0135 3.54
12.7 -1.3 0.0134 3.54
12.8 -1.34 0.0132 3.53
12.9 -1.39 0.0131 3.52
13.0 -1.43 0.0129 3.51
13.1 -1.47 0.0128 3.5
13.2 -1.51 0.0125 3.49
13.3 -1.55 0.0123 3.48
13.4 -1.59 0.0119 3.47
13.5 -1.63 0.0116 3.45
13.6 -1.68 0.0113 3.44
13.7 -1.72 0.011 3.43
13.8 -1.76 0.0107 3.41
13.9 -1.81 0.0105 3.4
14.0 -1.86 0.0102 3.38
14.1 -1.9 0.00989 3.37
14.2 -1.94 0.00955 3.35
14.3 -1.98 0.0092 3.34
14.4 -2.02 0.00886 3.32
14.5 -2.06 0.00854 3.3
14.6 -2.11 0.00823 3.29
14.7 -2.15 0.00795 3.27
14.8 -2.2 0.00768 3.25
14.9 -2.24 0.00744 3.23
15.0 -2.29 0.00721 3.22
15.1 -2.33 0.00776 3.22
15.2 -2.37 0.00826 3.22
15.3 -2.4 0.00797 3.2
15.4 -2.44 0.00768 3.18
15.5 -2.48 0.0074 3.16
15.6 -2.52 0.00714 3.15
15.7 -2.57 0.0069 3.13
15.8 -2.61 0.00667 3.11
15.9 -2.66 0.00645 3.09
16.0 -2.7 0.00626 3.07
16.1 -2.75 0.00608 3.05
16.2 -2.77 0.0257 3.03
16.3 -2.76 0.0658 3.0
16.4 -2.75 0.108 2.98
16.5 -2.74 0.146 2.96
16.6 -2.75 0.163 2.94
16.7 -2.78 0.168 2.91
16.8 -2.81 0.175 2.89
16.9 -2.85 0.185 2.87
17.0 -2.88 0.196 2.84
17.1 -2.92 0.208 2.82
17.2 -2.96 0.22 2.8
17.3 -3.01 0.232 2.77
17.4 -3.06 0.244 2.75
17.5 -3.12 0.257 2.72
17.6 -3.19 0.259 2.69
17.7 -3.24 0.246 2.67
17.8 -3.28 0.231 2.64
17.9 -3.32 0.219 2.61
18.0 -3.37 0.209 2.59
18.1 -3.42 0.201 2.56
18.2 -3.47 0.195 2.53
18.3 -3.52 0.191 2.51
18.4 -3.56 0.19 2.5
18.5 -3.62 0.196 2.48
18.6 -3.66 0.218 2.45
18.7 -3.67 0.251 2.42
18.8 -3.7 0.268 2.4
18.9 -3.75 0.266 2.37
19.0 -3.79 0.266 2.35
19.1 -3.83 0.27 2.34
19.2 -3.86 0.274 2.33
19.3 -3.9 0.277 2.32
19.4 -3.93 0.281 2.31
19.5 -3.97 0.282 2.31
19.6 -4.02 0.28 2.31
19.7 -4.06 0.294 2.3
19.8 -4.06 0.293 2.29
19.9 -4.06 0.257 2.3
20.0 -4.07 0.224 2.31
20.1 -4.09 0.206 2.32
20.2 -4.12 0.198 2.32
20.3 -4.15 0.191 2.33
20.4 -4.18 0.185 2.33
20.5 -4.21 0.179 2.34
20.6 -4.25 0.174 2.35
20.7 -4.28 0.17 2.36
20.8 -4.31 0.167 2.36
20.9 -4.32 0.144 2.38
21.0 -4.32 0.13 2.4
21.1 -4.31 0.144 2.42
21.2 -4.3 0.155 2.44
21.3 -4.31 0.158 2.47
21.4 -4.33 0.155 2.49
21.5 -4.35 0.155 2.52
21.6 -4.38 0.156 2.54
21.7 -4.41 0.157 2.56
21.8 -4.44 0.158 2.58
21.9 -4.47 0.159 2.6
22.0 -4.5 0.16 2.61
22.1 -4.53 0.161 2.62
22.2 -4.54 0.167 2.64
22.3 -4.54 0.168 2.67
22.4 -4.54 0.16 2.7
22.5 -4.54 0.154 2.73
22.6 -4.55 0.153 2.75
22.7 -4.57 0.156 2.78
22.8 -4.59 0.162 2.81
22.9 -4.61 0.168 2.84
23.0 -4.63 0.174 2.86
23.1 -4.66 0.176 2.88
23.2 -4.68 0.178 2.89
23.3 -4.7 0.179 2.9
23.4 -4.71 0.176 2.92
23.5 -4.7 0.168 2.95
23.6 -4.7 0.16 2.98
23.7 -4.69 0.151 3.01
23.8 -4.67 0.16 3.03
23.9 -4.65 0.189 3.05
24.0 -4.62 0.216 3.06
24.1 -4.59 0.241 3.07
24.2 -4.58 0.248 3.09
24.3 -4.57 0.241 3.12
24.4 -4.57 0.241 3.15
24.5 -4.58 0.246 3.17
24.6 -4.59 0.249 3.19
24.7 -4.6 0.253 3.2
24.8 -4.61 0.256 3.21
24.9 -4.62 0.259 3.22
25.0 -4.64 0.261 3.23
25.1 -4.63 0.284 3.23
25.2 -4.6 0.327 3.22
25.3 -4.57 0.34 3.22
25.4 -4.55 0.322 3.23
25.5 -4.55 0.313 3.25
25.6 -4.55 0.316 3.26
25.7 -4.56 0.319 3.27
25.8 -4.57 0.322 3.28
25.9 -4.58 0.325 3.28
26.0 -4.59 0.328 3.29
26.1 -4.6 0.331 3.3
26.2 -4.61 0.334 3.31
26.3 -4.6 0.332 3.31
26.4 -4.57 0.31 3.3
26.5 -4.55 0.283 3.3
26.6 -4.55 0.273 3.3
26.7 -4.56 0.27 3.31
26.8 -4.57 0.269 3.32
26.9 -4.58 0.268 3.32
27.0 -4.58 0.267 3.33
27.1 -4.59 0.266 3.33
27.2 -4.6 0.264 3.34
27.3 -4.6 0.263 3.34
27.4 -4.59 0.253 3.33
27.5 -4.55 0.233 3.32
27.6 -4.52 0.219 3.31
27.7 -4.5 0.213 3.3
27.8 -4.49 0.21 3.29
27.9 -4.48 0.207 3.29
28.0 -4.47 0.204 3.29
28.1 -4.47 0.201 3.29
28.2 -4.46 0.198 3.28
28.3 -4.45 0.195 3.28
28.4 -4.45 0.192 3.28
28.5 -4.43 0.189 3.27
28.6 -4.39 0.188 3.25
28.7 -4.35 0.19 3.23
28.8 -4.31 0.194 3.21
28.9 -4.27 0.198 3.19
29.0 -4.23 0.2 3.17
29.1 -4.19 0.198 3.15
29.2 -4.16 0.194 3.13
29.3 -4.13 0.189 3.11
29.4 -4.1 0.184 3.08
29.5 -4.08 0.18 3.06
29.6 -4.07 0.176 3.05
29.7 -4.05 0.173 3.03
29.8 -4.04 0.17 3.01
29.9 -4.01 0.173 2.99
30.0 -3.97 0.183 2.97
30.1 -3.92 0.19 2.95
30.2 -3.88 0.194 2.92
30.3 -3.85 0.197 2.89
30.4 -3.82 0.201 2.87
30.5 -3.8 0.206 2.84
30.6 -3.77 0.212 2.81
30.7 -3.75 0.218 2.78
30.8 -3.72 0.224 2.76
30.9 -3.69 0.229 2.73
31.0 -3.66 0.233 2.7
31.1 -3.62 0.236 2.67
31.2 -3.59 0.255 2.64
31.3 -3.55 0.291 2.61
31.4 -3.5 0.319 2.58
31.5 -3.46 0.337 2.55
31.6 -3.41 0.349 2.51
31.7 -3.36 0.354 2.48
31.8 -3.32 0.351 2.45
31.9 -3.29 0.346 2.42
32.0 -3.26 0.345 2.39
32.1 -3.22 0.348 2.35
32.2 -3.19 0.355 2.32
32.3 -3.16 0.362 2.29
32.4 -3.12 0.368 2.25
32.5 -3.08 0.372 2.22
32.6 -3.03 0.369 2.18
32.7 -2.97 0.359 2.15
32.8 -2.92 0.346 2.11
32.9 -2.87 0.328 2.08
33.0 -2.83 0.307 2.04
33.1 -2.79 0.287 2.0
33.2 -2.75 0.272 1.97
33.3 -2.71 0.259 1.93
33.4 -2.67 0.249 1.89
33.5 -2.63 0.24 1.86
33.6 -2.59 0.232 1.82
33.7 -2.54 0.212 1.78
33.8 -2.49 0.18 1.74
33.9 -2.44 0.154 1.7
34.0 -2.4 0.134 1.66
34.1 -2.35 0.117 1.63
34.2 -2.29 0.102 1.59
34.3 -2.24 0.0899 1.55
34.4 -2.21 0.0809 1.53
34.5 -2.18 0.0735 1.51
34.6 -2.16 0.0664 1.49
34.7 -2.13 0.0595 1.47
34.8 -2.11 0.053 1.45
34.9 -2.08 0.0469 1.44
35.0 -2.05 0.0388 1.42
35.1 -2.01 0.0298 1.4
35.2 -1.97 0.0222 1.39
35.3 -1.93 0.0154 1.38
35.4 -1.9 0.00879 1.37
35.5 -1.86 0.00241 1.36
35.6 -1.82 -0.00373 1.35
35.7 -1.78 -0.00963 1.35
35.8 -1.74 -0.0153 1.34
35.9 -1.71 -0.0196 1.35
36.0 -1.69 -0.0226 1.35
36.1 -1.66 -0.0253 1.36
36.2 -1.61 -0.0279 1.37
36.3 -1.57 -0.0306 1.39
36.4 -1.52 -0.0335 1.4
36.5 -1.47 -0.0365 1.41
36.6 -1.43 -0.0394 1.43
36.7 -1.38 -0.0424 1.44
36.8 -1.34 -0.0454 1.46
36.9 -1.29 -0.0484 1.47
37.0 -1.26 -0.0495 1.49
37.1 -1.23 -0.0491 1.5
37.2 -1.19 -0.049 1.52
37.3 -1.13 -0.0493 1.54
37.4 -1.08 -0.05 1.56
37.5 -1.03 -0.0509 1.58
37.6 -0.982 -0.0521 1.6
37.7 -0.933 -0.0534 1.62
37.8 -0.885 -0.0549 1.64
37.9 -0.838 -0.0564 1.66
38.0 -0.801 -0.0573 1.68
38.1 -0.793 -0.0551 1.71
38.2 -0.804 -0.0504 1.73
38.3 -0.803 -0.0469 1.75
38.4 -0.786 -0.045 1.77
38.5 -0.758 -0.0438 1.8
38.6 -0.724 -0.043 1.82
38.7 -0.687 -0.0425 1.85
38.8 -0.646 -0.0424 1.87
38.9 -0.604 -0.0424 1.9
39.0 -0.558 -0.0427 1.92
39.1 -0.51 -0.0432 1.95
39.2 -0.492 -0.0393 1.97
39.3 -0.504 -0.0311 2.0
39.4 -0.505 -0.0247 2.03
39.5 -0.49 -0.0208 2.05
39.6 -0.466 -0.0183 2.08
39.7 -0.436 -0.017 2.11
39.8 -0.4 -0.0164 2.14
39.9 -0.362 -0.0162 2.16
40.0 -0.319 -0.0165 2.19
40.1 -0.273 -0.0172 2.22
40.2 -0.224 -0.0183 2.25
40.3 -0.197 -0.0143 2.28
40.4 -0.191 -0.00537 2.31
40.5 -0.175 0.00116 2.34
40.6 -0.143 0.00343 2.37
40.7 -0.0993 0.00309 2.4
40.8 -0.0521 0.00209 2.43
40.9 -0.003 0.00108 2.46
41.0 0.0482 0.000102 2.5
41.1 0.102 -0.00096 2.53
41.2 0.16 -0.00208 2.56
41.3 0.219 -0.00287 2.59
41.4 0.257 0.000895 2.62
41.5 0.277 0.00798 2.65
41.6 0.311 0.0106 2.68
41.7 0.367 0.0065 2.72
41.8 0.429 0.00205 2.74
41.9 0.474 0.000883 2.76
42.0 0.507 0.000396 2.78
42.1 0.54 -0.000128 2.79
42.2 0.573 -0.000473 2.8
42.3 0.607 -0.000667 2.81
42.4 0.645 -0.000428 2.82
42.5 0.681 -0.00055 2.83
42.6 0.712 -0.00117 2.84
42.7 0.743 -0.00162 2.84
42.8 0.775 -0.00196 2.85
42.9 0.81 -0.00206 2.84
43.0 0.848 -0.00207 2.84
43.1 0.888 -0.00202 2.83
43.2 0.929 -0.00189 2.82
43.3 0.971 -0.00166 2.82
43.4 1.01 -0.00119 2.81
43.5 1.06 -0.000361 2.8
43.6 1.09 2.75e-05 2.79
43.7 1.12 -0.00157 2.78
43.8 1.15 -0.00604 2.77
43.9 1.18 -0.00874 2.75
44.0 1.21 -0.00824 2.73
44.1 1.24 -0.00771 2.71
44.2 1.27 -0.00721 2.69
44.3 1.31 -0.00689 2.67
44.4 1.35 -0.0065 2.65
44.5 1.39 -0.00588 2.62
44.6 1.43 -0.0051 2.6
44.7 1.47 -0.00395 2.58
44.8 1.5 -0.00616 2.55
44.9 1.53 -0.0133 2.53
45.0 1.55 -0.0167 2.5
45.1 1.57 -0.0149 2.47
45.2 1.6 -0.0129 2.45
45.3 1.63 -0.0112 2.42
45.4 1.66 -0.00977 2.39
45.5 1.69 -0.00841 2.37
45.6 1.72 -0.0072 2.34
45.7 1.76 -0.00593 2.31
45.8 1.8 -0.00527 2.28
45.9 1.82 -0.0104 2.25
46.0 1.83 -0.0179 2.22
46.1 1.84 -0.0193 2.19
46.2 1.86 -0.0178 2.16
46.3 1.88 -0.0168 2.13
46.4 1.9 -0.0161 2.1
46.5 1.93 -0.0161 2.07
46.6 1.95 -0.0168 2.04
46.7 1.99 -0.018 2.0
46.8 2.02 -0.0199 1.97
46.9 2.06 -0.0224 1.94
47.0 2.07 -0.0234 1.9
47.1 2.06 -0.0218 1.87
47.2 2.06 -0.0204 1.84
47.3 2.07 -0.02 1.8
47.4 2.08 -0.0198 1.77
47.5 2.1 -0.0199 1.73
47.6 2.12 -0.0206 1.7
47.7 2.14 -0.0219 1.66
47.8 2.17 -0.0238 1.63
47.9 2.2 -0.0255 1.6
48.0 2.23 -0.0267 1.58
48.1 2.23 -0.0252 1.56
48.2 2.21 -0.0215 1.52
48.3 2.2 -0.0202 1.49
48.4 2.2 -0.0206 1.45
48.5 2.2 -0.021 1.42
48.6 2.21 -0.0216 1.38
48.7 2.23 -0.022 1.35
48.8 2.25 -0.0223 1.33
48.9 2.27 -0.0229 1.31
49.0 2.29 -0.0236 1.3
49.1 2.3 -0.0241 1.28
49.2 2.3 -0.0238 1.26
49.3 2.28 -0.0229 1.22
49.4 2.26 -0.0233 1.19
49.5 2.24 -0.0234 1.16
49.6 2.24 -0.022 1.14
49.7 2.25 -0.0214 1.12
49.8 2.26 -0.0215 1.11
49.9 2.27 -0.0216 1.09
