0.0 0.0 0.0 1.41e-14
0.1 0.0 0.0 5.4e-14
0.2 0.0 0.0 1.31e-13
0.3 0.0 0.0 2.53e-13
0.4 0.0 0.0 4.29e-13
0.5 0.0 0.0 6.65e-13
0.6 0.0 0.0 9.64e-13
0.7 0.0 0.0 1.33e-12
0.8 0.0 0.0 1.75e-12
0.9 0.0 0.0 2.25e-12
1.0 0.0 0.0 2.8e-12
1.1 0.0 0.0 3.43e-12
1.2 0.0 0.0 4.12e-12
1.3 0.0 0.0 4.87e-12
1.4 0.0 0.0 5.67e-12
1.5 0.0 0.0 6.52e-12
1.6 0.0 0.0 7.42e-12
1.7 0.0 0.0 8.37e-12
1.8 0.0 0.0 9.36e-12
1.9 0.0 0.0 1.04e-11
2.0 0.0 0.0 1.15e-11
2.1 0.0 0.0 1.27e-11
2.2 0.0 0.0 1.39e-11
2.3 0.0 0.0 1.52e-11
2.4 0.0 0.0 1.66e-11
2.5 0.0 0.0 1.8e-11
2.6 0.0 0.0 1.96e-11
2.7 0.0 0.0 2.12e-11
2.8 0.0 0.0 2.3e-11
2.9 0.0 0.0 2.47e-11
3.0 0.0 0.0 2.66e-11
3.1 0.0 0.0 2.85e-11
3.2 0.0 0.0 3.06e-11
3.3 0.0 0.0 3.27e-11
3.4 0.0 0.0 3.48e-11
3.5 0.0 0.0 3.71e-11
3.6 0.0 0.0 3.94e-11
3.7 0.0 0.0 4.17e-11
3.8 0.0 0.0 4.41e-11
3.9 0.0 0.0 4.66e-11
4.0 0.0 0.0 4.9e-11
4.1 0.0 0.0 5.15e-11
4.2 0.0 0.0 5.4e-11
4.3 0.0 0.0 5.66e-11
4.4 0.0 0.0 5.91e-11
4.5 0.0 0.0 6.17e-11
4.6 0.0 0.0 6.44e-11
4.7 0.0 0.0 6.71e-11
4.8 0.0 0.0 6.98e-11
4.9 0.0 0.0 7.25e-11
5.0 0.0 0.0 7.53e-11
5.1 0.0 0.0 7.81e-11
5.2 0.0 0.0 8.1e-11
5.3 0.0 0.0 8.38e-11
5.4 0.0 0.0 8.67e-11
5.5 0.0 0.0 8.96e-11
5.6 0.0 0.0 9.25e-11
5.7 0.0 0.0 9.54e-11
5.8 0.0 0.0 9.83e-11
5.9 0.0 0.0 1.01e-10
6.0 0.0 0.0 1.04e-10
6.1 0.0 0.0 1.07e-10
6.2 0.0 0.0 1.1e-10
6.3 0.0 0.0 1.13e-10
6.4 0.0 0.0 1.16e-10
6.5 0.0 0.0 1.19e-10
6.6 0.0 0.0 1.22e-10
6.7 0.0 0.0 1.25e-10
6.8 0.0 0.0 1.28e-10
6.9 0.0 0.0 1.31e-10
7.0 0.0 0.0 1.34e-10
7.1 0.0 0.0 1.37e-10
7.2 0.0 0.0 1.4e-10
7.3 0.0 0.0 1.43e-10
7.4 0.0 0.0 1.46e-10
7.5 0.0 0.0 1.49e-10
7.6 0.0 0.0 1.52e-10
7.7 0.0 0.0 1.55e-10
7.8 0.0 0.0 1.58e-10
7.9 0.0 0.0 1.61e-10
8.0 0.0 0.0 1.63e-10
8.1 0.0 0.0 1.66e-10
8.2 0.0 0.0 1.69e-10
8.3 0.0 0.0 1.72e-10
8.4 0.0 0.0 1.75e-10
8.5 0.0 0.0 1.78e-10
8.6 0.0 0.0 1.81e-10
8.7 0.0 0.0 1.84e-10
8.8 0.0 0.0 1.87e-10
8.9 0.0 0.0 1.9e-10
9.0 0.0 0.0 1.93e-10
9.1 0.0 0.0 1.96e-10
9.2 0.0 0.0 1.99e-10
9.3 0.0 0.0 2.02e-10
9.4 0.0 0.0 2.05e-10
9.5 0.0 0.0 2.08e-10
9.6 0.0 0.0 2.11e-10
9.7 0.0 0.0 2.14e-10
9.8 0.0 0.0 2.17e-10
9.9 0.0 0.0 2.2e-10
10.0 0.0 0.0 2.23e-10
10.1 0.0 0.0 2.26e-10
10.2 0.0 0.0 2.29e-10
10.3 0.0 0.0 2.32e-10
10.4 0.0 0.0 2.35e-10
10.5 0.0 0.0 2.38e-10
10.6 0.0 0.0 2.41e-10
10.7 0.0 0.0 2.44e-10
10.8 0.0 0.0 2.46e-10
10.9 0.0 0.0 2.49e-10
11.0 0.0 0.0 2.51e-10
11.1 0.0 0.0 2.54e-10
11.2 0.0 0.0 2.57e-10
11.3 0.0 0.0 2.6e-10
11.4 0.0 0.0 2.63e-10
11.5 0.0 0.0 2.67e-10
11.6 0.0 0.0 2.71e-10
11.7 0.0 0.0 2.74e-10
11.8 0.0 0.0 2.78e-10
11.9 0.0 0.0 2.82e-10
12.0 0.0 0.0 2.86e-10
12.1 0.0 0.0 2.91e-10
12.2 0.0 0.0 2.95e-10
12.3 0.0 0.0 2.99e-10
12.4 0.0 0.0 3.03e-10
12.5 0.0 0.0 3.08e-10
12.6 0.0 0.0 3.12e-10
12.7 0.0 0.0 3.17e-10
12.8 0.0 0.0 3.21e-10
12.9 0.0 0.0 3.26e-10
13.0 0.0 0.0 3.3e-10
13.1 0.0 0.0 3.35e-10
13.2 0.0 0.0 3.39e-10
13.3 0.0 0.0 3.44e-10
13.4 0.0 0.0 3.48e-10
13.5 0.0 0.0 3.53e-10
13.6 0.0 0.0 3.58e-10
13.7 0.0 0.0 3.62e-10
13.8 0.0 0.0 3.67e-10
13.9 0.0 0.0 3.71e-10
14.0 0.0 0.0 3.76e-10
14.1 0.0 0.0 3.81e-10
14.2 0.0 0.0 3.85e-10
14.3 0.0 0.0 3.9e-10
14.4 0.0 0.0 3.95e-10
14.5 0.0 0.0 3.99e-10
14.6 0.0 0.0 4.04e-10
14.7 0.0 0.0 4.09e-10
14.8 0.0 0.0 4.13e-10
14.9 0.0 0.0 4.18e-10
15.0 0.0 0.0 4.23e-10
15.1 0.0 0.0 4.27e-10
15.2 0.0 0.0 4.32e-10
15.3 0.0 0.0 4.36e-10
15.4 0.0 0.0 4.4e-10
15.5 0.0 0.0 4.44e-10
15.6 0.0 0.0 4.47e-10
15.7 0.0 0.0 4.49e-10
15.8 0.0 0.0 4.52e-10
15.9 0.0 0.0 4.54e-10
16.0 0.0 0.0 4.55e-10
16.1 0.0 0.0 4.57e-10
16.2 0.0 0.0 4.59e-10
16.3 0.0 0.0 4.6e-10
16.4 0.0 0.0 4.61e-10
16.5 0.0 0.0 4.62e-10
16.6 0.0 0.0 4.63e-10
16.7 0.0 0.0 4.64e-10
16.8 0.0 0.0 4.65e-10
16.9 0.0 0.0 4.65e-10
17.0 0.0 0.0 4.66e-10
17.1 0.0 0.0 4.67e-10
17.2 0.0 0.0 4.67e-10
17.3 0.0 0.0 4.68e-10
17.4 0.0 0.0 4.68e-10
17.5 0.0 0.0 4.68e-10
17.6 0.0 0.0 4.69e-10
17.7 0.0 0.0 4.69e-10
17.8 0.0 0.0 4.7e-10
17.9 0.0 0.0 4.7e-10
18.0 0.0 0.0 4.7e-10
18.1 0.0 0.0 4.71e-10
18.2 0.0 0.0 4.71e-10
18.3 0.0 0.0 4.71e-10
18.4 0.0 0.0 4.71e-10
18.5 0.0 0.0 4.72e-10
18.6 0.0 0.0 4.72e-10
18.7 0.0 0.0 4.72e-10
18.8 0.0 0.0 4.73e-10
18.9 0.0 0.0 4.73e-10
19.0 0.0 0.0 4.73e-10
19.1 0.0 0.0 4.73e-10
19.2 0.0 0.0 4.73e-10
19.3 0.0 0.0 4.74e-10
19.4 0.0 0.0 4.74e-10
19.5 0.0 0.0 4.74e-10
19.6 0.0 0.0 4.75e-10
19.7 0.0 0.0 4.75e-10
19.8 0.0 0.0 4.75e-10
19.9 0.0 0.0 4.76e-10
20.0 0.0 0.0 4.76e-10
20.1 0.0 0.0 4.77e-10
20.2 0.0 0.0 4.77e-10
20.3 0.0 0.0 4.78e-10
20.4 0.0 0.0 4.79e-10
20.5 0.0 0.0 4.79e-10
20.6 0.0 0.0 4.8e-10
20.7 0.0 0.0 4.81e-10
20.8 0.0 0.0 4.82e-10
20.9 0.0 0.0 4.83e-10
21.0 0.0 0.0 4.83e-10
21.1 0.0 0.0 4.84e-10
21.2 0.0 0.0 4.85e-10
21.3 0.0 0.0 4.86e-10
21.4 0.0 0.0 4.87e-10
21.5 0.0 0.0 4.88e-10
21.6 0.0 0.0 4.89e-10
21.7 0.0 0.0 4.9e-10
21.8 0.0 0.0 4.91e-10
21.9 0.0 0.0 4.92e-10
22.0 0.0 0.0 4.93e-10
22.1 0.0 0.0 4.94e-10
22.2 0.0 0.0 4.94e-10
22.3 0.0 0.0 4.95e-10
22.4 0.0 0.0 4.96e-10
22.5 0.0 0.0 4.97e-10
22.6 0.0 0.0 4.98e-10
22.7 0.0 0.0 4.99e-10
22.8 0.0 0.0 5e-10
22.9 0.0 0.0 5.01e-10
23.0 0.0 0.0 5.02e-10
23.1 0.0 0.0 5.03e-10
23.2 0.0 0.0 5.04e-10
23.3 0.0 0.0 5.05e-10
23.4 0.0 0.0 5.06e-10
23.5 0.0 0.0 5.07e-10
23.6 0.0 0.0 5.08e-10
23.7 0.0 0.0 5.09e-10
23.8 0.0 0.0 5.1e-10
23.9 0.0 0.0 5.11e-10
24.0 0.0 0.0 5.12e-10
24.1 0.0 0.0 5.13e-10
24.2 0.0 0.0 5.14e-10
24.3 0.0 0.0 5.14e-10
24.4 0.0 0.0 5.15e-10
24.5 0.0 0.0 5.16e-10
24.6 0.0 0.0 5.17e-10
24.7 0.0 0.0 5.17e-10
24.8 0.0 0.0 5.18e-10
24.9 0.0 0.0 5.19e-10
25.0 0.0 0.0 5.19e-10
25.1 0.0 0.0 5.2e-10
25.2 0.0 0.0 5.2e-10
25.3 0.0 0.0 5.21e-10
25.4 0.0 0.0 5.22e-10
25.5 0.0 0.0 5.22e-10
25.6 0.0 0.0 5.23e-10
25.7 0.0 0.0 5.23e-10
25.8 0.0 0.0 5.24e-10
25.9 0.0 0.0 5.24e-10
26.0 0.0 0.0 5.25e-10
26.1 0.0 0.0 5.25e-10
26.2 0.0 0.0 5.26e-10
26.3 0.0 0.0 5.26e-10
26.4 0.0 0.0 5.27e-10
26.5 0.0 0.0 5.27e-10
26.6 0.0 0.0 5.28e-10
26.7 0.0 0.0 5.29e-10
26.8 0.0 0.0 5.29e-10
26.9 0.0 0.0 5.3e-10
27.0 0.0 0.0 5.3e-10
27.1 0.0 0.0 5.31e-10
27.2 0.0 0.0 5.31e-10
27.3 0.0 0.0 5.32e-10
27.4 0.0 0.0 5.32e-10
27.5 0.0 0.0 5.33e-10
27.6 0.0 0.0 5.33e-10
27.7 0.0 0.0 5.34e-10
27.8 0.0 0.0 5.34e-10
27.9 0.0 0.0 5.33e-10
28.0 0.0 0.0 5.33e-10
28.1 0.0 0.0 5.34e-10
28.2 0.0 0.0 5.35e-10
28.3 0.0 0.0 5.36e-10
28.4 0.0 0.0 5.37e-10
28.5 0.0 0.0 5.39e-10
28.6 0.0 0.0 5.4e-10
28.7 0.0 0.0 5.41e-10
28.8 0.0 0.0 5.43e-10
28.9 0.0 0.0 5.44e-10
29.0 0.0 0.0 5.45e-10
29.1 0.0 0.0 5.46e-10
29.2 0.0 0.0 5.47e-10
29.3 0.0 0.0 5.48e-10
29.4 0.0 0.0 5.49e-10
29.5 0.0 0.0 5.5e-10
29.6 0.0 0.0 5.51e-10
29.7 0.0 0.0 5.51e-10
29.8 0.0 0.0 5.52e-10
29.9 0.0 0.0 5.53e-10
30.0 0.0 0.0 5.54e-10
30.1 0.0 0.0 5.55e-10
30.2 0.0 0.0 5.55e-10
30.3 0.0 0.0 5.56e-10
30.4 0.0 0.0 5.57e-10
30.5 0.0 0.0 5.58e-10
30.6 0.0 0.0 5.58e-10
30.7 0.0 0.0 5.59e-10
30.8 0.0 0.0 5.6e-10
30.9 0.0 0.0 5.6e-10
31.0 0.0 0.0 5.61e-10
31.1 0.0 0.0 5.62e-10
31.2 0.0 0.0 5.62e-10
31.3 0.0 0.0 5.63e-10
31.4 0.0 0.0 5.64e-10
31.5 0.0 0.0 5.64e-10
31.6 0.0 0.0 5.65e-10
31.7 0.0 0.0 5.66e-10
31.8 0.0 0.0 5.66e-10
31.9 0.0 0.0 5.67e-10
32.0 0.0 0.0 5.68e-10
32.1 0.0 0.0 5.68e-10
32.2 0.0 0.0 5.69e-10
32.3 0.0 0.0 5.7e-10
32.4 0.0 0.0 5.7e-10
32.5 0.0 0.0 5.71e-10
32.6 0.0 0.0 5.72e-10
32.7 0.0 0.0 5.72e-10
32.8 0.0 0.0 5.73e-10
32.9 0.0 0.0 5.74e-10
33.0 0.0 0.0 5.74e-10
33.1 0.0 0.0 5.75e-10
33.2 0.0 0.0 5.76e-10
33.3 0.0 0.0 5.76e-10
33.4 0.0 0.0 5.77e-10
33.5 0.0 0.0 5.78e-10
33.6 0.0 0.0 5.78e-10
33.7 0.0 0.0 5.79e-10
33.8 0.0 0.0 5.8e-10
33.9 0.0 0.0 5.8e-10
34.0 0.0 0.0 5.81e-10
34.1 0.0 0.0 5.82e-10
34.2 0.0 0.0 5.82e-10
34.3 0.0 0.0 5.83e-10
34.4 0.0 0.0 5.84e-10
34.5 0.0 0.0 5.84e-10
34.6 0.0 0.0 5.85e-10
34.7 0.0 0.0 5.86e-10
34.8 0.0 0.0 5.86e-10
34.9 0.0 0.0 5.87e-10
35.0 0.0 0.0 5.87e-10
35.1 0.0 0.0 5.88e-10
35.2 0.0 0.0 5.89e-10
35.3 0.0 0.0 5.89e-10
35.4 0.0 0.0 5.9e-10
35.5 0.0 0.0 5.91e-10
35.6 0.0 0.0 5.91e-10
35.7 0.0 0.0 5.92e-10
35.8 0.0 0.0 5.93e-10
35.9 0.0 0.0 5.93e-10
36.0 0.0 0.0 5.94e-10
36.1 0.0 0.0 5.95e-10
36.2 0.0 0.0 5.95e-10
36.3 0.0 0.0 5.96e-10
36.4 0.0 0.0 5.97e-10
36.5 0.0 0.0 5.97e-10
36.6 0.0 0.0 5.98e-10
36.7 0.0 0.0 5.99e-10
36.8 0.0 0.0 5.99e-10
36.9 0.0 0.0 6e-10
37.0 0.0 0.0 6.01e-10
37.1 0.0 0.0 6.01e-10
37.2 0.0 0.0 6.02e-10
37.3 0.0 0.0 6.03e-10
37.4 0.0 0.0 6.03e-10
37.5 0.0 0.0 6.04e-10
37.6 0.0 0.0 6.05e-10
37.7 0.0 0.0 6.05e-10
37.8 0.0 0.0 6.06e-10
37.9 0.0 0.0 6.06e-10
38.0 0.0 0.0 6.07e-10
38.1 0.0 0.0 6.08e-10
38.2 0.0 0.0 6.08e-10
38.3 0.0 0.0 6.09e-10
38.4 0.0 0.0 6.1e-10
38.5 0.0 0.0 6.1e-10
38.6 0.0 0.0 6.11e-10
38.7 0.0 0.0 6.12e-10
38.8 0.0 0.0 6.12e-10
38.9 0.0 0.0 6.13e-10
39.0 0.0 0.0 6.14e-10
39.1 0.0 0.0 6.14e-10
39.2 0.0 0.0 6.15e-10
39.3 0.0 0.0 6.16e-10
39.4 0.0 0.0 6.16e-10
39.5 0.0 0.0 6.17e-10
39.6 0.0 0.0 6.18e-10
39.7 0.0 0.0 6.18e-10
39.8 0.0 0.0 6.19e-10
39.9 0.0 0.0 6.2e-10
40.0 0.0 0.0 6.2e-10
40.1 0.0 0.0 6.21e-10
40.2 0.0 0.0 6.22e-10
40.3 0.0 0.0 6.22e-10
40.4 0.0 0.0 6.23e-10
40.5 0.0 0.0 6.24e-10
40.6 0.0 0.0 6.24e-10
40.7 0.0 0.0 6.25e-10
40.8 0.0 0.0 6.26e-10
40.9 0.0 0.0 6.26e-10
41.0 0.0 0.0 6.27e-10
41.1 0.0 0.0 6.27e-10
41.2 0.0 0.0 6.28e-10
41.3 0.0 0.0 6.29e-10
41.4 0.0 0.0 6.29e-10
41.5 0.0 0.0 6.3e-10
41.6 0.0 0.0 6.31e-10
41.7 0.0 0.0 6.31e-10
41.8 0.0 0.0 6.32e-10
41.9 0.0 0.0 6.33e-10
42.0 0.0 0.0 6.33e-10
42.1 0.0 0.0 6.34e-10
42.2 0.0 0.0 6.35e-10
42.3 0.0 0.0 6.35e-10
42.4 0.0 0.0 6.36e-10
42.5 0.0 0.0 6.37e-10
42.6 0.0 0.0 6.37e-10
42.7 0.0 0.0 6.38e-10
42.8 0.0 0.0 6.39e-10
42.9 0.0 0.0 6.39e-10
43.0 0.0 0.0 6.4e-10
43.1 0.0 0.0 6.41e-10
43.2 0.0 0.0 6.42e-10
43.3 0.0 0.0 6.43e-10
43.4 0.0 0.0 6.44e-10
43.5 0.0 0.0 6.45e-10
43.6 0.0 0.0 6.46e-10
43.7 0.0 0.0 6.47e-10
43.8 0.0 0.0 6.49e-10
43.9 0.0 0.0 6.5e-10
44.0 0.0 0.0 6.51e-10
44.1 0.0 0.0 6.52e-10
44.2 0.0 0.0 6.53e-10
44.3 0.0 0.0 6.54e-10
44.4 0.0 0.0 6.56e-10
44.5 0.0 0.0 6.57e-10
44.6 0.0 0.0 6.58e-10
44.7 0.0 0.0 6.59e-10
44.8 0.0 0.0 6.61e-10
44.9 0.0 0.0 6.62e-10
45.0 0.0 0.0 6.63e-10
45.1 0.0 0.0 6.64e-10
45.2 0.0 0.0 6.65e-10
45.3 0.0 0.0 6.67e-10
45.4 0.0 0.0 6.68e-10
45.5 0.0 0.0 6.69e-10
45.6 0.0 0.0 6.7e-10
45.7 0.0 0.0 6.72e-10
45.8 0.0 0.0 6.73e-10
45.9 0.0 0.0 6.74e-10
46.0 0.0 0.0 6.75e-10
46.1 0.0 0.0 6.77e-10
46.2 0.0 0.0 6.78e-10
46.3 0.0 0.0 6.79e-10
46.4 0.0 0.0 6.8e-10
46.5 0.0 0.0 6.82e-10
46.6 0.0 0.0 6.83e-10
46.7 0.0 0.0 6.84e-10
46.8 0.0 0.0 6.85e-10
46.9 0.0 0.0 6.87e-10
47.0 0.0 0.0 6.88e-10
47.1 0.0 0.0 6.89e-10
47.2 0.0 0.0 6.9e-10
47.3 0.0 0.0 6.92e-10
47.4 0.0 0.0 6.93e-10
47.5 0.0 0.0 6.94e-10
47.6 0.0 0.0 6.95e-10
47.7 0.0 0.0 6.97e-10
47.8 0.0 0.0 6.98e-10
47.9 0.0 0.0 6.99e-10
48.0 0.0 0.0 7e-10
48.1 0.0 0.0 7.02e-10
48.2 0.0 0.0 7.03e-10
48.3 0.0 0.0 7.04e-10
48.4 0.0 0.0 7.05e-10
48.5 0.0 0.0 7.07e-10
48.6 0.0 0.0 7.08e-10
48.7 0.0 0.0 7.09e-10
48.8 0.0 0.0 7.1e-10
48.9 0.0 0.0 7.12e-10
49.0 0.0 0.0 7.13e-10
49.1 0.0 0.0 7.14e-10
49.2 0.0 0.0 7.15e-10
49.3 0.0 0.0 7.16e-10
49.4 0.0 0.0 7.17e-10
49.5 0.0 0.0 7.18e-10
49.6 0.0 0.0 7.19e-10
49.7 0.0 0.0 7.2e-10
49.8 0.0 0.0 7.2e-10
49.9 0.0 0.0 7.21e-10
