0.0 0.00275 -9.88e-07 -0.00104
0.1 0.0104 -0.00953 -0.00446
0.2 0.0224 -0.0296 -0.00912
0.3 0.0382 -0.0461 -0.0118
0.4 0.0373 -0.0535 -0.0103
0.5 0.0187 -0.0563 -0.00703
0.6 0.000336 -0.0586 -0.00397
0.7 -0.0249 -0.0563 0.00085
0.8 -0.0554 -0.0493 0.00712
0.9 -0.0787 -0.0462 0.0114
1.0 -0.0963 -0.0471 0.0138
1.1 -0.114 -0.048 0.0159
1.2 -0.11 -0.0595 0.0132
1.3 -0.085 -0.0818 0.00527
1.4 -0.0572 -0.0953 -0.00111
1.5 -0.0325 -0.0935 -0.00333
1.6 -0.0248 -0.0864 -0.00256
1.7 -0.0299 -0.0827 -0.00103
1.8 -0.0363 -0.082 0.000488
1.9 -0.044 -0.0824 0.00231
2.0 -0.0521 -0.0828 0.00451
2.1 -0.0605 -0.083 0.00719
2.2 -0.0691 -0.0826 0.0104
2.3 -0.0579 -0.0827 0.0101
2.4 -0.0267 -0.0817 0.00633
2.5 -0.00591 -0.0745 0.00514
2.6 -0.00161 -0.067 0.0078
2.7 -0.0039 -0.0646 0.0125
2.8 -0.0071 -0.0627 0.018
2.9 -0.0103 -0.0608 0.0243
3.0 -0.0132 -0.0589 0.0312
3.1 -0.0155 -0.057 0.0386
3.2 -0.0175 -0.055 0.0467
3.3 -0.0194 -0.0529 0.0555
3.4 -0.00471 -0.0497 0.0626
3.5 0.00615 -0.0391 0.0676
3.6 0.00265 -0.0288 0.0744
3.7 0.00768 -0.0257 0.0827
3.8 0.0142 -0.0236 0.0917
3.9 0.018 -0.0212 0.103
4.0 0.0203 -0.019 0.116
4.1 0.0216 -0.0168 0.13
4.2 0.0226 -0.0147 0.146
4.3 0.0232 -0.0124 0.163
4.4 0.0232 -0.01 0.181
4.5 0.0176 -7.26e-05 0.199
4.6 0.000868 0.0167 0.212
4.7 -0.0151 0.0282 0.224
4.8 -0.0184 0.0324 0.238
4.9 -0.0127 0.0328 0.253
5.0 -0.00578 0.0325 0.269
5.1 -0.0012 0.0328 0.289
5.2 0.00175 0.0336 0.311
5.3 0.00352 0.0348 0.336
5.4 0.00416 0.0363 0.362
5.5 0.00366 0.0381 0.39
5.6 -0.00882 0.047 0.415
5.7 -0.0287 0.0577 0.436
5.8 -0.0396 0.0617 0.458
5.9 -0.038 0.0612 0.48
6.0 -0.0305 0.0588 0.503
6.1 -0.0251 0.0574 0.527
6.2 -0.0208 0.0568 0.552
6.3 -0.0173 0.0568 0.577
6.4 -0.0144 0.0573 0.602
6.5 -0.0124 0.0582 0.628
6.6 -0.0117 0.0597 0.655
6.7 -0.0195 0.0628 0.683
6.8 -0.0276 0.0638 0.709
6.9 -0.0237 0.0602 0.736
7.0 -0.0162 0.0562 0.763
7.1 -0.0114 0.0535 0.79
7.2 -0.00805 0.0516 0.817
7.3 -0.00506 0.0502 0.843
7.4 -0.00243 0.0492 0.868
7.5 -0.000196 0.0485 0.893
7.6 0.00167 0.048 0.917
7.7 0.00283 0.0478 0.94
7.8 0.00331 0.0459 0.963
7.9 0.00623 0.0417 0.983
8.0 0.0124 0.0368 1.0
8.1 0.0175 0.0325 1.02
8.2 0.0203 0.0293 1.04
8.3 0.0222 0.0267 1.05
8.4 0.0237 0.0244 1.06
8.5 0.024 0.0226 1.07
8.6 0.0223 0.021 1.08
8.7 0.0183 0.0196 1.09
8.8 0.0115 0.0185 1.09
8.9 0.00156 0.0175 1.09
9.0 -0.00136 0.0143 1.08
9.1 -0.0047 0.0105 1.08
9.2 -0.0139 0.00823 1.07
9.3 -0.0229 0.00619 1.05
9.4 -0.0391 0.00438 1.04
9.5 -0.0562 0.00277 1.02
9.6 -0.0661 0.00135 0.994
9.7 -0.0692 8.28e-05 0.966
9.8 -0.0676 -0.00103 0.936
9.9 -0.0664 -0.00201 0.907
10.0 -0.0688 -0.0029 0.881
10.1 -0.0833 -0.00386 0.847
10.2 -0.102 -0.00473 0.8
10.3 -0.109 -0.00537 0.75
10.4 -0.113 -0.00602 0.702
10.5 -0.124 -0.00669 0.659
10.6 -0.139 -0.00733 0.616
10.7 -0.154 -0.00794 0.57
10.8 -0.169 -0.00855 0.52
10.9 -0.18 -0.00913 0.468
11.0 -0.185 -0.00966 0.414
11.1 -0.195 -0.0102 0.357
11.2 -0.21 -0.0107 0.295
11.3 -0.224 -0.0113 0.234
11.4 -0.234 -0.0119 0.174
11.5 -0.242 -0.0124 0.112
11.6 -0.248 -0.0128 0.049
11.7 -0.252 -0.013 -0.0159
11.8 -0.255 -0.0132 -0.0827
11.9 -0.258 -0.0132 -0.151
12.0 -0.258 -0.0133 -0.221
12.1 -0.263 -0.0135 -0.289
12.2 -0.27 -0.0137 -0.354
12.3 -0.276 -0.0138 -0.42
12.4 -0.28 -0.0138 -0.487
12.5 -0.283 -0.0137 -0.555
12.6 -0.284 -0.0135 -0.623
12.7 -0.284 -0.0134 -0.691
12.8 -0.284 -0.0132 -0.76
12.9 -0.282 -0.0131 -0.829
13.0 -0.28 -0.0129 -0.897
13.1 -0.281 -0.0128 -0.966
13.2 -0.285 -0.0125 -1.03
13.3 -0.287 -0.0123 -1.1
13.4 -0.287 -0.0119 -1.17
13.5 -0.287 -0.0116 -1.23
13.6 -0.285 -0.0113 -1.29
13.7 -0.283 -0.011 -1.36
13.8 -0.28 -0.0107 -1.42
13.9 -0.276 -0.0105 -1.47
14.0 -0.272 -0.0102 -1.53
14.1 -0.271 -0.00989 -1.59
14.2 -0.274 -0.00955 -1.64
14.3 -0.275 -0.0092 -1.69
14.4 -0.274 -0.00886 -1.73
14.5 -0.272 -0.00854 -1.77
14.6 -0.268 -0.00823 -1.81
14.7 -0.264 -0.00795 -1.85
14.8 -0.258 -0.00768 -1.89
14.9 -0.252 -0.00744 -1.92
15.0 -0.246 -0.00721 -1.94
15.1 -0.245 -0.00776 -1.98
15.2 -0.25 -0.00826 -2.02
15.3 -0.254 -0.00797 -2.04
15.4 -0.256 -0.00768 -2.06
15.5 -0.255 -0.0074 -2.07
15.6 -0.253 -0.00714 -2.07
15.7 -0.249 -0.0069 -2.07
15.8 -0.244 -0.00667 -2.07
15.9 -0.237 -0.00645 -2.07
16.0 -0.23 -0.00626 -2.06
16.1 -0.222 -0.00608 -2.04
16.2 -0.239 -0.0257 -2.03
16.3 -0.284 -0.0658 -2.0
16.4 -0.332 -0.108 -1.98
16.5 -0.38 -0.146 -1.95
16.6 -0.409 -0.163 -1.92
16.7 -0.416 -0.168 -1.88
16.8 -0.421 -0.175 -1.84
16.9 -0.424 -0.185 -1.8
17.0 -0.424 -0.196 -1.75
17.1 -0.422 -0.208 -1.7
17.2 -0.416 -0.22 -1.65
17.3 -0.406 -0.232 -1.6
17.4 -0.391 -0.244 -1.54
17.5 -0.364 -0.257 -1.48
17.6 -0.337 -0.259 -1.41
17.7 -0.323 -0.246 -1.35
17.8 -0.313 -0.231 -1.28
17.9 -0.305 -0.219 -1.21
18.0 -0.294 -0.209 -1.14
18.1 -0.279 -0.201 -1.07
18.2 -0.258 -0.195 -0.992
18.3 -0.239 -0.191 -0.921
18.4 -0.229 -0.19 -0.858
18.5 -0.204 -0.196 -0.789
18.6 -0.197 -0.218 -0.711
18.7 -0.218 -0.251 -0.631
18.8 -0.22 -0.268 -0.55
18.9 -0.206 -0.266 -0.469
19.0 -0.193 -0.266 -0.396
19.1 -0.188 -0.27 -0.332
19.2 -0.183 -0.274 -0.269
19.3 -0.178 -0.277 -0.208
19.4 -0.172 -0.281 -0.147
19.5 -0.161 -0.282 -0.0883
19.6 -0.141 -0.28 -0.0345
19.7 -0.133 -0.294 0.0291
19.8 -0.154 -0.293 0.088
19.9 -0.187 -0.257 0.127
20.0 -0.207 -0.224 0.166
20.1 -0.21 -0.206 0.209
20.2 -0.208 -0.198 0.255
20.3 -0.203 -0.191 0.3
20.4 -0.196 -0.185 0.341
20.5 -0.189 -0.179 0.381
20.6 -0.18 -0.174 0.419
20.7 -0.172 -0.17 0.455
20.8 -0.163 -0.167 0.49
20.9 -0.173 -0.144 0.518
21.0 -0.204 -0.13 0.539
21.1 -0.234 -0.144 0.557
21.2 -0.263 -0.155 0.573
21.3 -0.278 -0.158 0.587
21.4 -0.281 -0.155 0.599
21.5 -0.278 -0.155 0.609
21.6 -0.27 -0.156 0.618
21.7 -0.26 -0.157 0.628
21.8 -0.248 -0.158 0.641
21.9 -0.235 -0.159 0.655
22.0 -0.223 -0.16 0.67
22.1 -0.21 -0.161 0.685
22.2 -0.212 -0.167 0.693
22.3 -0.231 -0.168 0.691
22.4 -0.25 -0.16 0.688
22.5 -0.263 -0.154 0.683
22.6 -0.266 -0.153 0.676
22.7 -0.263 -0.156 0.668
22.8 -0.256 -0.162 0.658
22.9 -0.248 -0.168 0.649
23.0 -0.24 -0.174 0.645
23.1 -0.23 -0.176 0.648
23.2 -0.219 -0.178 0.651
23.3 -0.207 -0.179 0.655
23.4 -0.209 -0.176 0.649
23.5 -0.224 -0.168 0.632
23.6 -0.24 -0.16 0.614
23.7 -0.257 -0.151 0.595
23.8 -0.281 -0.16 0.582
23.9 -0.313 -0.189 0.576
24.0 -0.345 -0.216 0.57
24.1 -0.379 -0.241 0.566
24.2 -0.402 -0.248 0.551
24.3 -0.412 -0.241 0.528
24.4 -0.416 -0.241 0.504
24.5 -0.415 -0.246 0.488
24.6 -0.408 -0.249 0.478
24.7 -0.399 -0.253 0.468
24.8 -0.389 -0.256 0.459
24.9 -0.377 -0.259 0.449
25.0 -0.365 -0.261 0.438
25.1 -0.371 -0.284 0.437
25.2 -0.398 -0.327 0.446
25.3 -0.426 -0.34 0.448
25.4 -0.444 -0.322 0.433
25.5 -0.444 -0.313 0.411
25.6 -0.435 -0.316 0.397
25.7 -0.423 -0.319 0.384
25.8 -0.409 -0.322 0.37
25.9 -0.394 -0.325 0.355
26.0 -0.377 -0.328 0.34
26.1 -0.36 -0.331 0.325
26.2 -0.341 -0.334 0.308
26.3 -0.342 -0.332 0.299
26.4 -0.362 -0.31 0.297
26.5 -0.373 -0.283 0.285
26.6 -0.366 -0.273 0.265
26.7 -0.349 -0.27 0.246
26.8 -0.33 -0.269 0.225
26.9 -0.309 -0.268 0.204
27.0 -0.289 -0.267 0.182
27.1 -0.27 -0.266 0.159
27.2 -0.251 -0.264 0.137
27.3 -0.234 -0.263 0.114
27.4 -0.233 -0.253 0.0978
27.5 -0.25 -0.233 0.0891
27.6 -0.268 -0.219 0.0794
27.7 -0.276 -0.213 0.0636
27.8 -0.27 -0.21 0.0417
27.9 -0.26 -0.207 0.0173
28.0 -0.249 -0.204 -0.0083
28.1 -0.237 -0.201 -0.0346
28.2 -0.225 -0.198 -0.0621
28.3 -0.213 -0.195 -0.0906
28.4 -0.2 -0.192 -0.12
28.5 -0.201 -0.189 -0.144
28.6 -0.218 -0.188 -0.161
28.7 -0.237 -0.19 -0.179
28.8 -0.256 -0.194 -0.198
28.9 -0.276 -0.198 -0.217
29.0 -0.295 -0.2 -0.236
29.1 -0.308 -0.198 -0.256
29.2 -0.316 -0.194 -0.276
29.3 -0.321 -0.189 -0.297
29.4 -0.322 -0.184 -0.318
29.5 -0.317 -0.18 -0.343
29.6 -0.309 -0.176 -0.371
29.7 -0.298 -0.173 -0.403
29.8 -0.285 -0.17 -0.436
29.9 -0.287 -0.173 -0.466
30.0 -0.307 -0.183 -0.491
30.1 -0.323 -0.19 -0.517
30.2 -0.334 -0.194 -0.543
30.3 -0.338 -0.197 -0.569
30.4 -0.337 -0.201 -0.594
30.5 -0.333 -0.206 -0.62
30.6 -0.33 -0.212 -0.646
30.7 -0.328 -0.218 -0.672
30.8 -0.326 -0.224 -0.697
30.9 -0.326 -0.229 -0.722
31.0 -0.327 -0.233 -0.746
31.1 -0.329 -0.236 -0.77
31.2 -0.335 -0.255 -0.793
31.3 -0.345 -0.291 -0.815
31.4 -0.358 -0.319 -0.837
31.5 -0.371 -0.337 -0.857
31.6 -0.385 -0.349 -0.876
31.7 -0.397 -0.354 -0.894
31.8 -0.404 -0.351 -0.91
31.9 -0.406 -0.346 -0.925
32.0 -0.405 -0.345 -0.938
32.1 -0.402 -0.348 -0.95
32.2 -0.4 -0.355 -0.959
32.3 -0.399 -0.362 -0.966
32.4 -0.402 -0.368 -0.971
32.5 -0.407 -0.372 -0.974
32.6 -0.421 -0.369 -0.974
32.7 -0.443 -0.359 -0.972
32.8 -0.463 -0.346 -0.967
32.9 -0.477 -0.328 -0.959
33.0 -0.482 -0.307 -0.948
33.1 -0.483 -0.287 -0.934
33.2 -0.483 -0.272 -0.917
33.3 -0.485 -0.259 -0.896
33.4 -0.488 -0.249 -0.872
33.5 -0.492 -0.24 -0.845
33.6 -0.497 -0.232 -0.814
33.7 -0.505 -0.212 -0.78
33.8 -0.516 -0.18 -0.742
33.9 -0.526 -0.154 -0.7
34.0 -0.535 -0.134 -0.654
34.1 -0.546 -0.117 -0.604
34.2 -0.56 -0.102 -0.551
34.3 -0.57 -0.0899 -0.501
34.4 -0.565 -0.0809 -0.456
34.5 -0.552 -0.0735 -0.411
34.6 -0.538 -0.0664 -0.363
34.7 -0.525 -0.0595 -0.314
34.8 -0.51 -0.053 -0.261
34.9 -0.492 -0.0469 -0.205
35.0 -0.486 -0.0388 -0.146
35.1 -0.488 -0.0298 -0.0845
35.2 -0.486 -0.0222 -0.0221
35.3 -0.481 -0.0154 0.0418
35.4 -0.478 -0.00879 0.107
35.5 -0.475 -0.00241 0.172
35.6 -0.474 0.00373 0.239
35.7 -0.473 0.00963 0.305
35.8 -0.472 0.0153 0.373
35.9 -0.459 0.0196 0.437
36.0 -0.436 0.0226 0.498
36.1 -0.426 0.0253 0.559
36.2 -0.43 0.0279 0.621
36.3 -0.437 0.0306 0.684
36.4 -0.442 0.0335 0.747
36.5 -0.446 0.0365 0.81
36.6 -0.45 0.0394 0.873
36.7 -0.454 0.0424 0.936
36.8 -0.458 0.0454 0.999
36.9 -0.461 0.0484 1.06
37.0 -0.45 0.0495 1.13
37.1 -0.437 0.0491 1.19
37.2 -0.441 0.049 1.25
37.3 -0.451 0.0493 1.3
37.4 -0.46 0.05 1.36
37.5 -0.468 0.0509 1.42
37.6 -0.476 0.0521 1.47
37.7 -0.483 0.0534 1.52
37.8 -0.489 0.0549 1.57
37.9 -0.494 0.0564 1.62
38.0 -0.489 0.0573 1.66
38.1 -0.455 0.0551 1.7
38.2 -0.403 0.0504 1.74
38.3 -0.361 0.0469 1.78
38.4 -0.337 0.045 1.81
38.5 -0.323 0.0438 1.84
38.6 -0.315 0.043 1.87
38.7 -0.311 0.0425 1.89
38.8 -0.31 0.0424 1.91
38.9 -0.311 0.0424 1.92
39.0 -0.315 0.0427 1.93
39.1 -0.322 0.0432 1.94
39.2 -0.299 0.0393 1.94
39.3 -0.245 0.0311 1.94
39.4 -0.203 0.0247 1.93
39.5 -0.177 0.0208 1.92
39.6 -0.16 0.0183 1.9
39.7 -0.15 0.017 1.89
39.8 -0.145 0.0164 1.86
39.9 -0.143 0.0162 1.84
40.0 -0.145 0.0165 1.8
40.1 -0.151 0.0172 1.77
40.2 -0.159 0.0183 1.73
40.3 -0.146 0.0143 1.69
40.4 -0.113 0.00537 1.64
40.5 -0.089 -0.00116 1.59
40.6 -0.0821 -0.00343 1.53
40.7 -0.0861 -0.00309 1.47
40.8 -0.0941 -0.00209 1.41
40.9 -0.104 -0.00108 1.35
41.0 -0.117 -0.000102 1.28
41.1 -0.132 0.00096 1.21
41.2 -0.152 0.00208 1.13
41.3 -0.172 0.00287 1.06
41.4 -0.172 -0.000895 0.983
41.5 -0.155 -0.00798 0.9
41.6 -0.15 -0.0106 0.816
41.7 -0.169 -0.0065 0.73
41.8 -0.194 -0.00205 0.647
41.9 -0.202 -0.000883 0.571
42.0 -0.199 -0.000396 0.499
42.1 -0.195 0.000128 0.426
42.2 -0.192 0.000473 0.354
42.3 -0.19 0.000667 0.281
42.4 -0.192 0.000428 0.211
42.5 -0.193 0.00055 0.141
42.6 -0.189 0.00117 0.0701
42.7 -0.185 0.00162 0.00151
42.8 -0.183 0.00196 -0.0644
42.9 -0.183 0.00206 -0.126
43.0 -0.187 0.00207 -0.184
43.1 -0.193 0.00202 -0.24
43.2 -0.201 0.00189 -0.295
43.3 -0.209 0.00166 -0.35
43.4 -0.218 0.00119 -0.404
43.5 -0.229 0.000361 -0.456
43.6 -0.235 -2.75e-05 -0.51
43.7 -0.232 0.00157 -0.559
43.8 -0.228 0.00604 -0.6
43.9 -0.224 0.00874 -0.638
44.0 -0.222 0.00824 -0.675
44.1 -0.223 0.00771 -0.709
44.2 -0.227 0.00721 -0.741
44.3 -0.234 0.00689 -0.771
44.4 -0.242 0.0065 -0.799
44.5 -0.252 0.00588 -0.825
44.6 -0.264 0.0051 -0.848
44.7 -0.278 0.00395 -0.87
44.8 -0.286 0.00616 -0.889
44.9 -0.285 0.0133 -0.906
45.0 -0.279 0.0167 -0.921
45.1 -0.274 0.0149 -0.934
45.2 -0.273 0.0129 -0.945
45.3 -0.275 0.0112 -0.954
45.4 -0.28 0.00977 -0.961
45.5 -0.288 0.00841 -0.965
45.6 -0.298 0.0072 -0.968
45.7 -0.309 0.00593 -0.968
45.8 -0.323 0.00527 -0.967
45.9 -0.326 0.0104 -0.964
46.0 -0.314 0.0179 -0.959
46.1 -0.301 0.0193 -0.952
46.2 -0.293 0.0178 -0.943
46.3 -0.291 0.0168 -0.933
46.4 -0.293 0.0161 -0.921
46.5 -0.299 0.0161 -0.907
46.6 -0.308 0.0168 -0.891
46.7 -0.32 0.018 -0.875
46.8 -0.334 0.0199 -0.856
46.9 -0.351 0.0224 -0.836
47.0 -0.348 0.0234 -0.815
47.1 -0.322 0.0218 -0.792
47.2 -0.302 0.0204 -0.769
47.3 -0.293 0.02 -0.743
47.4 -0.29 0.0198 -0.717
47.5 -0.293 0.0199 -0.69
47.6 -0.3 0.0206 -0.661
47.7 -0.311 0.0219 -0.632
47.8 -0.325 0.0238 -0.604
47.9 -0.34 0.0255 -0.581
48.0 -0.353 0.0267 -0.564
48.1 -0.345 0.0252 -0.541
48.2 -0.316 0.0215 -0.509
48.3 -0.292 0.0202 -0.477
48.4 -0.279 0.0206 -0.443
48.5 -0.275 0.021 -0.409
48.6 -0.278 0.0216 -0.377
48.7 -0.285 0.022 -0.35
48.8 -0.295 0.0223 -0.33
48.9 -0.306 0.0229 -0.313
49.0 -0.318 0.0236 -0.297
49.1 -0.331 0.0241 -0.281
49.2 -0.325 0.0238 -0.257
49.3 -0.298 0.0229 -0.223
49.4 -0.27 0.0233 -0.191
49.5 -0.25 0.0234 -0.163
49.6 -0.244 0.022 -0.141
49.7 -0.249 0.0214 -0.123
49.8 -0.259 0.0215 -0.107
49.9 -0.271 0.0216 -0.0912
