0.0 0.0 0.0 0.0
0.1 0.0 0.0 0.0
0.2 0.0 0.0 0.0
0.3 0.0 0.0 0.0
0.4 0.0 0.0 0.0
0.5 0.0 0.0 0.0
0.6 0.0 0.0 0.0
0.7 0.0 0.0 0.0
0.8 0.0 0.0 0.0
0.9 0.0 0.0 0.0
1.0 0.0 0.0 0.0
1.1 0.0 0.0 0.0
1.2 0.0 0.0 0.0
1.3 0.0 0.0 0.0
1.4 0.0 0.0 0.0
1.5 0.0 0.0 0.0
1.6 0.0 0.0 0.0
1.7 0.0 0.0 0.0
1.8 0.0 0.0 0.0
1.9 0.0 0.0 0.0
2.0 0.0 0.0 0.0
2.1 0.0 0.0 0.0
2.2 0.0 0.0 0.0
2.3 0.0 0.0 4.85e-14
2.4 0.0 0.0 1.86e-13
2.5 0.0 0.0 4.01e-13
2.6 0.0 0.0 6.84e-13
2.7 0.0 0.0 1.03e-12
2.8 0.0 0.0 1.42e-12
2.9 0.0 0.0 1.86e-12
3.0 0.0 0.0 2.34e-12
3.1 0.0 0.0 2.85e-12
3.2 0.0 0.0 3.39e-12
3.3 0.0 0.0 3.96e-12
3.4 0.0 0.0 4.55e-12
3.5 0.0 0.0 5.2e-12
3.6 0.0 0.0 5.92e-12
3.7 0.0 0.0 6.7e-12
3.8 0.0 0.0 7.55e-12
3.9 0.0 0.0 8.44e-12
4.0 0.0 0.0 9.38e-12
4.1 0.0 0.0 1.04e-11
4.2 0.0 0.0 1.14e-11
4.3 0.0 0.0 1.23e-11
4.4 0.0 0.0 1.31e-11
4.5 0.0 0.0 1.39e-11
4.6 0.0 0.0 1.47e-11
4.7 0.0 0.0 1.56e-11
4.8 0.0 0.0 1.65e-11
4.9 0.0 0.0 1.75e-11
5.0 0.0 0.0 1.85e-11
5.1 0.0 0.0 1.95e-11
5.2 0.0 0.0 2.06e-11
5.3 0.0 0.0 2.17e-11
5.4 0.0 0.0 2.27e-11
5.5 0.0 0.0 2.35e-11
5.6 0.0 0.0 2.44e-11
5.7 0.0 0.0 2.52e-11
5.8 0.0 0.0 2.62e-11
5.9 0.0 0.0 2.71e-11
6.0 0.0 0.0 2.81e-11
6.1 0.0 0.0 2.91e-11
6.2 0.0 0.0 3.02e-11
6.3 0.0 0.0 3.13e-11
6.4 0.0 0.0 3.24e-11
6.5 0.0 0.0 3.34e-11
6.6 0.0 0.0 3.43e-11
6.7 0.0 0.0 3.51e-11
6.8 0.0 0.0 3.6e-11
6.9 0.0 0.0 3.69e-11
7.0 0.0 0.0 3.79e-11
7.1 0.0 0.0 3.89e-11
7.2 0.0 0.0 3.99e-11
7.3 0.0 0.0 4.1e-11
7.4 0.0 0.0 4.2e-11
7.5 0.0 0.0 4.31e-11
7.6 0.0 0.0 4.42e-11
7.7 0.0 0.0 4.5e-11
7.8 0.0 0.0 4.59e-11
7.9 0.0 0.0 4.68e-11
8.0 0.0 0.0 4.77e-11
8.1 0.0 0.0 4.86e-11
8.2 0.0 0.0 4.97e-11
8.3 0.0 0.0 5.07e-11
8.4 0.0 0.0 5.17e-11
8.5 0.0 0.0 5.28e-11
8.6 0.0 0.0 5.39e-11
8.7 0.0 0.0 5.51e-11
8.8 0.0 0.0 5.61e-11
8.9 0.0 0.0 5.7e-11
9.0 0.0 0.0 5.78e-11
9.1 0.0 0.0 5.87e-11
9.2 0.0 0.0 5.97e-11
9.3 0.0 0.0 6.06e-11
9.4 0.0 0.0 6.16e-11
9.5 0.0 0.0 6.27e-11
9.6 0.0 0.0 6.38e-11
9.7 0.0 0.0 6.48e-11
9.8 0.0 0.0 6.6e-11
9.9 0.0 0.0 6.7e-11
10.0 0.0 0.0 6.79e-11
10.1 0.0 0.0 6.86e-11
10.2 0.0 0.0 6.92e-11
10.3 0.0 0.0 6.97e-11
10.4 0.0 0.0 7e-11
10.5 0.0 0.0 7.02e-11
10.6 0.0 0.0 7.02e-11
10.7 0.0 0.0 7.02e-11
10.8 0.0 0.0 7.02e-11
10.9 0.0 0.0 7.02e-11
11.0 0.0 0.0 7.02e-11
11.1 0.0 0.0 7.01e-11
11.2 0.0 0.0 7.01e-11
11.3 0.0 0.0 7.01e-11
11.4 0.0 0.0 7.01e-11
11.5 0.0 0.0 7.01e-11
11.6 0.0 0.0 7.01e-11
11.7 0.0 0.0 7.01e-11
11.8 0.0 0.0 7.01e-11
11.9 0.0 0.0 7.01e-11
12.0 0.0 0.0 7.01e-11
12.1 0.0 0.0 7.01e-11
12.2 0.0 0.0 7.01e-11
12.3 0.0 0.0 7.01e-11
12.4 0.0 0.0 7.01e-11
12.5 0.0 0.0 7.01e-11
12.6 0.0 0.0 7.01e-11
12.7 0.0 0.0 7.01e-11
12.8 0.0 0.0 7.01e-11
12.9 0.0 0.0 7.01e-11
13.0 0.0 0.0 7.01e-11
13.1 0.0 0.0 7.01e-11
13.2 0.0 0.0 7.01e-11
13.3 0.0 0.0 7.01e-11
13.4 0.0 0.0 7.01e-11
13.5 0.0 0.0 7.01e-11
13.6 0.0 0.0 7.01e-11
13.7 0.0 0.0 7.01e-11
13.8 0.0 0.0 7.01e-11
13.9 0.0 0.0 7.01e-11
14.0 0.0 0.0 7.01e-11
14.1 0.0 0.0 7.01e-11
14.2 0.0 0.0 7.01e-11
14.3 0.0 0.0 7.01e-11
14.4 0.0 0.0 7.01e-11
14.5 0.0 0.0 7.01e-11
14.6 0.0 0.0 7.01e-11
14.7 0.0 0.0 7.01e-11
14.8 0.0 0.0 7.01e-11
14.9 0.0 0.0 7.01e-11
15.0 0.0 0.0 7.01e-11
15.1 0.0 0.0 7.01e-11
15.2 0.0 0.0 7.04e-11
15.3 0.0 0.0 7.07e-11
15.4 0.0 0.0 7.12e-11
15.5 0.0 0.0 7.18e-11
15.6 0.0 0.0 7.24e-11
15.7 0.0 0.0 7.31e-11
15.8 0.0 0.0 7.39e-11
15.9 0.0 0.0 7.48e-11
16.0 0.0 0.0 7.56e-11
16.1 0.0 0.0 7.63e-11
16.2 0.0 0.0 7.68e-11
16.3 0.0 0.0 7.73e-11
16.4 0.0 0.0 7.77e-11
16.5 0.0 0.0 7.8e-11
16.6 0.0 0.0 7.83e-11
16.7 0.0 0.0 7.84e-11
16.8 0.0 0.0 7.84e-11
16.9 0.0 0.0 7.84e-11
17.0 0.0 0.0 7.82e-11
17.1 0.0 0.0 7.8e-11
17.2 0.0 0.0 7.78e-11
17.3 0.0 0.0 7.76e-11
17.4 0.0 0.0 7.75e-11
17.5 0.0 0.0 7.73e-11
17.6 0.0 0.0 7.72e-11
17.7 0.0 0.0 7.71e-11
17.8 0.0 0.0 7.71e-11
17.9 0.0 0.0 7.7e-11
18.0 0.0 0.0 7.69e-11
18.1 0.0 0.0 7.69e-11
18.2 0.0 0.0 7.68e-11
18.3 0.0 0.0 7.68e-11
18.4 0.0 0.0 7.67e-11
18.5 0.0 0.0 7.67e-11
18.6 0.0 0.0 7.67e-11
18.7 0.0 0.0 7.67e-11
18.8 0.0 0.0 7.66e-11
18.9 0.0 0.0 7.66e-11
19.0 0.0 0.0 7.66e-11
19.1 0.0 0.0 7.66e-11
19.2 0.0 0.0 7.66e-11
19.3 0.0 0.0 7.66e-11
19.4 0.0 0.0 7.66e-11
19.5 0.0 0.0 7.65e-11
19.6 0.0 0.0 7.65e-11
19.7 0.0 0.0 7.65e-11
19.8 0.0 0.0 7.65e-11
19.9 0.0 0.0 7.65e-11
20.0 0.0 0.0 7.65e-11
20.1 0.0 0.0 7.65e-11
20.2 0.0 0.0 7.65e-11
20.3 0.0 0.0 7.65e-11
20.4 0.0 0.0 7.65e-11
20.5 0.0 0.0 7.65e-11
20.6 0.0 0.0 7.65e-11
20.7 0.0 0.0 7.65e-11
20.8 0.0 0.0 7.65e-11
20.9 0.0 0.0 7.65e-11
21.0 0.0 0.0 7.65e-11
21.1 0.0 0.0 7.65e-11
21.2 0.0 0.0 7.65e-11
21.3 0.0 0.0 7.65e-11
21.4 0.0 0.0 7.65e-11
21.5 0.0 0.0 7.65e-11
21.6 0.0 0.0 7.65e-11
21.7 0.0 0.0 7.65e-11
21.8 0.0 0.0 7.65e-11
21.9 0.0 0.0 7.65e-11
22.0 0.0 0.0 7.65e-11
22.1 0.0 0.0 7.65e-11
22.2 0.0 0.0 7.65e-11
22.3 0.0 0.0 7.65e-11
22.4 0.0 0.0 7.65e-11
22.5 0.0 0.0 7.65e-11
22.6 0.0 0.0 7.65e-11
22.7 0.0 0.0 7.65e-11
22.8 0.0 0.0 7.65e-11
22.9 0.0 0.0 7.65e-11
23.0 0.0 0.0 7.65e-11
23.1 0.0 0.0 7.65e-11
23.2 0.0 0.0 7.65e-11
23.3 0.0 0.0 7.65e-11
23.4 0.0 0.0 7.65e-11
23.5 0.0 0.0 7.65e-11
23.6 0.0 0.0 7.65e-11
23.7 0.0 0.0 7.65e-11
23.8 0.0 0.0 7.65e-11
23.9 0.0 0.0 7.65e-11
24.0 0.0 0.0 7.65e-11
24.1 0.0 0.0 7.65e-11
24.2 0.0 0.0 7.65e-11
24.3 0.0 0.0 7.65e-11
24.4 0.0 0.0 7.65e-11
24.5 0.0 0.0 7.65e-11
24.6 0.0 0.0 7.65e-11
24.7 0.0 0.0 7.65e-11
24.8 0.0 0.0 7.65e-11
24.9 0.0 0.0 7.65e-11
25.0 0.0 0.0 7.65e-11
25.1 0.0 0.0 7.65e-11
25.2 0.0 0.0 7.65e-11
25.3 0.0 0.0 7.65e-11
25.4 0.0 0.0 7.65e-11
25.5 0.0 0.0 7.65e-11
25.6 0.0 0.0 7.65e-11
25.7 0.0 0.0 7.65e-11
25.8 0.0 0.0 7.65e-11
25.9 0.0 0.0 7.65e-11
26.0 0.0 0.0 7.65e-11
26.1 0.0 0.0 7.65e-11
26.2 0.0 0.0 7.65e-11
26.3 0.0 0.0 7.65e-11
26.4 0.0 0.0 7.65e-11
26.5 0.0 0.0 7.65e-11
26.6 0.0 0.0 7.65e-11
26.7 0.0 0.0 7.65e-11
26.8 0.0 0.0 7.65e-11
26.9 0.0 0.0 7.65e-11
27.0 0.0 0.0 7.65e-11
27.1 0.0 0.0 7.65e-11
27.2 0.0 0.0 7.65e-11
27.3 0.0 0.0 7.65e-11
27.4 0.0 0.0 7.65e-11
27.5 0.0 0.0 7.65e-11
27.6 0.0 0.0 7.65e-11
27.7 0.0 0.0 7.65e-11
27.8 0.0 0.0 7.65e-11
27.9 0.0 0.0 7.65e-11
28.0 0.0 0.0 7.65e-11
28.1 0.0 0.0 7.65e-11
28.2 0.0 0.0 7.65e-11
28.3 0.0 0.0 7.65e-11
28.4 0.0 0.0 7.65e-11
28.5 0.0 0.0 7.65e-11
28.6 0.0 0.0 7.65e-11
28.7 0.0 0.0 7.65e-11
28.8 0.0 0.0 7.65e-11
28.9 0.0 0.0 7.65e-11
29.0 0.0 0.0 7.65e-11
29.1 0.0 0.0 7.65e-11
29.2 0.0 0.0 7.65e-11
29.3 0.0 0.0 7.65e-11
29.4 0.0 0.0 7.65e-11
29.5 0.0 0.0 7.65e-11
29.6 0.0 0.0 7.65e-11
29.7 0.0 0.0 7.65e-11
29.8 0.0 0.0 7.65e-11
29.9 0.0 0.0 7.65e-11
30.0 0.0 0.0 7.65e-11
30.1 0.0 0.0 7.65e-11
30.2 0.0 0.0 7.65e-11
30.3 0.0 0.0 7.65e-11
30.4 0.0 0.0 7.65e-11
30.5 0.0 0.0 7.65e-11
30.6 0.0 0.0 7.65e-11
30.7 0.0 0.0 7.65e-11
30.8 0.0 0.0 7.65e-11
30.9 0.0 0.0 7.65e-11
31.0 0.0 0.0 7.65e-11
31.1 0.0 0.0 7.65e-11
31.2 0.0 0.0 7.65e-11
31.3 0.0 0.0 7.65e-11
31.4 0.0 0.0 7.65e-11
31.5 0.0 0.0 7.65e-11
31.6 0.0 0.0 7.65e-11
31.7 0.0 0.0 7.65e-11
31.8 0.0 0.0 7.65e-11
31.9 0.0 0.0 7.65e-11
32.0 0.0 0.0 7.65e-11
32.1 0.0 0.0 7.65e-11
32.2 0.0 0.0 7.65e-11
32.3 0.0 0.0 7.65e-11
32.4 0.0 0.0 7.65e-11
32.5 0.0 0.0 7.65e-11
32.6 0.0 0.0 7.65e-11
32.7 0.0 0.0 7.65e-11
32.8 0.0 0.0 7.65e-11
32.9 0.0 0.0 7.65e-11
33.0 0.0 0.0 7.65e-11
33.1 0.0 0.0 7.65e-11
33.2 0.0 0.0 7.65e-11
33.3 0.0 0.0 7.65e-11
33.4 0.0 0.0 7.65e-11
33.5 0.0 0.0 7.65e-11
33.6 0.0 0.0 7.65e-11
33.7 0.0 0.0 7.65e-11
33.8 0.0 0.0 7.65e-11
33.9 0.0 0.0 7.65e-11
34.0 0.0 0.0 7.65e-11
34.1 0.0 0.0 7.65e-11
34.2 0.0 0.0 7.65e-11
34.3 0.0 0.0 7.65e-11
34.4 0.0 0.0 7.65e-11
34.5 0.0 0.0 7.65e-11
34.6 0.0 0.0 7.65e-11
34.7 0.0 0.0 7.65e-11
34.8 0.0 0.0 7.65e-11
34.9 0.0 0.0 7.65e-11
35.0 0.0 0.0 7.65e-11
35.1 0.0 0.0 7.65e-11
35.2 0.0 0.0 7.65e-11
35.3 0.0 0.0 7.65e-11
35.4 0.0 0.0 7.65e-11
35.5 0.0 0.0 7.65e-11
35.6 0.0 0.0 7.65e-11
35.7 0.0 0.0 7.65e-11
35.8 0.0 0.0 7.65e-11
35.9 0.0 0.0 7.65e-11
36.0 0.0 0.0 7.65e-11
36.1 0.0 0.0 7.65e-11
36.2 0.0 0.0 7.65e-11
36.3 0.0 0.0 7.65e-11
36.4 0.0 0.0 7.65e-11
36.5 0.0 0.0 7.65e-11
36.6 0.0 0.0 7.65e-11
36.7 0.0 0.0 7.65e-11
36.8 0.0 0.0 7.65e-11
36.9 0.0 0.0 7.65e-11
37.0 0.0 0.0 7.65e-11
37.1 0.0 0.0 7.65e-11
37.2 0.0 0.0 7.65e-11
37.3 0.0 0.0 7.65e-11
37.4 0.0 0.0 7.65e-11
37.5 0.0 0.0 7.65e-11
37.6 0.0 0.0 7.65e-11
37.7 0.0 0.0 7.65e-11
37.8 0.0 0.0 7.65e-11
37.9 0.0 0.0 7.65e-11
38.0 0.0 0.0 7.65e-11
38.1 0.0 0.0 7.65e-11
38.2 0.0 0.0 7.65e-11
38.3 0.0 0.0 7.65e-11
38.4 0.0 0.0 7.65e-11
38.5 0.0 0.0 7.65e-11
38.6 0.0 0.0 7.65e-11
38.7 0.0 0.0 7.65e-11
38.8 0.0 0.0 7.65e-11
38.9 0.0 0.0 7.65e-11
39.0 0.0 0.0 7.65e-11
39.1 0.0 0.0 7.65e-11
39.2 0.0 0.0 7.65e-11
39.3 0.0 0.0 7.65e-11
39.4 0.0 0.0 7.65e-11
39.5 0.0 0.0 7.65e-11
39.6 0.0 0.0 7.65e-11
39.7 0.0 0.0 7.65e-11
39.8 0.0 0.0 7.65e-11
39.9 0.0 0.0 7.65e-11
40.0 0.0 0.0 7.65e-11
40.1 0.0 0.0 7.65e-11
40.2 0.0 0.0 7.65e-11
40.3 0.0 0.0 7.65e-11
40.4 0.0 0.0 7.65e-11
40.5 0.0 0.0 7.65e-11
40.6 0.0 0.0 7.65e-11
40.7 0.0 0.0 7.65e-11
40.8 0.0 0.0 7.65e-11
40.9 0.0 0.0 7.65e-11
41.0 0.0 0.0 7.65e-11
41.1 0.0 0.0 7.65e-11
41.2 0.0 0.0 7.65e-11
41.3 0.0 0.0 7.65e-11
41.4 0.0 0.0 7.65e-11
41.5 0.0 0.0 7.65e-11
41.6 0.0 0.0 7.65e-11
41.7 0.0 0.0 7.65e-11
41.8 0.0 0.0 7.65e-11
41.9 0.0 0.0 7.65e-11
42.0 0.0 0.0 7.65e-11
42.1 0.0 0.0 7.65e-11
42.2 0.0 0.0 7.65e-11
42.3 0.0 0.0 7.65e-11
42.4 0.0 0.0 7.65e-11
42.5 0.0 0.0 7.65e-11
42.6 0.0 0.0 7.65e-11
42.7 0.0 0.0 7.65e-11
42.8 0.0 0.0 7.65e-11
42.9 0.0 0.0 7.65e-11
43.0 0.0 0.0 7.65e-11
43.1 0.0 0.0 7.65e-11
43.2 0.0 0.0 7.65e-11
43.3 0.0 0.0 7.65e-11
43.4 0.0 0.0 7.65e-11
43.5 0.0 0.0 7.65e-11
43.6 0.0 0.0 7.65e-11
43.7 0.0 0.0 7.65e-11
43.8 0.0 0.0 7.65e-11
43.9 0.0 0.0 7.65e-11
44.0 0.0 0.0 7.65e-11
44.1 0.0 0.0 7.65e-11
44.2 0.0 0.0 7.65e-11
44.3 0.0 0.0 7.65e-11
44.4 0.0 0.0 7.65e-11
44.5 0.0 0.0 7.65e-11
44.6 0.0 0.0 7.65e-11
44.7 0.0 0.0 7.65e-11
44.8 0.0 0.0 7.65e-11
44.9 0.0 0.0 7.65e-11
45.0 0.0 0.0 7.65e-11
45.1 0.0 0.0 7.65e-11
45.2 0.0 0.0 7.65e-11
45.3 0.0 0.0 7.65e-11
45.4 0.0 0.0 7.65e-11
45.5 0.0 0.0 7.65e-11
45.6 0.0 0.0 7.65e-11
45.7 0.0 0.0 7.65e-11
45.8 0.0 0.0 7.65e-11
45.9 0.0 0.0 7.65e-11
46.0 0.0 0.0 7.65e-11
46.1 0.0 0.0 7.65e-11
46.2 0.0 0.0 7.65e-11
46.3 0.0 0.0 7.65e-11
46.4 0.0 0.0 7.65e-11
46.5 0.0 0.0 7.65e-11
46.6 0.0 0.0 7.65e-11
46.7 0.0 0.0 7.65e-11
46.8 0.0 0.0 7.65e-11
46.9 0.0 0.0 7.65e-11
47.0 0.0 0.0 7.65e-11
47.1 0.0 0.0 7.65e-11
47.2 0.0 0.0 7.65e-11
47.3 0.0 0.0 7.65e-11
47.4 0.0 0.0 7.65e-11
47.5 0.0 0.0 7.65e-11
47.6 0.0 0.0 7.65e-11
47.7 0.0 0.0 7.65e-11
47.8 0.0 0.0 7.65e-11
47.9 0.0 0.0 7.65e-11
48.0 0.0 0.0 7.65e-11
48.1 0.0 0.0 7.64e-11
48.2 0.0 0.0 7.62e-11
48.3 0.0 0.0 7.6e-11
48.4 0.0 0.0 7.58e-11
48.5 0.0 0.0 7.57e-11
48.6 0.0 0.0 7.55e-11
48.7 0.0 0.0 7.53e-11
48.8 0.0 0.0 7.51e-11
48.9 0.0 0.0 7.49e-11
49.0 0.0 0.0 7.47e-11
49.1 0.0 0.0 7.45e-11
49.2 0.0 0.0 7.43e-11
49.3 0.0 0.0 7.44e-11
49.4 0.0 0.0 7.45e-11
49.5 0.0 0.0 7.48e-11
49.6 0.0 0.0 7.52e-11
49.7 0.0 0.0 7.57e-11
49.8 0.0 0.0 7.63e-11
49.9 0.0 0.0 7.7e-11
