0.0 3.0 -1.23e-21 1.0
0.1 3.0 -3.21e-20 1.0
0.2 3.0 -1.15e-12 1.0
0.3 3.0 -3.48e-12 1.0
0.4 3.0 -5.96e-12 1.0
0.5 3.0 -8.58e-12 1.0
0.6 3.0 -1.13e-11 1.0
0.7 3.0 -1.42e-11 1.0
0.8 3.0 -1.72e-11 1.0
0.9 3.0 -2.03e-11 1.0
1.0 3.0 -2.35e-11 1.0
1.1 3.0 -2.68e-11 1.01
1.2 3.0 -3.02e-11 1.01
1.3 3.0 -3.37e-11 1.01
1.4 3.0 -3.73e-11 1.01
1.5 3.0 -4.1e-11 1.01
1.6 3.0 -4.47e-11 1.01
1.7 3.0 -4.86e-11 1.01
1.8 3.0 -5.25e-11 1.01
1.9 3.0 -5.65e-11 1.01
2.0 3.0 -6.06e-11 1.01
2.1 3.0 -6.47e-11 1.01
2.2 3.0 -6.89e-11 1.01
2.3 3.0 -7.43e-11 1.02
2.4 3.0 -8.1e-11 1.02
2.5 3.0 -8.79e-11 1.02
2.6 3.0 -9.5e-11 1.02
2.7 3.0 -1.02e-10 1.02
2.8 3.0 -1.1e-10 1.02
2.9 3.0 -1.17e-10 1.02
3.0 3.0 -1.25e-10 1.02
3.1 3.0 -1.33e-10 1.02
3.2 3.0 -1.41e-10 1.02
3.3 3.0 -1.52e-10 1.03
3.4 3.0 -1.65e-10 1.03
3.5 3.0 -1.78e-10 1.03
3.6 3.0 -1.92e-10 1.03
3.7 3.0 -2.07e-10 1.03
3.8 3.0 -2.21e-10 1.03
3.9 3.0 -2.36e-10 1.03
4.0 3.0 -2.56e-10 1.03
4.1 3.0 -2.86e-10 1.03
4.2 3.0 -3.21e-10 1.03
4.3 3.0 -3.58e-10 1.04
4.4 3.0 -3.96e-10 1.04
4.5 3.0 -4.36e-10 1.04
4.6 3.0 -4.76e-10 1.04
4.7 3.0 -5.18e-10 1.04
4.8 3.0 -5.61e-10 1.04
4.9 3.0 -6.06e-10 1.04
5.0 3.0 -6.51e-10 1.04
5.1 3.0 -6.97e-10 1.04
5.2 3.0 -7.44e-10 1.04
5.3 3.0 -7.92e-10 1.05
5.4 3.0 -8.41e-10 1.05
5.5 3.0 -8.91e-10 1.05
5.6 3.0 -9.83e-10 1.05
5.7 3.0 -1.12e-09 1.05
5.8 3.0 -1.26e-09 1.05
5.9 3.0 -1.41e-09 1.05
6.0 3.0 -1.56e-09 1.05
6.1 3.0 -1.72e-09 1.05
6.2 3.0 -1.88e-09 1.05
6.3 3.0 -2.05e-09 1.06
6.4 3.0 -2.22e-09 1.06
6.5 3.0 -2.39e-09 1.06
6.6 3.0 -2.57e-09 1.06
6.7 3.0 -2.76e-09 1.06
6.8 3.0 -2.95e-09 1.06
6.9 3.01 -3.14e-09 1.06
7.0 3.01 -3.33e-09 1.06
7.1 3.01 -3.53e-09 1.06
7.2 3.01 -3.73e-09 1.07
7.3 3.01 -3.94e-09 1.07
7.4 3.01 -4.15e-09 1.07
7.5 3.01 -4.36e-09 1.07
7.6 3.01 -4.58e-09 1.07
7.7 3.01 -4.79e-09 1.07
7.8 3.01 -5.01e-09 1.07
7.9 3.01 -5.24e-09 1.07
8.0 3.01 -5.46e-09 1.08
8.1 3.01 -5.69e-09 1.08
8.2 3.01 -5.93e-09 1.08
8.3 3.01 -6.16e-09 1.08
8.4 3.01 -6.4e-09 1.08
8.5 3.01 -6.64e-09 1.08
8.6 3.01 -6.88e-09 1.08
8.7 3.01 -7.12e-09 1.08
8.8 3.01 -7.37e-09 1.09
8.9 3.01 -7.62e-09 1.09
9.0 3.01 -7.87e-09 1.09
9.1 3.01 -8.13e-09 1.09
9.2 3.01 -8.38e-09 1.09
9.3 3.01 -8.64e-09 1.09
9.4 3.01 -8.9e-09 1.09
9.5 3.01 -9.17e-09 1.09
9.6 3.01 -9.43e-09 1.1
9.7 3.01 -9.7e-09 1.1
9.8 3.01 -9.97e-09 1.1
9.9 3.01 -1.02e-08 1.1
10.0 3.01 -1.05e-08 1.1
10.1 3.01 -1.08e-08 1.1
10.2 3.01 -1.11e-08 1.1
10.3 3.01 -1.14e-08 1.11
10.4 3.01 -1.16e-08 1.11
10.5 3.01 -1.19e-08 1.11
10.6 3.01 -1.22e-08 1.11
10.7 3.01 -1.26e-08 1.11
10.8 3.01 -1.29e-08 1.11
10.9 3.01 -1.32e-08 1.12
11.0 3.01 -1.36e-08 1.12
11.1 3.01 -1.39e-08 1.12
11.2 3.0 -1.43e-08 1.12
11.3 3.0 -1.46e-08 1.13
11.4 2.99 -1.5e-08 1.13
11.5 2.98 -1.53e-08 1.13
11.6 2.97 -1.57e-08 1.14
11.7 2.96 -1.61e-08 1.14
11.8 2.95 -1.65e-08 1.14
11.9 2.94 -1.68e-08 1.15
12.0 2.92 -1.72e-08 1.15
12.1 2.9 -1.76e-08 1.16
12.2 2.89 -1.78e-08 1.16
12.3 2.87 -1.72e-08 1.17
12.4 2.84 -1.46e-08 1.18
12.5 2.81 -9.07e-09 1.18
12.6 2.77 1.96e-09 1.19
12.7 2.73 1.74e-08 1.2
12.8 2.69 3.41e-08 1.21
12.9 2.64 5.22e-08 1.22
13.0 2.6 7.16e-08 1.23
13.1 2.55 9.26e-08 1.24
13.2 2.51 1.15e-07 1.25
13.3 2.46 1.39e-07 1.26
13.4 2.41 1.65e-07 1.27
13.5 2.36 1.93e-07 1.28
13.6 2.31 2.22e-07 1.29
13.7 2.25 2.53e-07 1.3
13.8 2.2 2.86e-07 1.31
13.9 2.15 3.2e-07 1.33
14.0 2.09 3.57e-07 1.34
14.1 2.04 3.94e-07 1.35
14.2 1.98 4.34e-07 1.36
14.3 1.92 5.3e-07 1.37
14.4 1.87 6.85e-07 1.38
14.5 1.81 8.49e-07 1.39
14.6 1.75 1.02e-06 1.4
14.7 1.7 1.2e-06 1.42
14.8 1.64 1.39e-06 1.43
14.9 1.59 1.58e-06 1.44
15.0 1.53 1.78e-06 1.45
15.1 1.47 1.99e-06 1.46
15.2 1.42 2.2e-06 1.47
15.3 1.37 2.36e-06 1.48
15.4 1.34 -2.74e-05 1.49
15.5 1.31 -8.66e-05 1.49
15.6 1.28 -0.000145 1.5
15.7 1.25 -0.000198 1.5
15.8 1.22 -0.000246 1.51
15.9 1.19 -0.000293 1.51
16.0 1.17 -0.000339 1.52
16.1 1.14 -0.000381 1.52
16.2 1.12 -0.000415 1.53
16.3 1.09 -0.00044 1.53
16.4 1.07 -0.000445 1.54
16.5 1.04 -0.000427 1.54
16.6 1.02 -0.000392 1.54
16.7 0.999 -0.000282 1.55
16.8 0.977 -7.91e-05 1.55
16.9 0.956 0.000228 1.56
17.0 0.934 0.000636 1.56
17.1 0.914 0.00111 1.56
17.2 0.9 0.00166 1.57
17.3 0.891 0.00224 1.57
17.4 0.888 0.00288 1.57
17.5 0.887 0.00357 1.56
17.6 0.888 0.00632 1.56
17.7 0.888 0.012 1.56
17.8 0.888 0.0197 1.56
17.9 0.889 0.029 1.55
18.0 0.89 0.0402 1.55
18.1 0.888 0.0554 1.54
18.2 0.883 0.0782 1.53
18.3 0.873 0.11 1.52
18.4 0.862 0.147 1.5
18.5 0.853 0.189 1.48
18.6 0.845 0.233 1.46
18.7 0.839 0.279 1.44
18.8 0.835 0.327 1.41
18.9 0.83 0.377 1.39
19.0 0.826 0.428 1.37
19.1 0.822 0.481 1.34
19.2 0.819 0.534 1.32
19.3 0.817 0.589 1.29
19.4 0.816 0.644 1.27
19.5 0.814 0.698 1.24
19.6 0.814 0.753 1.21
19.7 0.813 0.806 1.19
19.8 0.812 0.857 1.16
19.9 0.811 0.906 1.13
20.0 0.809 0.951 1.11
20.1 0.805 0.989 1.08
20.2 0.8 1.02 1.06
20.3 0.792 1.05 1.04
20.4 0.784 1.07 1.02
20.5 0.776 1.09 1.0
20.6 0.767 1.1 0.991
20.7 0.756 1.1 0.979
20.8 0.745 1.11 0.968
20.9 0.733 1.1 0.96
21.0 0.722 1.08 0.956
21.1 0.71 1.06 0.953
21.2 0.7 1.04 0.952
21.3 0.692 1.01 0.954
21.4 0.685 0.976 0.959
21.5 0.682 0.94 0.969
21.6 0.683 0.903 0.985
21.7 0.685 0.864 1.0
21.8 0.688 0.824 1.02
21.9 0.691 0.785 1.04
22.0 0.696 0.747 1.06
22.1 0.701 0.712 1.08
22.2 0.707 0.681 1.1
22.3 0.713 0.654 1.12
22.4 0.718 0.631 1.14
22.5 0.723 0.615 1.16
22.6 0.727 0.606 1.18
22.7 0.732 0.598 1.2
22.8 0.736 0.592 1.22
22.9 0.74 0.587 1.24
23.0 0.743 0.586 1.26
23.1 0.745 0.587 1.28
23.2 0.748 0.589 1.29
23.3 0.751 0.592 1.31
23.4 0.753 0.595 1.32
23.5 0.753 0.598 1.33
23.6 0.754 0.603 1.34
23.7 0.756 0.608 1.35
23.8 0.756 0.612 1.36
23.9 0.756 0.617 1.37
24.0 0.758 0.632 1.36
24.1 0.756 0.653 1.35
24.2 0.749 0.665 1.35
24.3 0.744 0.671 1.35
24.4 0.74 0.677 1.35
24.5 0.737 0.684 1.35
24.6 0.735 0.69 1.35
24.7 0.733 0.695 1.34
24.8 0.732 0.698 1.34
24.9 0.731 0.701 1.34
25.0 0.73 0.704 1.34
25.1 0.728 0.707 1.34
25.2 0.727 0.709 1.34
25.3 0.726 0.711 1.34
25.4 0.724 0.713 1.34
25.5 0.723 0.715 1.34
25.6 0.722 0.716 1.34
25.7 0.72 0.717 1.34
25.8 0.719 0.717 1.34
25.9 0.717 0.718 1.34
26.0 0.716 0.717 1.33
26.1 0.714 0.717 1.33
26.2 0.713 0.715 1.33
26.3 0.711 0.714 1.33
26.4 0.709 0.711 1.33
26.5 0.707 0.708 1.33
26.6 0.705 0.705 1.33
26.7 0.703 0.701 1.33
26.8 0.701 0.697 1.33
26.9 0.699 0.691 1.33
27.0 0.697 0.686 1.32
27.1 0.695 0.68 1.32
27.2 0.693 0.673 1.32
27.3 0.69 0.666 1.32
27.4 0.688 0.659 1.31
27.5 0.686 0.651 1.31
27.6 0.683 0.643 1.31
27.7 0.681 0.634 1.31
27.8 0.678 0.625 1.3
27.9 0.675 0.616 1.3
28.0 0.672 0.606 1.3
28.1 0.669 0.595 1.29
28.2 0.666 0.585 1.29
28.3 0.663 0.574 1.28
28.4 0.66 0.563 1.28
28.5 0.658 0.551 1.27
28.6 0.655 0.54 1.27
28.7 0.652 0.528 1.26
28.8 0.649 0.516 1.26
28.9 0.646 0.504 1.25
29.0 0.643 0.492 1.25
29.1 0.64 0.48 1.24
29.2 0.636 0.468 1.24
29.3 0.633 0.456 1.23
29.4 0.63 0.444 1.23
29.5 0.627 0.431 1.22
29.6 0.624 0.419 1.21
29.7 0.621 0.406 1.21
29.8 0.618 0.394 1.2
29.9 0.615 0.381 1.2
30.0 0.612 0.368 1.19
30.1 0.608 0.355 1.19
30.2 0.605 0.342 1.18
30.3 0.602 0.329 1.17
30.4 0.599 0.316 1.17
30.5 0.596 0.303 1.16
30.6 0.593 0.29 1.15
30.7 0.59 0.277 1.15
30.8 0.586 0.264 1.14
30.9 0.583 0.251 1.13
31.0 0.58 0.237 1.13
31.1 0.577 0.224 1.12
31.2 0.574 0.211 1.11
31.3 0.571 0.198 1.11
31.4 0.567 0.185 1.1
31.5 0.564 0.172 1.09
31.6 0.561 0.159 1.09
31.7 0.558 0.145 1.08
31.8 0.555 0.132 1.07
31.9 0.552 0.119 1.07
32.0 0.549 0.106 1.06
32.1 0.546 0.0928 1.05
32.2 0.542 0.0798 1.04
32.3 0.539 0.067 1.04
32.4 0.536 0.0543 1.03
32.5 0.533 0.0418 1.02
32.6 0.53 0.0294 1.01
32.7 0.527 0.0177 1.01
32.8 0.524 0.00656 0.998
32.9 0.521 -0.0042 0.99
33.0 0.519 -0.0144 0.982
33.1 0.516 -0.0241 0.975
33.2 0.513 -0.0333 0.967
33.3 0.51 -0.0416 0.959
33.4 0.508 -0.0494 0.951
33.5 0.505 -0.0565 0.943
33.6 0.502 -0.0632 0.936
33.7 0.5 -0.0696 0.928
33.8 0.497 -0.0757 0.921
33.9 0.495 -0.0815 0.913
34.0 0.492 -0.087 0.905
34.1 0.49 -0.0922 0.897
34.2 0.488 -0.0971 0.889
34.3 0.485 -0.102 0.882
34.4 0.483 -0.106 0.874
34.5 0.48 -0.11 0.866
34.6 0.478 -0.114 0.858
34.7 0.476 -0.118 0.85
34.8 0.474 -0.121 0.842
34.9 0.472 -0.125 0.834
35.0 0.469 -0.127 0.825
35.1 0.467 -0.13 0.817
35.2 0.465 -0.133 0.809
35.3 0.463 -0.135 0.801
35.4 0.461 -0.138 0.792
35.5 0.46 -0.14 0.784
35.6 0.458 -0.142 0.776
35.7 0.456 -0.144 0.768
35.8 0.455 -0.146 0.759
35.9 0.453 -0.148 0.751
36.0 0.452 -0.15 0.743
36.1 0.45 -0.152 0.734
36.2 0.449 -0.153 0.726
36.3 0.447 -0.155 0.718
36.4 0.446 -0.157 0.71
36.5 0.445 -0.158 0.702
36.6 0.444 -0.159 0.694
36.7 0.443 -0.161 0.686
36.8 0.441 -0.162 0.678
36.9 0.441 -0.163 0.671
37.0 0.44 -0.164 0.663
37.1 0.439 -0.166 0.656
37.2 0.438 -0.167 0.649
37.3 0.437 -0.168 0.641
37.4 0.437 -0.169 0.634
37.5 0.436 -0.17 0.628
37.6 0.436 -0.171 0.621
37.7 0.435 -0.172 0.615
37.8 0.435 -0.173 0.608
37.9 0.435 -0.174 0.602
38.0 0.434 -0.174 0.597
38.1 0.434 -0.175 0.591
38.2 0.434 -0.176 0.586
38.3 0.434 -0.177 0.581
38.4 0.434 -0.177 0.576
38.5 0.434 -0.178 0.572
38.6 0.434 -0.179 0.568
38.7 0.435 -0.18 0.564
38.8 0.435 -0.18 0.561
38.9 0.435 -0.181 0.558
39.0 0.436 -0.181 0.555
39.1 0.436 -0.182 0.552
39.2 0.437 -0.182 0.55
39.3 0.438 -0.183 0.548
39.4 0.438 -0.184 0.546
39.5 0.439 -0.184 0.545
39.6 0.44 -0.185 0.543
39.7 0.441 -0.185 0.542
39.8 0.442 -0.185 0.542
39.9 0.443 -0.186 0.541
40.0 0.444 -0.186 0.541
40.1 0.445 -0.187 0.54
40.2 0.446 -0.187 0.54
40.3 0.447 -0.187 0.54
40.4 0.449 -0.188 0.54
40.5 0.45 -0.188 0.54
40.6 0.451 -0.188 0.541
40.7 0.453 -0.189 0.541
40.8 0.454 -0.189 0.541
40.9 0.456 -0.189 0.542
41.0 0.458 -0.19 0.542
41.1 0.459 -0.19 0.543
41.2 0.461 -0.19 0.543
41.3 0.463 -0.19 0.543
41.4 0.465 -0.191 0.544
41.5 0.467 -0.191 0.544
41.6 0.469 -0.191 0.544
41.7 0.471 -0.191 0.545
41.8 0.473 -0.192 0.545
41.9 0.475 -0.192 0.545
42.0 0.478 -0.192 0.545
42.1 0.48 -0.193 0.546
42.2 0.483 -0.193 0.546
42.3 0.486 -0.194 0.546
42.4 0.489 -0.194 0.546
42.5 0.492 -0.195 0.546
42.6 0.495 -0.195 0.546
42.7 0.498 -0.196 0.546
42.8 0.502 -0.197 0.546
42.9 0.506 -0.198 0.546
43.0 0.51 -0.199 0.546
43.1 0.514 -0.2 0.546
43.2 0.518 -0.201 0.545
43.3 0.522 -0.202 0.545
43.4 0.527 -0.203 0.545
43.5 0.531 -0.205 0.545
43.6 0.536 -0.206 0.544
43.7 0.541 -0.207 0.544
43.8 0.545 -0.208 0.544
43.9 0.55 -0.21 0.543
44.0 0.555 -0.211 0.543
44.1 0.56 -0.212 0.542
44.2 0.565 -0.214 0.542
44.3 0.571 -0.215 0.542
44.4 0.576 -0.217 0.541
44.5 0.581 -0.218 0.541
44.6 0.587 -0.22 0.54
44.7 0.593 -0.221 0.54
44.8 0.598 -0.222 0.539
44.9 0.604 -0.224 0.539
45.0 0.61 -0.225 0.538
45.1 0.615 -0.227 0.538
45.2 0.621 -0.228 0.537
45.3 0.627 -0.23 0.537
45.4 0.633 -0.231 0.537
45.5 0.64 -0.233 0.536
45.6 0.646 -0.234 0.536
45.7 0.652 -0.236 0.535
45.8 0.66 -0.238 0.535
45.9 0.667 -0.24 0.534
46.0 0.676 -0.242 0.534
46.1 0.685 -0.244 0.533
46.2 0.695 -0.247 0.533
46.3 0.705 -0.249 0.533
46.4 0.716 -0.251 0.532
46.5 0.727 -0.254 0.532
46.6 0.74 -0.257 0.532
46.7 0.756 -0.261 0.531
46.8 0.776 -0.265 0.531
46.9 0.799 -0.271 0.531
47.0 0.825 -0.277 0.53
47.1 0.851 -0.284 0.53
47.2 0.879 -0.29 0.53
47.3 0.907 -0.297 0.529
47.4 0.936 -0.304 0.529
47.5 0.966 -0.311 0.529
47.6 0.996 -0.318 0.529
47.7 1.03 -0.325 0.528
47.8 1.06 -0.333 0.528
47.9 1.09 -0.34 0.528
48.0 1.12 -0.348 0.528
48.1 1.16 -0.356 0.528
48.2 1.19 -0.364 0.527
48.3 1.23 -0.372 0.527
48.4 1.26 -0.38 0.527
48.5 1.3 -0.389 0.527
48.6 1.33 -0.397 0.526
48.7 1.37 -0.406 0.526
48.8 1.41 -0.414 0.526
48.9 1.44 -0.423 0.526
49.0 1.48 -0.432 0.526
49.1 1.52 -0.44 0.525
49.2 1.56 -0.449 0.525
49.3 1.6 -0.458 0.525
49.4 1.63 -0.468 0.525
49.5 1.67 -0.477 0.525
49.6 1.71 -0.486 0.524
49.7 1.75 -0.495 0.524
49.8 1.8 -0.505 0.524
49.9 1.84 -0.514 0.524
