0.0 0.0
0.1 -0.0528
0.2 -73.7
0.3 -11.1
0.4 37.9
0.5 12.6
0.6 8.56
0.7 55.3
0.8 -47.9
0.9 -0.676
1.0 0.602
1.1 -1.41
1.2 1.03
1.3 -75.7
1.4 -10.3
1.5 -10.4
1.6 -9.99
1.7 11.7
1.8 44.5
1.9 -0.635
2.0 -0.641
2.1 -0.629
2.2 -0.645
2.3 -0.66
2.4 -56.1
2.5 14.3
2.6 29.0
2.7 -0.834
2.8 -0.95
2.9 -0.117
3.0 -0.478
3.1 -0.443
3.2 -0.658
3.3 -0.298
3.4 -0.862
3.5 -34.9
3.6 1.03e+02
3.7 -7.11
3.8 -50.1
3.9 -1.33
4.0 -0.745
4.1 -0.522
4.2 -0.694
4.3 -0.554
4.4 -0.648
4.5 -0.542
4.6 74.2
4.7 7.76
4.8 -50.2
4.9 -9.69
5.0 -2.37
5.1 -0.477
5.2 -0.316
5.3 -0.282
5.4 0.083
5.5 -0.795
5.6 -0.519
5.7 72.7
5.8 -19.5
5.9 -37.9
6.0 -0.56
6.1 -0.228
6.2 -0.266
6.3 -0.419
6.4 -0.146
6.5 -0.233
6.6 -0.266
6.7 -0.161
6.8 43.8
6.9 -35.0
7.0 -0.921
7.1 -0.0714
7.2 -0.643
7.3 0.778
7.4 1.58
7.5 -0.113
7.6 2.82
7.7 1.13
7.8 1.69
7.9 -2.99
8.0 -3.18
8.1 -0.692
8.2 2.74
8.3 -1.17
8.4 -0.273
8.5 3.9
8.6 3.76
8.7 6.18
8.8 9.31
8.9 10.8
9.0 14.6
9.1 -34.9
9.2 32.7
9.3 1.12
9.4 6.08
9.5 7.64
9.6 -5.67
9.7 -7.71
9.8 -4.8
9.9 -3.33
10.0 -1.02
10.1 0.801
10.2 45.6
10.3 -16.8
10.4 -13.6
10.5 -4.43
10.6 0.366
10.7 0.345
10.8 0.386
10.9 0.356
11.0 0.365
11.1 0.313
11.2 0.473
11.3 4.83
11.4 0.361
11.5 0.068
11.6 -0.48
11.7 -0.735
11.8 0.0544
11.9 0.341
12.0 0.327
12.1 0.443
12.2 -21.2
12.3 10.6
12.4 7.57
12.5 0.439
12.6 0.171
12.7 0.483
12.8 0.364
12.9 0.336
13.0 0.411
13.1 0.186
13.2 -25.3
13.3 9.98
13.4 7.19
13.5 3.46
13.6 0.477
13.7 0.277
13.8 0.306
13.9 0.26
14.0 0.251
14.1 0.291
14.2 -21.9
14.3 7.53
14.4 5.66
14.5 4.7
14.6 -0.345
14.7 0.577
14.8 0.115
14.9 0.0932
15.0 0.328
15.1 0.305
15.2 32.2
15.3 -43.9
15.4 3.84
15.5 3.96
15.6 0.952
15.7 3.64
15.8 -0.0739
15.9 0.748
16.0 -0.0322
16.1 0.128
16.2 -0.0249
16.3 -14.6
16.4 -12.7
16.5 -2.58
16.6 2.41
16.7 10.2
16.8 7.32
16.9 1.11
17.0 0.493
17.1 -0.69
17.2 0.126
17.3 0.0613
17.4 0.696
17.5 -0.025
17.6 -0.735
17.7 0.494
17.8 0.497
17.9 0.169
18.0 0.482
18.1 0.306
18.2 0.123
18.3 -0.385
18.4 0.255
18.5 0.0171
18.6 -0.0733
18.7 28.6
18.8 8.1
18.9 -0.71
19.0 0.244
19.1 -4.85
19.2 -4.15
19.3 -5.11
19.4 -1.56
19.5 0.458
19.6 0.164
19.7 0.549
19.8 32.6
19.9 -17.5
20.0 3.46
20.1 -8.4
20.2 0.856
20.3 -1.09
20.4 2.17
20.5 -1.35
20.6 0.398
20.7 0.401
20.8 0.38
20.9 0.414
21.0 11.0
21.1 17.4
21.2 3.96
21.3 5.35
21.4 -5.95
21.5 2.28
21.6 0.536
21.7 2.02
21.8 -1.47
21.9 -0.028
22.0 -0.838
22.1 -1.19
22.2 -1.07
22.3 27.4
22.4 7.1
22.5 4.94
22.6 -7.89
22.7 -0.422
22.8 -2.58
22.9 -1.44
23.0 -3.39
23.1 0.727
23.2 0.727
23.3 0.804
23.4 1.06
23.5 30.7
23.6 4.92
23.7 4.96
23.8 5.0
23.9 -47.9
24.0 -2.1
24.1 -3.37
24.2 -4.27
24.3 16.9
24.4 1.3
24.5 1.98
24.6 2.81
24.7 1.45
24.8 0.725
24.9 0.906
25.0 0.666
25.1 0.909
25.2 -74.2
25.3 -9.38
25.4 17.5
25.5 42.3
25.6 0.534
25.7 0.817
25.8 -0.00198
25.9 0.706
26.0 0.518
26.1 0.54
26.2 0.0838
26.3 0.865
26.4 -3.3
26.5 -8.79
26.6 7.73
26.7 1.35
26.8 2.12
26.9 0.767
27.0 0.778
27.1 0.493
27.2 0.535
27.3 0.519
27.4 0.487
27.5 -9.87
27.6 -3.08
27.7 5.16
27.8 2.85
27.9 2.55
28.0 0.572
28.1 0.549
28.2 0.544
28.3 0.559
28.4 0.41
28.5 0.415
28.6 -18.2
28.7 -2.98
28.8 -2.87
28.9 -2.87
29.0 -2.68
29.1 3.28
29.2 1.39
29.3 1.41
29.4 1.18
29.5 2.08
29.6 2.09
29.7 1.77
29.8 -0.137
29.9 0.115
30.0 -8.81
30.1 -1.06
30.2 -2.27
30.3 -1.48
30.4 2.0
30.5 0.973
30.6 1.2
30.7 0.409
30.8 1.02
30.9 0.679
31.0 1.31
31.1 0.229
31.2 0.144
31.3 -12.9
31.4 -3.35
31.5 -3.22
31.6 -3.17
31.7 -2.24
31.8 1.49
31.9 0.0722
32.0 0.197
32.1 0.322
32.2 0.665
32.3 1.31
32.4 2.23
32.5 0.972
32.6 -0.121
32.7 -22.5
32.8 -4.35
32.9 0.345
33.0 -0.247
33.1 0.196
33.2 0.48
33.3 1.56
33.4 2.17
33.5 2.96
33.6 1.11
33.7 -0.0629
33.8 -26.1
33.9 -4.7
34.0 1.45
34.1 1.17
34.2 1.84
34.3 2.65
34.4 2.48
34.5 2.65
34.6 0.173
34.7 -0.279
34.8 -0.299
34.9 -22.9
35.0 -3.46
35.1 1.7
35.2 1.85
35.3 2.62
35.4 2.64
35.5 2.75
35.6 -0.283
35.7 -0.56
35.8 -0.341
35.9 -0.494
36.0 -11.1
36.1 -2.09
36.2 0.146
36.3 0.535
36.4 0.294
36.5 0.786
36.6 0.266
36.7 0.73
36.8 -0.236
36.9 -0.519
37.0 -0.581
37.1 -4.19
37.2 0.131
37.3 0.223
37.4 0.0601
37.5 0.123
37.6 -0.637
37.7 -0.573
37.8 -0.432
37.9 -0.632
38.0 -0.418
38.1 -11.4
38.2 11.4
38.3 -0.437
38.4 0.581
38.5 -0.957
38.6 -0.911
38.7 -0.838
38.8 0.0627
38.9 -1.27
39.0 -0.712
39.1 -0.564
39.2 -0.444
39.3 -41.9
39.4 -18.3
39.5 14.7
39.6 26.1
39.7 -1.06
39.8 -0.484
39.9 -0.273
40.0 -0.711
40.1 -0.918
40.2 1.21
40.3 4.42
40.4 -81.2
40.5 -10.8
40.6 1.33
40.7 53.1
40.8 -0.644
40.9 -1.13
41.0 -0.941
41.1 -0.92
41.2 -1.07
41.3 -0.987
41.4 -0.891
41.5 -75.3
41.6 1.98
41.7 51.8
41.8 -1.11
41.9 -1.12
42.0 -0.986
42.1 -1.25
42.2 -1.54
42.3 -0.856
42.4 -1.07
42.5 -1.17
42.6 11.1
42.7 1.48
42.8 -12.6
42.9 -1.1
43.0 -1.01
43.1 -1.06
43.2 -1.21
43.3 -1.1
43.4 -1.1
43.5 -1.21
43.6 -1.06
43.7 12.2
43.8 11.4
43.9 -3.08
44.0 -18.1
44.1 -0.567
44.2 -0.352
44.3 -1.87
44.4 -1.11
44.5 -0.56
44.6 -1.39
44.7 -0.993
44.8 -1.14
44.9 17.9
45.0 -8.71
45.1 -8.27
45.2 -1.11
45.3 -1.08
45.4 -0.995
45.5 -0.981
45.6 -0.976
45.7 -0.976
45.8 -0.93
45.9 -0.969
46.0 1.64
46.1 -0.417
46.2 -0.559
46.3 -3.26
46.4 -1.03
46.5 -0.95
46.6 -0.895
46.7 -0.565
46.8 -0.527
46.9 -0.172
47.0 -0.43
47.1 9.14
47.2 2.43
47.3 -9.63
47.4 -1.6
47.5 -1.03
47.6 -0.686
47.7 -0.646
47.8 -0.597
47.9 -1.12
48.0 -1.45
48.1 -1.47
48.2 25.0
48.3 3.65
48.4 -19.5
48.5 -1.37
48.6 -1.47
48.7 -1.34
48.8 -1.59
48.9 -1.3
49.0 -0.914
49.1 -0.799
49.2 -0.907
49.3 40.8
49.4 3.15
49.5 -29.7
49.6 -4.35
49.7 -1.36
49.8 -0.872
49.9 -0.942
