0.0 0.5 0.5 0.5
0.1 0.5 0.5 0.5
0.2 0.501 0.5 0.5
0.3 0.502 0.5 0.5
0.4 0.504 0.5 0.5
0.5 0.506 0.5 0.5
0.6 0.509 0.5 0.5
0.7 0.512 0.5 0.5
0.8 0.516 0.5 0.5
0.9 0.52 0.5 0.5
1.0 0.526 0.5 0.5
1.1 0.532 0.5 0.5
1.2 0.538 0.5 0.5
1.3 0.546 0.5 0.5
1.4 0.554 0.5 0.5
1.5 0.562 0.5 0.5
1.6 0.572 0.5 0.5
1.7 0.582 0.5 0.499
1.8 0.593 0.5 0.499
1.9 0.605 0.5 0.499
2.0 0.618 0.5 0.499
2.1 0.631 0.5 0.499
2.2 0.645 0.5 0.499
2.3 0.66 0.5 0.499
2.4 0.675 0.5 0.499
2.5 0.692 0.5 0.499
2.6 0.708 0.5 0.499
2.7 0.726 0.501 0.499
2.8 0.744 0.501 0.499
2.9 0.762 0.501 0.499
3.0 0.781 0.501 0.499
3.1 0.801 0.501 0.499
3.2 0.821 0.501 0.498
3.3 0.841 0.501 0.498
3.4 0.862 0.501 0.498
3.5 0.884 0.501 0.498
3.6 0.905 0.501 0.498
3.7 0.928 0.501 0.498
3.8 0.95 0.501 0.498
3.9 0.974 0.501 0.498
4.0 0.997 0.501 0.498
4.1 1.02 0.502 0.498
4.2 1.05 0.502 0.497
4.3 1.07 0.502 0.497
4.4 1.09 0.502 0.497
4.5 1.12 0.502 0.497
4.6 1.15 0.502 0.497
4.7 1.17 0.502 0.497
4.8 1.2 0.503 0.497
4.9 1.23 0.503 0.496
5.0 1.25 0.503 0.496
5.1 1.28 0.503 0.496
5.2 1.31 0.503 0.496
5.3 1.34 0.504 0.496
5.4 1.36 0.504 0.496
5.5 1.39 0.504 0.495
5.6 1.42 0.505 0.495
5.7 1.45 0.505 0.495
5.8 1.48 0.506 0.495
5.9 1.51 0.506 0.495
6.0 1.54 0.507 0.494
6.1 1.57 0.508 0.494
6.2 1.6 0.508 0.494
6.3 1.63 0.509 0.494
6.4 1.67 0.51 0.494
6.5 1.7 0.51 0.493
6.6 1.73 0.511 0.493
6.7 1.76 0.512 0.493
6.8 1.8 0.513 0.492
6.9 1.83 0.517 0.492
7.0 1.86 0.522 0.492
7.1 1.89 0.528 0.492
7.2 1.91 0.537 0.491
7.3 1.94 0.547 0.491
7.4 1.96 0.559 0.491
7.5 1.99 0.573 0.49
7.6 2.01 0.588 0.49
7.7 2.03 0.605 0.49
7.8 2.04 0.624 0.489
7.9 2.06 0.645 0.489
8.0 2.08 0.667 0.488
8.1 2.09 0.691 0.488
8.2 2.1 0.717 0.488
8.3 2.11 0.745 0.487
8.4 2.12 0.774 0.487
8.5 2.13 0.805 0.486
8.6 2.14 0.838 0.486
8.7 2.14 0.872 0.485
8.8 2.14 0.908 0.485
8.9 2.15 0.945 0.485
9.0 2.15 0.984 0.484
9.1 2.14 1.02 0.484
9.2 2.14 1.07 0.483
9.3 2.14 1.11 0.483
9.4 2.13 1.16 0.482
9.5 2.12 1.2 0.482
9.6 2.11 1.25 0.482
9.7 2.1 1.3 0.482
9.8 2.09 1.35 0.481
9.9 2.08 1.41 0.481
10.0 2.06 1.46 0.481
10.1 2.05 1.52 0.481
10.2 2.03 1.58 0.481
10.3 2.01 1.64 0.481
10.4 1.99 1.7 0.481
10.5 1.96 1.76 0.481
10.6 1.94 1.82 0.482
10.7 1.92 1.89 0.482
10.8 1.89 1.95 0.483
10.9 1.87 2.02 0.483
11.0 1.85 2.08 0.485
11.1 1.83 2.14 0.488
11.2 1.81 2.2 0.491
11.3 1.79 2.26 0.496
11.4 1.77 2.32 0.503
11.5 1.75 2.37 0.511
11.6 1.74 2.42 0.52
11.7 1.72 2.47 0.531
11.8 1.7 2.52 0.543
11.9 1.69 2.56 0.558
12.0 1.68 2.6 0.574
12.1 1.66 2.64 0.59
12.2 1.65 2.67 0.608
12.3 1.63 2.7 0.63
12.4 1.62 2.72 0.657
12.5 1.61 2.73 0.689
12.6 1.62 2.73 0.725
12.7 1.63 2.72 0.766
12.8 1.64 2.71 0.808
12.9 1.65 2.7 0.851
13.0 1.66 2.69 0.896
13.1 1.67 2.67 0.942
13.2 1.69 2.65 0.989
13.3 1.7 2.63 1.04
13.4 1.72 2.61 1.09
13.5 1.74 2.59 1.14
13.6 1.75 2.57 1.19
13.7 1.77 2.54 1.24
13.8 1.79 2.51 1.29
13.9 1.81 2.48 1.35
14.0 1.82 2.45 1.4
14.1 1.84 2.42 1.46
14.2 1.86 2.39 1.51
14.3 1.88 2.36 1.57
14.4 1.89 2.33 1.63
14.5 1.91 2.3 1.68
14.6 1.93 2.27 1.74
14.7 1.95 2.23 1.79
14.8 1.96 2.2 1.85
14.9 1.96 2.17 1.91
15.0 1.94 2.13 1.96
15.1 1.92 2.1 2.02
15.2 1.9 2.07 2.08
15.3 1.89 2.04 2.12
15.4 1.88 2.04 2.15
15.5 1.84 2.04 2.18
15.6 1.8 2.05 2.21
15.7 1.76 2.06 2.24
15.8 1.73 2.07 2.27
15.9 1.71 2.08 2.3
16.0 1.71 2.09 2.32
16.1 1.71 2.11 2.35
16.2 1.73 2.12 2.37
16.3 1.76 2.14 2.4
16.4 1.79 2.15 2.42
16.5 1.82 2.17 2.44
16.6 1.85 2.19 2.46
16.7 1.88 2.21 2.49
16.8 1.92 2.22 2.51
16.9 1.98 2.23 2.53
17.0 2.05 2.23 2.55
17.1 2.11 2.23 2.57
17.2 2.17 2.23 2.58
17.3 2.21 2.25 2.59
17.4 2.25 2.28 2.59
17.5 2.28 2.32 2.59
17.6 2.29 2.38 2.59
17.7 2.3 2.47 2.59
17.8 2.31 2.55 2.59
17.9 2.33 2.63 2.59
18.0 2.34 2.71 2.58
18.1 2.36 2.78 2.58
18.2 2.38 2.83 2.59
18.3 2.4 2.86 2.6
18.4 2.43 2.87 2.61
18.5 2.45 2.87 2.62
18.6 2.47 2.86 2.63
18.7 2.49 2.86 2.64
18.8 2.51 2.85 2.65
18.9 2.53 2.85 2.65
19.0 2.55 2.84 2.66
19.1 2.56 2.83 2.67
19.2 2.58 2.82 2.68
19.3 2.59 2.81 2.69
19.4 2.6 2.8 2.7
19.5 2.61 2.79 2.71
19.6 2.61 2.78 2.71
19.7 2.62 2.78 2.72
19.8 2.62 2.77 2.73
19.9 2.63 2.77 2.74
20.0 2.63 2.77 2.74
20.1 2.64 2.76 2.74
20.2 2.64 2.76 2.75
20.3 2.65 2.75 2.75
20.4 2.66 2.74 2.75
20.5 2.67 2.73 2.75
20.6 2.68 2.72 2.76
20.7 2.69 2.71 2.76
20.8 2.69 2.71 2.76
20.9 2.7 2.7 2.76
21.0 2.7 2.69 2.76
21.1 2.7 2.68 2.76
21.2 2.7 2.67 2.76
21.3 2.7 2.67 2.75
21.4 2.7 2.66 2.75
21.5 2.7 2.66 2.75
21.6 2.69 2.66 2.74
21.7 2.69 2.66 2.74
21.8 2.69 2.66 2.73
21.9 2.68 2.66 2.73
22.0 2.68 2.66 2.72
22.1 2.67 2.66 2.72
22.2 2.66 2.66 2.71
22.3 2.66 2.66 2.71
22.4 2.65 2.67 2.7
22.5 2.65 2.67 2.69
22.6 2.64 2.67 2.69
22.7 2.64 2.67 2.68
22.8 2.63 2.67 2.67
22.9 2.63 2.67 2.67
23.0 2.62 2.67 2.66
23.1 2.61 2.66 2.66
23.2 2.61 2.66 2.65
23.3 2.6 2.66 2.65
23.4 2.6 2.66 2.64
23.5 2.6 2.65 2.64
23.6 2.6 2.65 2.64
23.7 2.6 2.65 2.64
23.8 2.6 2.64 2.63
23.9 2.6 2.64 2.63
24.0 2.6 2.64 2.63
24.1 2.61 2.63 2.63
24.2 2.61 2.63 2.64
24.3 2.61 2.62 2.64
24.4 2.61 2.62 2.64
24.5 2.61 2.62 2.64
24.6 2.61 2.62 2.64
24.7 2.61 2.62 2.64
24.8 2.61 2.62 2.64
24.9 2.6 2.62 2.64
25.0 2.6 2.62 2.64
25.1 2.6 2.62 2.64
25.2 2.6 2.62 2.64
25.3 2.6 2.62 2.64
25.4 2.6 2.62 2.64
25.5 2.6 2.62 2.64
25.6 2.6 2.62 2.64
25.7 2.6 2.62 2.64
25.8 2.6 2.62 2.64
25.9 2.6 2.63 2.64
26.0 2.6 2.63 2.64
26.1 2.6 2.63 2.64
26.2 2.6 2.63 2.64
26.3 2.6 2.63 2.64
26.4 2.6 2.63 2.64
26.5 2.6 2.63 2.64
26.6 2.6 2.63 2.65
26.7 2.6 2.64 2.65
26.8 2.6 2.64 2.65
26.9 2.6 2.64 2.65
27.0 2.6 2.64 2.65
27.1 2.6 2.64 2.65
27.2 2.6 2.64 2.65
27.3 2.6 2.65 2.65
27.4 2.61 2.65 2.65
27.5 2.61 2.65 2.65
27.6 2.61 2.65 2.65
27.7 2.61 2.65 2.65
27.8 2.61 2.66 2.66
27.9 2.61 2.66 2.66
28.0 2.62 2.66 2.66
28.1 2.62 2.66 2.66
28.2 2.62 2.66 2.66
28.3 2.62 2.67 2.66
28.4 2.63 2.67 2.66
28.5 2.63 2.67 2.67
28.6 2.63 2.67 2.67
28.7 2.62 2.68 2.67
28.8 2.62 2.68 2.67
28.9 2.6 2.68 2.67
29.0 2.59 2.68 2.67
29.1 2.57 2.69 2.68
29.2 2.54 2.69 2.68
29.3 2.51 2.7 2.68
29.4 2.48 2.7 2.68
29.5 2.45 2.7 2.68
29.6 2.42 2.71 2.68
29.7 2.39 2.71 2.69
29.8 2.36 2.71 2.69
29.9 2.33 2.72 2.69
30.0 2.29 2.72 2.69
30.1 2.26 2.72 2.69
30.2 2.23 2.73 2.69
30.3 2.2 2.73 2.7
30.4 2.17 2.73 2.7
30.5 2.14 2.74 2.7
30.6 2.12 2.74 2.7
30.7 2.09 2.74 2.7
30.8 2.07 2.75 2.7
30.9 2.04 2.75 2.71
31.0 2.02 2.75 2.71
31.1 2.0 2.76 2.71
31.2 1.98 2.76 2.71
31.3 1.96 2.76 2.71
31.4 1.95 2.77 2.71
31.5 1.93 2.77 2.72
31.6 1.91 2.77 2.72
31.7 1.9 2.77 2.72
31.8 1.88 2.78 2.72
31.9 1.87 2.78 2.72
32.0 1.86 2.78 2.72
32.1 1.85 2.79 2.73
32.2 1.84 2.79 2.73
32.3 1.83 2.79 2.73
32.4 1.82 2.79 2.73
32.5 1.82 2.8 2.73
32.6 1.81 2.8 2.74
32.7 1.81 2.8 2.74
32.8 1.8 2.8 2.74
32.9 1.8 2.8 2.74
33.0 1.79 2.8 2.74
33.1 1.79 2.8 2.74
33.2 1.79 2.8 2.75
33.3 1.79 2.8 2.75
33.4 1.8 2.8 2.75
33.5 1.79 2.8 2.75
33.6 1.78 2.8 2.75
33.7 1.76 2.8 2.75
33.8 1.73 2.8 2.75
33.9 1.68 2.8 2.76
34.0 1.63 2.8 2.76
34.1 1.58 2.8 2.76
34.2 1.55 2.8 2.76
34.3 1.54 2.8 2.76
34.4 1.53 2.8 2.76
34.5 1.53 2.79 2.76
34.6 1.54 2.79 2.76
34.7 1.54 2.79 2.77
34.8 1.55 2.79 2.77
34.9 1.55 2.78 2.77
35.0 1.55 2.78 2.77
35.1 1.55 2.77 2.77
35.2 1.55 2.77 2.77
35.3 1.55 2.76 2.77
35.4 1.54 2.76 2.78
35.5 1.53 2.75 2.78
35.6 1.53 2.75 2.78
35.7 1.52 2.74 2.78
35.8 1.51 2.74 2.78
35.9 1.5 2.73 2.78
36.0 1.49 2.73 2.78
36.1 1.49 2.72 2.78
36.2 1.48 2.71 2.78
36.3 1.47 2.71 2.78
36.4 1.46 2.7 2.79
36.5 1.46 2.7 2.79
36.6 1.45 2.69 2.79
36.7 1.45 2.68 2.79
36.8 1.44 2.68 2.79
36.9 1.44 2.67 2.79
37.0 1.44 2.66 2.79
37.1 1.44 2.65 2.79
37.2 1.44 2.65 2.79
37.3 1.44 2.64 2.79
37.4 1.44 2.63 2.79
37.5 1.44 2.63 2.79
37.6 1.45 2.62 2.79
37.7 1.45 2.61 2.79
37.8 1.46 2.6 2.79
37.9 1.46 2.59 2.79
38.0 1.47 2.59 2.8
38.1 1.47 2.58 2.8
38.2 1.48 2.57 2.8
38.3 1.49 2.56 2.8
38.4 1.49 2.54 2.8
38.5 1.5 2.53 2.8
38.6 1.51 2.52 2.8
38.7 1.51 2.51 2.8
38.8 1.52 2.49 2.8
38.9 1.53 2.48 2.8
39.0 1.53 2.46 2.8
39.1 1.54 2.44 2.8
39.2 1.54 2.43 2.8
39.3 1.54 2.41 2.8
39.4 1.55 2.39 2.8
39.5 1.55 2.37 2.8
39.6 1.55 2.35 2.8
39.7 1.55 2.32 2.8
39.8 1.55 2.3 2.8
39.9 1.55 2.28 2.8
40.0 1.55 2.25 2.8
40.1 1.55 2.23 2.8
40.2 1.55 2.2 2.8
40.3 1.55 2.17 2.8
40.4 1.54 2.15 2.8
40.5 1.54 2.12 2.8
40.6 1.53 2.09 2.8
40.7 1.52 2.06 2.8
40.8 1.52 2.02 2.8
40.9 1.51 1.99 2.8
41.0 1.5 1.96 2.8
41.1 1.49 1.92 2.8
41.2 1.48 1.89 2.8
41.3 1.47 1.85 2.8
41.4 1.45 1.81 2.8
41.5 1.44 1.77 2.79
41.6 1.43 1.74 2.79
41.7 1.41 1.7 2.79
41.8 1.4 1.66 2.79
41.9 1.39 1.62 2.79
42.0 1.38 1.58 2.79
42.1 1.36 1.54 2.79
42.2 1.36 1.51 2.79
42.3 1.35 1.47 2.79
42.4 1.34 1.43 2.79
42.5 1.33 1.4 2.79
42.6 1.32 1.36 2.79
42.7 1.31 1.33 2.79
42.8 1.31 1.29 2.78
42.9 1.3 1.26 2.78
43.0 1.3 1.23 2.78
43.1 1.29 1.2 2.78
43.2 1.29 1.16 2.78
43.3 1.28 1.13 2.77
43.4 1.28 1.1 2.77
43.5 1.27 1.07 2.77
43.6 1.27 1.04 2.77
43.7 1.26 1.01 2.76
43.8 1.26 0.976 2.76
43.9 1.25 0.945 2.76
44.0 1.25 0.914 2.76
44.1 1.25 0.883 2.75
44.2 1.24 0.853 2.75
44.3 1.24 0.822 2.75
44.4 1.23 0.792 2.75
44.5 1.23 0.762 2.74
44.6 1.23 0.731 2.74
44.7 1.22 0.701 2.74
44.8 1.22 0.67 2.73
44.9 1.21 0.64 2.73
45.0 1.21 0.609 2.73
45.1 1.2 0.579 2.72
45.2 1.2 0.548 2.72
45.3 1.19 0.517 2.72
45.4 1.19 0.486 2.72
45.5 1.18 0.455 2.71
45.6 1.18 0.424 2.71
45.7 1.17 0.394 2.71
45.8 1.17 0.365 2.7
45.9 1.16 0.337 2.7
46.0 1.16 0.309 2.69
46.1 1.15 0.283 2.69
46.2 1.15 0.258 2.68
46.3 1.14 0.234 2.67
46.4 1.14 0.21 2.67
46.5 1.14 0.188 2.66
46.6 1.14 0.169 2.65
46.7 1.14 0.159 2.64
46.8 1.14 0.155 2.62
46.9 1.15 0.161 2.6
47.0 1.16 0.173 2.58
47.1 1.17 0.188 2.56
47.2 1.18 0.204 2.53
47.3 1.19 0.223 2.51
47.4 1.2 0.243 2.49
47.5 1.21 0.264 2.46
47.6 1.22 0.287 2.44
47.7 1.22 0.311 2.41
47.8 1.23 0.336 2.39
47.9 1.24 0.361 2.36
48.0 1.25 0.388 2.33
48.1 1.26 0.415 2.3
48.2 1.27 0.443 2.28
48.3 1.28 0.472 2.25
48.4 1.29 0.501 2.22
48.5 1.3 0.531 2.19
48.6 1.31 0.562 2.16
48.7 1.32 0.593 2.14
48.8 1.33 0.624 2.11
48.9 1.33 0.657 2.08
49.0 1.34 0.689 2.05
49.1 1.35 0.722 2.02
49.2 1.36 0.756 1.99
49.3 1.36 0.789 1.96
49.4 1.37 0.824 1.93
49.5 1.37 0.858 1.9
49.6 1.38 0.893 1.88
49.7 1.38 0.929 1.85
49.8 1.39 0.964 1.82
49.9 1.39 1.0 1.79
