0.0 3.73e-06 3.34e-21 0.000951 0.000951
0.1 7.18e-06 -2.39e-19 0.00181 0.00181
0.2 3.18e-05 -2.26e-11 0.0026 0.0026
0.3 3.59e-05 -2.41e-11 0.00331 0.00331
0.4 5.86e-05 -2.55e-11 0.00397 0.00397
0.5 6.33e-05 -2.68e-11 0.00457 0.00457
0.6 8.27e-05 -2.81e-11 0.00513 0.00513
0.7 8.77e-05 -2.93e-11 0.00563 0.00563
0.8 0.000104 -3.04e-11 0.00609 0.00609
0.9 0.000109 -3.15e-11 0.00651 0.00651
1.0 0.000122 -3.26e-11 0.0069 0.0069
1.1 0.000127 -3.36e-11 0.00724 0.00724
1.2 0.000138 -3.45e-11 0.00756 0.00756
1.3 0.000143 -3.55e-11 0.00784 0.00784
1.4 0.000154 -3.63e-11 0.0081 0.0081
1.5 0.000159 -3.72e-11 0.00833 0.00833
1.6 0.000169 -3.8e-11 0.00854 0.00854
1.7 0.00018 -3.88e-11 0.00872 0.00872
1.8 0.000185 -3.96e-11 0.00888 0.00888
1.9 0.000196 -4.03e-11 0.00902 0.00902
2.0 0.000209 -4.1e-11 0.00915 0.00915
2.1 0.000222 -4.17e-11 0.00926 0.00926
2.2 0.000237 -4.24e-11 0.00936 0.00936
2.3 0.000253 -6.57e-11 0.00944 0.00944
2.4 0.00027 -6.78e-11 0.00951 0.00952
2.5 0.000288 -6.98e-11 0.00957 0.00958
2.6 0.000308 -7.18e-11 0.00962 0.00963
2.7 0.000329 -7.36e-11 0.00967 0.00967
2.8 0.000351 -7.54e-11 0.0097 0.00971
2.9 0.000375 -7.71e-11 0.00973 0.00974
3.0 0.0004 -7.88e-11 0.00975 0.00976
3.1 0.000427 -8.04e-11 0.00977 0.00978
3.2 0.000454 -8.19e-11 0.00978 0.00979
3.3 0.000482 -1.29e-10 0.0098 0.00981
3.4 0.000511 -1.33e-10 0.00981 0.00982
3.5 0.000541 -1.37e-10 0.00982 0.00984
3.6 0.000571 -1.41e-10 0.00985 0.00987
3.7 0.000601 -1.45e-10 0.00988 0.00989
3.8 0.000632 -1.49e-10 0.0099 0.00992
3.9 0.000662 -1.52e-10 0.00993 0.00995
4.0 0.000693 -2.46e-10 0.00996 0.00999
4.1 0.000724 -3.46e-10 0.00999 0.01
4.2 0.000755 -3.61e-10 0.01 0.01
4.3 0.000787 -3.75e-10 0.0101 0.0101
4.4 0.000818 -3.88e-10 0.0101 0.0101
4.5 0.000849 -4.01e-10 0.0101 0.0101
4.6 0.000881 -4.13e-10 0.0101 0.0102
4.7 0.000913 -4.25e-10 0.0102 0.0102
4.8 0.000945 -4.36e-10 0.0102 0.0102
4.9 0.000998 -4.47e-10 0.0102 0.0103
5.0 0.00103 -4.57e-10 0.0103 0.0103
5.1 0.00107 -4.67e-10 0.0103 0.0103
5.2 0.00113 -4.77e-10 0.0103 0.0104
5.3 0.00119 -4.86e-10 0.0104 0.0104
5.4 0.00126 -4.95e-10 0.0104 0.0105
5.5 0.00134 -5.04e-10 0.0105 0.0106
5.6 0.00142 -1.32e-09 0.0106 0.0107
5.7 0.0015 -1.38e-09 0.0106 0.0107
5.8 0.00161 -1.44e-09 0.0107 0.0108
5.9 0.00166 -1.5e-09 0.0108 0.0109
6.0 0.00177 -1.55e-09 0.0108 0.011
6.1 0.00181 -1.6e-09 0.0109 0.011
6.2 0.00191 -1.65e-09 0.0109 0.0111
6.3 0.00195 -1.69e-09 0.011 0.0111
6.4 0.00207 -1.74e-09 0.011 0.0112
6.5 0.00211 -1.78e-09 0.0111 0.0113
6.6 0.00215 -1.82e-09 0.0111 0.0113
6.7 0.00221 -1.86e-09 0.0111 0.0114
6.8 0.00226 -1.9e-09 0.0112 0.0114
6.9 0.00251 -1.94e-09 0.0114 0.0116
7.0 0.00257 -1.97e-09 0.0114 0.0117
7.1 0.00266 -2.01e-09 0.0115 0.0118
7.2 0.00277 -2.04e-09 0.0115 0.0119
7.3 0.00289 -2.07e-09 0.0116 0.012
7.4 0.003 -2.1e-09 0.0117 0.0121
7.5 0.00309 -2.13e-09 0.0118 0.0122
7.6 0.00317 -2.17e-09 0.0118 0.0123
7.7 0.00325 -2.19e-09 0.0119 0.0123
7.8 0.00332 -2.22e-09 0.012 0.0124
7.9 0.0034 -2.25e-09 0.012 0.0125
8.0 0.00348 -2.28e-09 0.0121 0.0126
8.1 0.00355 -2.31e-09 0.0121 0.0126
8.2 0.00362 -2.33e-09 0.0122 0.0127
8.3 0.00369 -2.36e-09 0.0123 0.0128
8.4 0.00375 -2.38e-09 0.0123 0.0129
8.5 0.00382 -2.41e-09 0.0124 0.0129
8.6 0.00388 -2.43e-09 0.0124 0.013
8.7 0.00393 -2.46e-09 0.0125 0.0131
8.8 0.00395 -2.48e-09 0.0125 0.0132
8.9 0.00397 -2.51e-09 0.0126 0.0132
9.0 0.00399 -2.53e-09 0.0127 0.0133
9.1 0.00398 -2.55e-09 0.0127 0.0133
9.2 0.00397 -2.58e-09 0.0128 0.0134
9.3 0.00395 -2.6e-09 0.0128 0.0134
9.4 0.00315 -2.62e-09 0.0133 0.0137
9.5 0.00309 -2.65e-09 0.0134 0.0137
9.6 0.00218 -2.67e-09 0.0138 0.014
9.7 0.00163 -2.69e-09 0.0141 0.0142
9.8 0.00123 -2.71e-09 0.0143 0.0143
9.9 0.000758 -2.73e-09 0.0145 0.0145
10.0 0.000344 -2.76e-09 0.0147 0.0147
10.1 -0.000255 -2.78e-09 0.0149 0.0149
10.2 -0.000728 -2.8e-09 0.0151 0.0151
10.3 -0.00142 -2.82e-09 0.0154 0.0155
10.4 -0.00192 -2.84e-09 0.0156 0.0157
10.5 -0.0028 -2.86e-09 0.0159 0.0162
10.6 -0.00342 -3.28e-09 0.0162 0.0165
10.7 -0.00487 -3.32e-09 0.0167 0.0174
10.8 -0.00539 -3.37e-09 0.0169 0.0177
10.9 -0.0119 -3.41e-09 0.0185 0.022
11.0 -0.0229 -3.46e-09 0.021 0.0311
11.1 -0.0296 -3.5e-09 0.0226 0.0372
11.2 -0.0464 -3.54e-09 0.0263 0.0533
11.3 -0.0563 -3.58e-09 0.0285 0.0631
11.4 -0.0756 -3.62e-09 0.0327 0.0824
11.5 -0.0853 -3.65e-09 0.0349 0.0922
11.6 -0.1 -3.69e-09 0.0381 0.107
11.7 -0.109 -3.73e-09 0.0401 0.117
11.8 -0.145 -3.76e-09 0.0477 0.153
11.9 -0.152 -3.8e-09 0.0491 0.16
12.0 -0.158 -3.83e-09 0.0504 0.166
12.1 -0.17 -3.83e-09 0.0529 0.178
12.2 -0.187 -1.29e-09 0.056 0.195
12.3 -0.246 1.27e-08 0.0658 0.255
12.4 -0.298 3.95e-08 0.074 0.307
12.5 -0.34 7.09e-08 0.0806 0.349
12.6 -0.397 1.49e-07 0.0893 0.407
12.7 -0.412 1.61e-07 0.0919 0.422
12.8 -0.427 1.73e-07 0.0942 0.437
12.9 -0.441 1.87e-07 0.0964 0.451
13.0 -0.454 2.02e-07 0.0984 0.464
13.1 -0.466 2.17e-07 0.1 0.477
13.2 -0.478 2.33e-07 0.102 0.489
13.3 -0.489 2.5e-07 0.104 0.5
13.4 -0.5 2.67e-07 0.105 0.511
13.5 -0.51 2.84e-07 0.107 0.521
13.6 -0.519 3.01e-07 0.108 0.531
13.7 -0.529 3.19e-07 0.11 0.54
13.8 -0.538 3.37e-07 0.111 0.549
13.9 -0.547 3.54e-07 0.112 0.558
14.0 -0.554 3.71e-07 0.113 0.566
14.1 -0.56 3.88e-07 0.114 0.571
14.2 -0.567 4.04e-07 0.114 0.578
14.3 -0.556 1.51e-06 0.112 0.567
14.4 -0.56 1.59e-06 0.112 0.571
14.5 -0.565 1.67e-06 0.112 0.576
14.6 -0.554 1.75e-06 0.109 0.565
14.7 -0.558 1.83e-06 0.11 0.569
14.8 -0.562 1.9e-06 0.11 0.573
14.9 -0.566 1.97e-06 0.11 0.576
15.0 -0.569 2.03e-06 0.11 0.58
15.1 -0.57 2.1e-06 0.11 0.58
15.2 -0.574 2.17e-06 0.11 0.584
15.3 -0.325 1.02e-06 0.0647 0.332
15.4 -0.314 -0.000589 0.0613 0.32
15.5 -0.304 -0.000595 0.0586 0.309
15.6 -0.294 -0.000572 0.0559 0.299
15.7 -0.285 -0.000482 0.0532 0.29
15.8 -0.276 -0.000482 0.0513 0.281
15.9 -0.269 -0.000467 0.0495 0.273
16.0 -0.261 -0.000446 0.0479 0.266
16.1 -0.254 -0.000394 0.0464 0.259
16.2 -0.248 -0.000286 0.045 0.252
16.3 -0.242 -0.000216 0.0438 0.246
16.4 -0.237 0.000111 0.0425 0.241
16.5 -0.232 0.000258 0.0414 0.235
16.6 -0.227 0.000427 0.0404 0.231
16.7 -0.223 0.00178 0.0388 0.226
16.8 -0.218 0.00227 0.0378 0.222
16.9 -0.214 0.00386 0.0364 0.218
17.0 -0.211 0.00428 0.0356 0.214
17.1 -0.186 0.00525 0.03 0.189
17.2 -0.112 0.00563 0.0141 0.113
17.3 -0.0542 0.00604 0.00177 0.0545
17.4 -0.0129 0.0067 -0.00719 0.0162
17.5 0.00226 0.00707 -0.0105 0.0128
17.6 0.00155 0.0475 -0.0234 0.053
17.7 0.00317 0.0657 -0.0314 0.0729
17.8 0.00563 0.0877 -0.0411 0.097
17.9 0.00886 0.0985 -0.046 0.109
18.0 0.00342 0.126 -0.057 0.139
18.1 -0.027 0.176 -0.0764 0.194
18.2 -0.0916 0.279 -0.122 0.318
18.3 -0.107 0.347 -0.158 0.395
18.4 -0.103 0.405 -0.192 0.46
18.5 -0.0765 0.428 -0.2 0.479
18.6 -0.0802 0.452 -0.212 0.506
18.7 -0.0461 0.472 -0.22 0.523
18.8 -0.045 0.489 -0.227 0.541
18.9 -0.0434 0.506 -0.234 0.56
19.0 -0.0373 0.521 -0.242 0.575
19.1 -0.0367 0.533 -0.248 0.589
19.2 -0.0257 0.537 -0.252 0.594
19.3 -0.0185 0.548 -0.258 0.606
19.4 -0.0117 0.55 -0.264 0.61
19.5 -0.00999 0.543 -0.267 0.605
19.6 -0.00454 0.543 -0.271 0.607
19.7 -0.00825 0.518 -0.269 0.584
19.8 -0.00782 0.507 -0.27 0.575
19.9 -0.0142 0.476 -0.265 0.545
20.0 -0.0274 0.421 -0.254 0.493
20.1 -0.0498 0.339 -0.233 0.414
20.2 -0.0641 0.324 -0.228 0.402
20.3 -0.0769 0.287 -0.217 0.368
20.4 -0.084 0.137 -0.147 0.217
20.5 -0.089 0.111 -0.14 0.2
20.6 -0.0951 0.0887 -0.132 0.186
20.7 -0.111 0.0567 -0.118 0.171
20.8 -0.114 0.0167 -0.1 0.153
20.9 -0.117 -0.144 -0.0484 0.192
21.0 -0.117 -0.179 -0.0381 0.217
21.1 -0.11 -0.209 -0.0242 0.237
21.2 -0.094 -0.293 0.0118 0.308
21.3 -0.0789 -0.319 0.029 0.33
21.4 -0.0544 -0.343 0.0602 0.353
21.5 0.00114 -0.367 0.148 0.395
21.6 0.0141 -0.385 0.163 0.418
21.7 0.0232 -0.397 0.176 0.435
21.8 0.0326 -0.398 0.186 0.441
21.9 0.0421 -0.388 0.194 0.436
22.0 0.0498 -0.361 0.201 0.416
22.1 0.0555 -0.332 0.206 0.395
22.2 0.0592 -0.306 0.21 0.375
22.3 0.0534 -0.236 0.207 0.318
22.4 0.0563 -0.222 0.211 0.311
22.5 0.0422 -0.0975 0.206 0.232
22.6 0.0433 -0.0836 0.209 0.229
22.7 0.0421 -0.0693 0.205 0.221
22.8 0.0385 -0.052 0.198 0.208
22.9 0.0401 -0.0417 0.196 0.204
23.0 0.0234 0.0104 0.168 0.17
23.1 0.027 0.0174 0.164 0.168
23.2 0.0295 0.0215 0.157 0.162
23.3 0.0238 0.0267 0.141 0.145
23.4 0.0116 0.0315 0.116 0.121
23.5 0.0067 0.0431 0.1 0.109
23.6 0.0121 0.0474 0.0958 0.108
23.7 0.0161 0.0499 0.091 0.105
23.8 -0.00461 0.0427 0.06 0.0738
23.9 -0.00348 0.0458 0.0542 0.071
24.0 0.0388 0.257 -0.123 0.287
24.1 -0.0716 0.167 -0.0372 0.185
24.2 -0.0605 0.0655 -0.00802 0.0896
24.3 -0.0467 0.0631 -0.0123 0.0795
24.4 -0.0347 0.0635 -0.0159 0.0741
24.5 -0.0266 0.0635 -0.0181 0.0711
24.6 -0.0212 0.0622 -0.0188 0.0684
24.7 -0.0107 0.0335 -0.00941 0.0364
24.8 -0.0104 0.0315 -0.00973 0.0346
24.9 -0.0112 0.03 -0.00942 0.0334
25.0 -0.0121 0.0283 -0.00897 0.0321
25.1 -0.0126 0.0262 -0.00832 0.0303
25.2 -0.013 0.0234 -0.00775 0.0279
25.3 -0.0135 0.0209 -0.00744 0.0259
25.4 -0.0138 0.0183 -0.00712 0.024
25.5 -0.0137 0.013 -0.00625 0.0199
25.6 -0.014 0.00981 -0.0061 0.0182
25.7 -0.0144 0.00628 -0.00599 0.0168
25.8 -0.0148 0.00341 -0.0061 0.0164
25.9 -0.0152 -2.33e-05 -0.00629 0.0164
26.0 -0.0157 -0.00436 -0.00674 0.0177
26.1 -0.0163 -0.00954 -0.00732 0.0202
26.2 -0.0168 -0.0152 -0.00807 0.0241
26.3 -0.0174 -0.0209 -0.00892 0.0286
26.4 -0.0179 -0.0263 -0.00986 0.0333
26.5 -0.0185 -0.0316 -0.0109 0.0382
26.6 -0.019 -0.0367 -0.0121 0.0431
26.7 -0.0196 -0.0418 -0.0134 0.048
26.8 -0.0203 -0.0475 -0.015 0.0537
26.9 -0.0211 -0.0535 -0.0169 0.06
27.0 -0.0216 -0.0583 -0.0184 0.0649
27.1 -0.0224 -0.0636 -0.0204 0.0705
27.2 -0.0226 -0.0675 -0.0217 0.0744
27.3 -0.0232 -0.072 -0.0236 0.0792
27.4 -0.0239 -0.0762 -0.0255 0.0839
27.5 -0.0245 -0.0804 -0.0274 0.0884
27.6 -0.0251 -0.0842 -0.0293 0.0927
27.7 -0.0256 -0.0879 -0.0312 0.0968
27.8 -0.026 -0.0913 -0.0329 0.101
27.9 -0.029 -0.0981 -0.0382 0.109
28.0 -0.03 -0.102 -0.041 0.114
28.1 -0.0299 -0.105 -0.043 0.117
28.2 -0.0299 -0.108 -0.0448 0.12
28.3 -0.0297 -0.11 -0.0461 0.123
28.4 -0.0296 -0.112 -0.0472 0.125
28.5 -0.0296 -0.114 -0.0482 0.127
28.6 -0.0297 -0.116 -0.0492 0.129
28.7 -0.0298 -0.117 -0.05 0.131
28.8 -0.0298 -0.119 -0.0509 0.133
28.9 -0.03 -0.12 -0.0518 0.134
29.0 -0.0304 -0.121 -0.0526 0.136
29.1 -0.0307 -0.12 -0.0534 0.135
29.2 -0.0308 -0.122 -0.0542 0.137
29.3 -0.031 -0.123 -0.055 0.138
29.4 -0.0311 -0.123 -0.0559 0.139
29.5 -0.0312 -0.124 -0.0566 0.14
29.6 -0.0312 -0.125 -0.0573 0.141
29.7 -0.0313 -0.126 -0.0581 0.142
29.8 -0.0313 -0.127 -0.0586 0.143
29.9 -0.0313 -0.128 -0.0593 0.144
30.0 -0.0313 -0.128 -0.0599 0.145
30.1 -0.0314 -0.128 -0.0606 0.145
30.2 -0.0313 -0.129 -0.0611 0.146
30.3 -0.0312 -0.13 -0.0617 0.147
30.4 -0.0312 -0.13 -0.0624 0.148
30.5 -0.0311 -0.131 -0.063 0.149
30.6 -0.0308 -0.132 -0.0635 0.149
30.7 -0.0317 -0.132 -0.064 0.15
30.8 -0.0323 -0.132 -0.0646 0.151
30.9 -0.0323 -0.132 -0.0653 0.151
31.0 -0.032 -0.132 -0.0661 0.151
31.1 -0.0316 -0.13 -0.0671 0.15
31.2 -0.0315 -0.13 -0.0677 0.15
31.3 -0.0314 -0.131 -0.0683 0.151
31.4 -0.0312 -0.132 -0.069 0.152
31.5 -0.0311 -0.132 -0.0696 0.153
31.6 -0.0309 -0.132 -0.0702 0.153
31.7 -0.0309 -0.132 -0.0709 0.153
31.8 -0.031 -0.132 -0.0716 0.153
31.9 -0.031 -0.132 -0.0723 0.153
32.0 -0.0314 -0.131 -0.073 0.153
32.1 -0.0319 -0.13 -0.0738 0.153
32.2 -0.0316 -0.129 -0.0746 0.152
32.3 -0.0312 -0.128 -0.0754 0.152
32.4 -0.0306 -0.126 -0.0761 0.15
32.5 -0.0302 -0.125 -0.0765 0.15
32.6 -0.0295 -0.122 -0.076 0.147
32.7 -0.0291 -0.113 -0.0763 0.139
32.8 -0.0291 -0.109 -0.0774 0.137
32.9 -0.029 -0.106 -0.0782 0.135
33.0 -0.0286 -0.0986 -0.0785 0.129
33.1 -0.0283 -0.0956 -0.0792 0.127
33.2 -0.0265 -0.0868 -0.0787 0.12
33.3 -0.0271 -0.0803 -0.0782 0.115
33.4 -0.0268 -0.0748 -0.078 0.111
33.5 -0.0257 -0.0689 -0.0756 0.105
33.6 -0.0254 -0.0653 -0.076 0.103
33.7 -0.0252 -0.0628 -0.0763 0.102
33.8 -0.0252 -0.0587 -0.0769 0.1
33.9 -0.0249 -0.0566 -0.077 0.0987
34.0 -0.0246 -0.0533 -0.0775 0.0972
34.1 -0.0243 -0.0507 -0.078 0.0961
34.2 -0.024 -0.0477 -0.0784 0.0949
34.3 -0.0237 -0.0453 -0.0787 0.0939
34.4 -0.0234 -0.0428 -0.0792 0.093
34.5 -0.023 -0.0402 -0.0796 0.0921
34.6 -0.0227 -0.0382 -0.08 0.0915
34.7 -0.0222 -0.0352 -0.0807 0.0908
34.8 -0.022 -0.0335 -0.081 0.0904
34.9 -0.0215 -0.0309 -0.0818 0.09
35.0 -0.021 -0.0288 -0.0821 0.0895
35.1 -0.0205 -0.0274 -0.0823 0.0891
35.2 -0.0198 -0.0257 -0.0826 0.0887
35.3 -0.0194 -0.0244 -0.0827 0.0884
35.4 -0.0188 -0.0233 -0.0828 0.0881
35.5 -0.0173 -0.0223 -0.0829 0.0875
35.6 -0.0168 -0.0212 -0.0829 0.0872
35.7 -0.0164 -0.0202 -0.0828 0.0868
35.8 -0.0159 -0.0193 -0.0827 0.0864
35.9 -0.0155 -0.0185 -0.0826 0.086
36.0 -0.015 -0.0177 -0.0823 0.0855
36.1 -0.0145 -0.0169 -0.082 0.085
36.2 -0.014 -0.0162 -0.0816 0.0843
36.3 -0.0133 -0.0155 -0.0811 0.0836
36.4 -0.0127 -0.0149 -0.0805 0.0829
36.5 -0.0121 -0.0143 -0.0799 0.082
36.6 -0.0114 -0.0137 -0.0791 0.0811
36.7 -0.0108 -0.0132 -0.0782 0.0801
36.8 -0.0101 -0.0127 -0.0773 0.0789
36.9 -0.00939 -0.0122 -0.0762 0.0777
37.0 -0.00871 -0.0118 -0.075 0.0764
37.1 -0.00804 -0.0113 -0.0736 0.0749
37.2 -0.00736 -0.0109 -0.0722 0.0734
37.3 -0.00668 -0.0106 -0.0706 0.0717
37.4 -0.006 -0.0102 -0.0689 0.0699
37.5 -0.00531 -0.00983 -0.0671 0.068
37.6 -0.00462 -0.00949 -0.0651 0.0659
37.7 -0.00389 -0.00917 -0.063 0.0638
37.8 -0.00318 -0.00886 -0.0608 0.0615
37.9 -0.00247 -0.00856 -0.0584 0.0591
38.0 -0.00178 -0.00827 -0.056 0.0566
38.1 -0.00109 -0.00799 -0.0534 0.054
38.2 -0.000409 -0.00772 -0.0507 0.0513
38.3 0.000264 -0.00746 -0.0479 0.0485
38.4 0.000931 -0.00721 -0.0451 0.0456
38.5 0.00159 -0.00696 -0.0421 0.0427
38.6 0.00225 -0.00673 -0.0392 0.0398
38.7 0.0029 -0.0065 -0.0362 0.0369
38.8 0.00355 -0.00628 -0.0332 0.034
38.9 0.00419 -0.00607 -0.0302 0.0311
39.0 0.00483 -0.00587 -0.0272 0.0283
39.1 0.00546 -0.00567 -0.0243 0.0256
39.2 0.00609 -0.00548 -0.0215 0.023
39.3 0.00671 -0.00529 -0.0188 0.0206
39.4 0.00733 -0.00511 -0.0161 0.0184
39.5 0.00794 -0.00493 -0.0136 0.0165
39.6 0.00854 -0.00476 -0.0113 0.0149
39.7 0.00914 -0.00458 -0.00906 0.0137
39.8 0.00973 -0.00442 -0.00702 0.0128
39.9 0.0103 -0.00425 -0.00516 0.0123
40.0 0.0109 -0.00409 -0.00347 0.0121
40.1 0.0115 -0.00394 -0.00197 0.0123
40.2 0.012 -0.00378 -0.000644 0.0126
40.3 0.0126 -0.00363 0.000498 0.0131
40.4 0.0132 -0.00348 0.00146 0.0137
40.5 0.0137 -0.00333 0.00226 0.0143
40.6 0.0143 -0.00318 0.00289 0.0149
40.7 0.0148 -0.00304 0.00337 0.0155
40.8 0.0154 -0.00289 0.0037 0.0161
40.9 0.0159 -0.00275 0.00391 0.0166
41.0 0.0164 -0.00261 0.00399 0.0171
41.1 0.017 -0.00247 0.00395 0.0176
41.2 0.0175 -0.00233 0.00383 0.0181
41.3 0.0184 -0.00243 0.00398 0.019
41.4 0.0192 -0.0025 0.00388 0.0197
41.5 0.02 -0.00257 0.00367 0.0205
41.6 0.0208 -0.00262 0.00339 0.0212
41.7 0.0215 -0.00265 0.00302 0.0219
41.8 0.0224 -0.00283 0.00266 0.0228
41.9 0.0232 -0.00291 0.00222 0.0235
42.0 0.024 -0.00299 0.00175 0.0243
42.1 0.0265 -0.0044 0.00173 0.027
42.2 0.0274 -0.00459 0.00126 0.0278
42.3 0.0286 -0.005 0.000839 0.0291
42.4 0.0306 -0.00602 0.000601 0.0312
42.5 0.032 -0.00659 0.000228 0.0327
42.6 0.0336 -0.00732 -9.78e-05 0.0344
42.7 0.0353 -0.00808 -0.000407 0.0362
42.8 0.037 -0.00891 -0.000688 0.038
42.9 0.0391 -0.01 -0.000874 0.0404
43.0 0.0401 -0.0104 -0.00128 0.0415
43.1 0.0411 -0.0107 -0.00166 0.0425
43.2 0.0423 -0.0111 -0.002 0.0438
43.3 0.0434 -0.0115 -0.00232 0.045
43.4 0.0446 -0.0119 -0.00261 0.0462
43.5 0.0454 -0.0121 -0.00294 0.0471
43.6 0.0465 -0.0124 -0.0032 0.0483
43.7 0.0473 -0.0126 -0.00348 0.0491
43.8 0.0484 -0.0129 -0.00368 0.0502
43.9 0.0492 -0.0131 -0.00392 0.051
44.0 0.0499 -0.0132 -0.00413 0.0518
44.1 0.0515 -0.014 -0.00413 0.0536
44.2 0.0523 -0.0141 -0.00427 0.0543
44.3 0.0531 -0.0142 -0.0044 0.0551
44.4 0.0539 -0.0144 -0.0045 0.0559
44.5 0.0546 -0.0145 -0.00458 0.0567
44.6 0.0553 -0.0146 -0.00465 0.0574
44.7 0.0561 -0.0147 -0.00469 0.0582
44.8 0.0568 -0.0147 -0.00472 0.0588
44.9 0.0575 -0.0148 -0.00473 0.0595
45.0 0.0582 -0.0149 -0.00472 0.0602
45.1 0.0588 -0.0149 -0.0047 0.0609
45.2 0.0595 -0.015 -0.00466 0.0616
45.3 0.0602 -0.015 -0.00463 0.0622
45.4 0.0608 -0.0151 -0.00458 0.0628
45.5 0.0615 -0.0151 -0.00452 0.0635
45.6 0.0629 -0.0155 -0.00444 0.0649
45.7 0.069 -0.0176 -0.00437 0.0714
45.8 0.0753 -0.0195 -0.00428 0.078
45.9 0.0817 -0.0211 -0.00419 0.0845
46.0 0.088 -0.0223 -0.00409 0.0909
46.1 0.0941 -0.023 -0.00399 0.097
46.2 0.0999 -0.0234 -0.00389 0.103
46.3 0.105 -0.0234 -0.00379 0.108
46.4 0.11 -0.0232 -0.00369 0.113
46.5 0.116 -0.0231 -0.00359 0.118
46.6 0.145 -0.0339 -0.0035 0.149
46.7 0.181 -0.0454 -0.00341 0.187
46.8 0.205 -0.0514 -0.00333 0.211
46.9 0.254 -0.0606 -0.00307 0.261
47.0 0.263 -0.0627 -0.00302 0.271
47.1 0.271 -0.0646 -0.0028 0.279
47.2 0.279 -0.0664 -0.00276 0.287
47.3 0.287 -0.0682 -0.00262 0.295
47.4 0.294 -0.0698 -0.00258 0.302
47.5 0.301 -0.0714 -0.00249 0.309
47.6 0.307 -0.0729 -0.00241 0.316
47.7 0.314 -0.0743 -0.00235 0.322
47.8 0.32 -0.0756 -0.00231 0.329
47.9 0.326 -0.0769 -0.00227 0.335
48.0 0.331 -0.0781 -0.00225 0.34
48.1 0.337 -0.0793 -0.00224 0.346
48.2 0.342 -0.0804 -0.00225 0.351
48.3 0.347 -0.0815 -0.00226 0.357
48.4 0.352 -0.0826 -0.00227 0.362
48.5 0.357 -0.0836 -0.0023 0.367
48.6 0.361 -0.0845 -0.00211 0.371
48.7 0.365 -0.0854 -0.00213 0.375
48.8 0.37 -0.0864 -0.00216 0.38
48.9 0.374 -0.0873 -0.0022 0.384
49.0 0.378 -0.0881 -0.00206 0.388
49.1 0.382 -0.0889 -0.00211 0.392
49.2 0.386 -0.0898 -0.00217 0.397
49.3 0.39 -0.0906 -0.00207 0.4
49.4 0.394 -0.0914 -0.00212 0.404
49.5 0.398 -0.0921 -0.00217 0.408
49.6 0.401 -0.0929 -0.00204 0.412
49.7 0.405 -0.0937 -0.0021 0.415
49.8 0.408 -0.0944 -0.00217 0.419
49.9 0.412 -0.0951 -0.00223 0.423
