0.0 2.43 2.44 1.94
0.1 2.43 2.44 1.97
0.2 2.42 2.43 2.01
0.3 2.41 2.43 2.05
0.4 2.4 2.42 2.1
0.5 2.39 2.41 2.15
0.6 2.37 2.4 2.19
0.7 2.36 2.39 2.22
0.8 2.35 2.39 2.25
0.9 2.35 2.38 2.27
1.0 2.35 2.38 2.28
1.1 2.35 2.38 2.29
1.2 2.34 2.37 2.3
1.3 2.31 2.36 2.3
1.4 2.28 2.34 2.29
1.5 2.25 2.32 2.27
1.6 2.23 2.31 2.26
1.7 2.22 2.3 2.24
1.8 2.21 2.29 2.23
1.9 2.2 2.29 2.22
2.0 2.2 2.28 2.2
2.1 2.19 2.27 2.19
2.2 2.18 2.26 2.17
2.3 2.17 2.25 2.14
2.4 2.14 2.23 2.11
2.5 2.12 2.21 2.09
2.6 2.12 2.2 2.06
2.7 2.11 2.19 2.04
2.8 2.1 2.18 2.02
2.9 2.09 2.17 2.0
3.0 2.08 2.17 1.99
3.1 2.08 2.16 1.97
3.2 2.07 2.15 1.96
3.3 2.06 2.14 1.95
3.4 2.05 2.13 1.94
3.5 2.05 2.13 1.95
3.6 2.07 2.14 1.96
3.7 2.07 2.14 1.97
3.8 2.07 2.14 1.97
3.9 2.07 2.13 1.98
4.0 2.07 2.13 1.99
4.1 2.07 2.12 1.99
4.2 2.07 2.12 2.0
4.3 2.07 2.12 2.0
4.4 2.07 2.11 2.0
4.5 2.09 2.13 2.01
4.6 2.13 2.15 2.03
4.7 2.17 2.18 2.05
4.8 2.2 2.2 2.05
4.9 2.22 2.2 2.05
5.0 2.23 2.21 2.05
5.1 2.25 2.21 2.05
5.2 2.26 2.22 2.04
5.3 2.27 2.22 2.04
5.4 2.29 2.22 2.04
5.5 2.3 2.23 2.03
5.6 2.33 2.24 2.04
5.7 2.38 2.26 2.05
5.8 2.42 2.28 2.06
5.9 2.45 2.3 2.06
6.0 2.48 2.3 2.06
6.1 2.5 2.31 2.06
6.2 2.53 2.32 2.06
6.3 2.56 2.33 2.07
6.4 2.59 2.34 2.07
6.5 2.61 2.35 2.07
6.6 2.64 2.36 2.08
6.7 2.68 2.37 2.09
6.8 2.72 2.4 2.1
6.9 2.76 2.41 2.11
7.0 2.79 2.43 2.11
7.1 2.82 2.44 2.12
7.2 2.86 2.45 2.12
7.3 2.89 2.46 2.13
7.4 2.92 2.47 2.13
7.5 2.95 2.49 2.14
7.6 2.99 2.5 2.14
7.7 3.02 2.51 2.15
7.8 3.06 2.53 2.15
7.9 3.1 2.56 2.16
8.0 3.13 2.58 2.16
8.1 3.17 2.61 2.17
8.2 3.2 2.62 2.17
8.3 3.24 2.64 2.17
8.4 3.27 2.66 2.18
8.5 3.31 2.68 2.18
8.6 3.35 2.7 2.18
8.7 3.38 2.72 2.19
8.8 3.42 2.74 2.19
8.9 3.46 2.76 2.19
9.0 3.5 2.78 2.2
9.1 3.54 2.81 2.2
9.2 3.58 2.83 2.2
9.3 3.62 2.85 2.2
9.4 3.66 2.88 2.2
9.5 3.69 2.9 2.2
9.6 3.72 2.92 2.2
9.7 3.75 2.93 2.19
9.8 3.77 2.94 2.19
9.9 3.79 2.95 2.19
10.0 3.81 2.95 2.19
10.1 3.83 2.97 2.19
10.2 3.86 2.99 2.18
10.3 3.88 3.0 2.17
10.4 3.9 3.0 2.17
10.5 3.92 3.01 2.17
10.6 3.93 3.02 2.17
10.7 3.95 3.02 2.16
10.8 3.96 3.03 2.16
10.9 3.98 3.04 2.16
11.0 3.99 3.04 2.16
11.1 4.0 3.05 2.15
11.2 4.01 3.05 2.14
11.3 4.02 3.05 2.13
11.4 4.02 3.06 2.13
11.5 4.03 3.06 2.12
11.6 4.03 3.07 2.12
11.7 4.03 3.07 2.12
11.8 4.03 3.07 2.11
11.9 4.03 3.07 2.11
12.0 4.02 3.06 2.1
12.1 4.02 3.06 2.1
12.2 4.01 3.06 2.09
12.3 4.0 3.05 2.08
12.4 3.99 3.05 2.07
12.5 3.98 3.04 2.06
12.6 3.97 3.03 2.06
12.7 3.95 3.03 2.05
12.8 3.94 3.02 2.04
12.9 3.92 3.01 2.04
13.0 3.91 3.01 2.03
13.1 3.89 3.0 2.02
13.2 3.87 2.99 2.01
13.3 3.86 2.98 2.01
13.4 3.84 2.97 2.0
13.5 3.82 2.96 1.99
13.6 3.8 2.95 1.98
13.7 3.78 2.94 1.98
13.8 3.76 2.94 1.97
13.9 3.74 2.93 1.96
14.0 3.71 2.92 1.95
14.1 3.69 2.9 1.95
14.2 3.67 2.89 1.94
14.3 3.65 2.88 1.93
14.4 3.63 2.87 1.92
14.5 3.6 2.86 1.91
14.6 3.58 2.85 1.91
14.7 3.55 2.84 1.9
14.8 3.52 2.83 1.89
14.9 3.5 2.81 1.88
15.0 3.47 2.8 1.87
15.1 3.46 2.8 1.86
15.2 3.46 2.8 1.84
15.3 3.44 2.79 1.84
15.4 3.42 2.78 1.83
15.5 3.4 2.77 1.82
15.6 3.37 2.75 1.81
15.7 3.34 2.74 1.8
15.8 3.31 2.73 1.79
15.9 3.28 2.72 1.78
16.0 3.25 2.7 1.77
16.1 3.22 2.69 1.76
16.2 3.2 2.68 1.75
16.3 3.21 2.66 1.74
16.4 3.21 2.64 1.73
16.5 3.21 2.62 1.72
16.6 3.19 2.61 1.71
16.7 3.17 2.59 1.7
16.8 3.15 2.58 1.69
16.9 3.12 2.57 1.68
17.0 3.09 2.56 1.67
17.1 3.06 2.54 1.66
17.2 3.03 2.53 1.65
17.3 2.99 2.51 1.64
17.4 2.95 2.5 1.63
17.5 2.9 2.48 1.62
17.6 2.85 2.46 1.61
17.7 2.82 2.44 1.6
17.8 2.78 2.43 1.59
17.9 2.75 2.41 1.58
18.0 2.72 2.4 1.57
18.1 2.68 2.39 1.57
18.2 2.63 2.37 1.56
18.3 2.59 2.36 1.55
18.4 2.56 2.35 1.54
18.5 2.51 2.34 1.53
18.6 2.49 2.31 1.52
18.7 2.52 2.28 1.51
18.8 2.54 2.25 1.5
18.9 2.54 2.22 1.49
19.0 2.54 2.19 1.49
19.1 2.54 2.17 1.48
19.2 2.53 2.15 1.47
19.3 2.52 2.14 1.46
19.4 2.51 2.13 1.45
19.5 2.5 2.11 1.45
19.6 2.48 2.1 1.44
19.7 2.48 2.07 1.43
19.8 2.51 2.05 1.42
19.9 2.55 2.04 1.42
20.0 2.58 2.04 1.42
20.1 2.59 2.03 1.42
20.2 2.6 2.03 1.42
20.3 2.6 2.02 1.41
20.4 2.59 2.01 1.41
20.5 2.59 2.0 1.4
20.6 2.59 1.99 1.4
20.7 2.59 1.98 1.39
20.8 2.59 1.97 1.38
20.9 2.61 1.96 1.38
21.0 2.64 1.96 1.38
21.1 2.68 1.98 1.38
21.2 2.71 1.99 1.38
21.3 2.73 1.99 1.37
21.4 2.75 1.99 1.37
21.5 2.77 1.99 1.37
21.6 2.78 1.98 1.36
21.7 2.79 1.98 1.36
21.8 2.8 1.97 1.35
21.9 2.81 1.96 1.34
22.0 2.82 1.95 1.34
22.1 2.82 1.94 1.33
22.2 2.84 1.94 1.32
22.3 2.87 1.96 1.32
22.4 2.9 1.99 1.31
22.5 2.93 2.01 1.31
22.6 2.96 2.02 1.3
22.7 2.98 2.03 1.3
22.8 2.99 2.03 1.29
22.9 3.01 2.04 1.29
23.0 3.02 2.03 1.28
23.1 3.03 2.03 1.27
23.2 3.03 2.03 1.27
23.3 3.03 2.02 1.26
23.4 3.05 2.04 1.25
23.5 3.09 2.08 1.24
23.6 3.12 2.11 1.23
23.7 3.16 2.15 1.22
23.8 3.18 2.17 1.23
23.9 3.19 2.17 1.26
24.0 3.19 2.17 1.28
24.1 3.19 2.17 1.31
24.2 3.2 2.18 1.32
24.3 3.23 2.2 1.33
24.4 3.25 2.21 1.33
24.5 3.26 2.22 1.33
24.6 3.27 2.22 1.33
24.7 3.28 2.22 1.33
24.8 3.28 2.22 1.33
24.9 3.29 2.22 1.33
25.0 3.3 2.22 1.33
25.1 3.3 2.23 1.34
25.2 3.29 2.23 1.35
25.3 3.29 2.25 1.37
25.4 3.31 2.27 1.39
25.5 3.32 2.27 1.39
25.6 3.33 2.28 1.39
25.7 3.34 2.28 1.39
25.8 3.34 2.28 1.39
25.9 3.34 2.28 1.39
26.0 3.35 2.28 1.39
26.1 3.35 2.28 1.39
26.2 3.35 2.28 1.39
26.3 3.36 2.29 1.39
26.4 3.36 2.31 1.4
26.5 3.37 2.31 1.41
26.6 3.38 2.32 1.41
26.7 3.38 2.32 1.41
26.8 3.38 2.32 1.4
26.9 3.39 2.32 1.4
27.0 3.39 2.32 1.4
27.1 3.4 2.32 1.4
27.2 3.4 2.32 1.4
27.3 3.41 2.31 1.4
27.4 3.41 2.32 1.4
27.5 3.4 2.33 1.4
27.6 3.41 2.34 1.41
27.7 3.42 2.34 1.4
27.8 3.43 2.35 1.4
27.9 3.42 2.36 1.4
28.0 3.42 2.37 1.4
28.1 3.42 2.38 1.4
28.2 3.42 2.39 1.39
28.3 3.42 2.39 1.39
28.4 3.42 2.4 1.39
28.5 3.42 2.4 1.39
28.6 3.43 2.4 1.4
28.7 3.43 2.39 1.4
28.8 3.44 2.39 1.4
28.9 3.45 2.38 1.4
29.0 3.45 2.38 1.4
29.1 3.45 2.39 1.4
29.2 3.45 2.39 1.4
29.3 3.45 2.39 1.4
29.4 3.44 2.39 1.39
29.5 3.44 2.39 1.39
29.6 3.44 2.39 1.38
29.7 3.44 2.38 1.38
29.8 3.44 2.38 1.38
29.9 3.44 2.38 1.38
30.0 3.44 2.39 1.37
30.1 3.43 2.39 1.37
30.2 3.42 2.38 1.36
30.3 3.42 2.38 1.36
30.4 3.41 2.37 1.35
30.5 3.41 2.36 1.35
30.6 3.4 2.35 1.34
30.7 3.39 2.35 1.33
30.8 3.38 2.34 1.32
30.9 3.38 2.33 1.32
31.0 3.37 2.33 1.31
31.1 3.36 2.32 1.3
31.2 3.35 2.32 1.3
31.3 3.33 2.31 1.3
31.4 3.31 2.31 1.3
31.5 3.29 2.31 1.29
31.6 3.27 2.31 1.29
31.7 3.24 2.32 1.28
31.8 3.22 2.32 1.28
31.9 3.2 2.32 1.27
32.0 3.18 2.32 1.26
32.1 3.16 2.32 1.26
32.2 3.13 2.32 1.25
32.3 3.11 2.32 1.24
32.4 3.09 2.32 1.23
32.5 3.07 2.32 1.23
32.6 3.05 2.32 1.22
32.7 3.03 2.32 1.22
32.8 3.0 2.32 1.22
32.9 2.98 2.33 1.21
33.0 2.95 2.33 1.2
33.1 2.92 2.33 1.2
33.2 2.9 2.33 1.19
33.3 2.87 2.33 1.18
33.4 2.85 2.33 1.17
33.5 2.82 2.33 1.17
33.6 2.8 2.33 1.16
33.7 2.78 2.32 1.17
33.8 2.75 2.32 1.19
33.9 2.72 2.31 1.21
34.0 2.69 2.31 1.23
34.1 2.66 2.3 1.25
34.2 2.63 2.3 1.27
34.3 2.61 2.29 1.29
34.4 2.59 2.28 1.3
34.5 2.57 2.28 1.31
34.6 2.56 2.28 1.31
34.7 2.55 2.27 1.32
34.8 2.53 2.26 1.33
34.9 2.52 2.25 1.36
35.0 2.5 2.24 1.39
35.1 2.49 2.24 1.41
35.2 2.48 2.24 1.43
35.3 2.47 2.23 1.45
35.4 2.47 2.23 1.46
35.5 2.46 2.23 1.48
35.6 2.46 2.23 1.49
35.7 2.46 2.23 1.5
35.8 2.46 2.23 1.51
35.9 2.46 2.23 1.53
36.0 2.46 2.23 1.56
36.1 2.47 2.23 1.59
36.2 2.48 2.23 1.61
36.3 2.49 2.24 1.63
36.4 2.5 2.25 1.65
36.5 2.51 2.26 1.66
36.6 2.53 2.27 1.67
36.7 2.54 2.28 1.69
36.8 2.56 2.29 1.7
36.9 2.57 2.29 1.7
37.0 2.58 2.3 1.72
37.1 2.59 2.3 1.74
37.2 2.61 2.3 1.76
37.3 2.63 2.31 1.78
37.4 2.64 2.32 1.79
37.5 2.66 2.34 1.8
37.6 2.68 2.35 1.82
37.7 2.7 2.36 1.83
37.8 2.72 2.37 1.84
37.9 2.74 2.38 1.85
38.0 2.76 2.39 1.86
38.1 2.77 2.39 1.88
38.2 2.78 2.41 1.91
38.3 2.8 2.42 1.93
38.4 2.82 2.44 1.95
38.5 2.84 2.45 1.96
38.6 2.86 2.46 1.97
38.7 2.88 2.48 1.97
38.8 2.9 2.49 1.98
38.9 2.93 2.5 1.99
39.0 2.95 2.51 1.99
39.1 2.97 2.52 2.0
39.2 2.99 2.54 2.01
39.3 3.01 2.56 2.02
39.4 3.03 2.58 2.04
39.5 3.06 2.6 2.05
39.6 3.08 2.62 2.05
39.7 3.11 2.64 2.06
39.8 3.14 2.65 2.06
39.9 3.16 2.66 2.07
40.0 3.18 2.67 2.07
40.1 3.21 2.67 2.08
40.2 3.24 2.68 2.08
40.3 3.26 2.69 2.09
40.4 3.28 2.7 2.09
40.5 3.3 2.71 2.1
40.6 3.32 2.72 2.1
40.7 3.35 2.73 2.1
40.8 3.38 2.73 2.1
40.9 3.41 2.74 2.11
41.0 3.44 2.75 2.11
41.1 3.47 2.76 2.11
41.2 3.5 2.77 2.11
41.3 3.53 2.77 2.11
41.4 3.55 2.78 2.11
41.5 3.56 2.78 2.11
41.6 3.57 2.78 2.1
41.7 3.6 2.78 2.1
41.8 3.62 2.78 2.1
41.9 3.64 2.78 2.1
42.0 3.65 2.79 2.1
42.1 3.66 2.79 2.1
42.2 3.67 2.79 2.1
42.3 3.68 2.79 2.1
42.4 3.69 2.79 2.1
42.5 3.68 2.79 2.1
42.6 3.67 2.78 2.1
42.7 3.66 2.78 2.1
42.8 3.66 2.78 2.1
42.9 3.65 2.77 2.1
43.0 3.64 2.77 2.1
43.1 3.63 2.77 2.1
43.2 3.62 2.76 2.1
43.3 3.61 2.76 2.1
43.4 3.6 2.76 2.1
43.5 3.59 2.75 2.1
43.6 3.58 2.75 2.1
43.7 3.56 2.74 2.11
43.8 3.55 2.75 2.12
43.9 3.53 2.76 2.13
44.0 3.51 2.76 2.13
44.1 3.49 2.76 2.13
44.2 3.47 2.75 2.13
44.3 3.46 2.75 2.14
44.4 3.44 2.75 2.14
44.5 3.42 2.75 2.14
44.6 3.4 2.75 2.14
44.7 3.39 2.75 2.14
44.8 3.37 2.75 2.15
44.9 3.36 2.76 2.16
45.0 3.35 2.77 2.16
45.1 3.33 2.77 2.17
45.2 3.31 2.77 2.17
45.3 3.29 2.77 2.17
45.4 3.27 2.77 2.17
45.5 3.26 2.77 2.17
45.6 3.24 2.77 2.18
45.7 3.22 2.76 2.18
45.8 3.2 2.76 2.18
45.9 3.2 2.77 2.18
46.0 3.19 2.78 2.18
46.1 3.18 2.78 2.19
46.2 3.16 2.78 2.19
46.3 3.14 2.78 2.19
46.4 3.12 2.78 2.19
46.5 3.11 2.78 2.19
46.6 3.09 2.78 2.19
46.7 3.08 2.78 2.19
46.8 3.06 2.78 2.19
46.9 3.05 2.78 2.19
47.0 3.03 2.78 2.19
47.1 3.01 2.79 2.19
47.2 2.99 2.79 2.2
47.3 2.98 2.78 2.19
47.4 2.96 2.78 2.19
47.5 2.94 2.78 2.19
47.6 2.92 2.78 2.19
47.7 2.91 2.78 2.19
47.8 2.89 2.78 2.19
47.9 2.88 2.77 2.19
48.0 2.87 2.77 2.19
48.1 2.85 2.77 2.19
48.2 2.83 2.77 2.19
48.3 2.81 2.77 2.19
48.4 2.8 2.77 2.19
48.5 2.78 2.76 2.18
48.6 2.76 2.76 2.18
48.7 2.75 2.76 2.18
48.8 2.74 2.76 2.18
48.9 2.73 2.76 2.18
49.0 2.72 2.76 2.17
49.1 2.71 2.75 2.17
49.2 2.7 2.75 2.17
49.3 2.68 2.75 2.17
49.4 2.66 2.74 2.17
49.5 2.65 2.74 2.17
49.6 2.63 2.73 2.17
49.7 2.62 2.73 2.16
49.8 2.62 2.73 2.16
49.9 2.61 2.73 2.16
