0.0 2.4 2.46 3.0
0.1 2.4 2.46 2.98
0.2 2.4 2.46 2.94
0.3 2.4 2.46 2.9
0.4 2.4 2.46 2.86
0.5 2.4 2.46 2.82
0.6 2.4 2.46 2.78
0.7 2.4 2.46 2.74
0.8 2.4 2.46 2.72
0.9 2.4 2.46 2.69
1.0 2.4 2.46 2.68
1.1 2.4 2.46 2.66
1.2 2.4 2.45 2.65
1.3 2.4 2.45 2.65
1.4 2.4 2.45 2.65
1.5 2.4 2.45 2.65
1.6 2.4 2.45 2.65
1.7 2.4 2.45 2.65
1.8 2.4 2.45 2.66
1.9 2.4 2.45 2.67
2.0 2.4 2.45 2.68
2.1 2.4 2.45 2.69
2.2 2.4 2.45 2.71
2.3 2.4 2.44 2.72
2.4 2.4 2.44 2.74
2.5 2.4 2.44 2.75
2.6 2.4 2.44 2.77
2.7 2.4 2.44 2.78
2.8 2.4 2.44 2.8
2.9 2.4 2.44 2.81
3.0 2.4 2.44 2.82
3.1 2.4 2.44 2.83
3.2 2.4 2.44 2.84
3.3 2.39 2.44 2.84
3.4 2.39 2.43 2.84
3.5 2.39 2.43 2.84
3.6 2.38 2.43 2.83
3.7 2.38 2.43 2.83
3.8 2.38 2.43 2.82
3.9 2.37 2.43 2.81
4.0 2.37 2.43 2.8
4.1 2.36 2.43 2.8
4.2 2.35 2.43 2.79
4.3 2.35 2.43 2.78
4.4 2.34 2.42 2.78
4.5 2.33 2.42 2.78
4.6 2.32 2.42 2.77
4.7 2.31 2.42 2.77
4.8 2.3 2.42 2.77
4.9 2.29 2.42 2.77
5.0 2.28 2.42 2.77
5.1 2.27 2.42 2.77
5.2 2.26 2.42 2.78
5.3 2.25 2.42 2.78
5.4 2.24 2.41 2.78
5.5 2.23 2.41 2.78
5.6 2.22 2.41 2.79
5.7 2.21 2.41 2.79
5.8 2.2 2.41 2.79
5.9 2.19 2.41 2.79
6.0 2.18 2.41 2.79
6.1 2.17 2.41 2.79
6.2 2.15 2.41 2.79
6.3 2.14 2.41 2.79
6.4 2.13 2.4 2.79
6.5 2.12 2.4 2.79
6.6 2.11 2.4 2.79
6.7 2.1 2.4 2.79
6.8 2.09 2.4 2.78
6.9 2.08 2.4 2.78
7.0 2.07 2.4 2.78
7.1 2.05 2.4 2.78
7.2 2.04 2.39 2.78
7.3 2.02 2.39 2.78
7.4 2.01 2.39 2.77
7.5 1.99 2.39 2.77
7.6 1.97 2.39 2.77
7.7 1.95 2.38 2.77
7.8 1.92 2.38 2.77
7.9 1.9 2.38 2.77
8.0 1.87 2.38 2.77
8.1 1.85 2.37 2.77
8.2 1.82 2.37 2.77
8.3 1.79 2.37 2.77
8.4 1.75 2.36 2.77
8.5 1.72 2.36 2.77
8.6 1.68 2.36 2.77
8.7 1.64 2.36 2.77
8.8 1.6 2.35 2.77
8.9 1.56 2.35 2.77
9.0 1.52 2.35 2.77
9.1 1.47 2.34 2.77
9.2 1.43 2.34 2.77
9.3 1.38 2.34 2.77
9.4 1.33 2.34 2.77
9.5 1.28 2.34 2.76
9.6 1.22 2.33 2.76
9.7 1.17 2.33 2.76
9.8 1.11 2.33 2.76
9.9 1.06 2.33 2.76
10.0 1.0 2.33 2.76
10.1 0.945 2.33 2.76
10.2 0.889 2.33 2.76
10.3 0.833 2.34 2.76
10.4 0.777 2.34 2.76
10.5 0.721 2.34 2.76
10.6 0.665 2.35 2.75
10.7 0.608 2.35 2.75
10.8 0.553 2.36 2.75
10.9 0.506 2.36 2.75
11.0 0.47 2.37 2.75
11.1 0.442 2.38 2.75
11.2 0.419 2.39 2.75
11.3 0.398 2.4 2.75
11.4 0.376 2.4 2.75
11.5 0.353 2.41 2.75
11.6 0.33 2.42 2.75
11.7 0.306 2.42 2.75
11.8 0.283 2.43 2.75
11.9 0.26 2.43 2.75
12.0 0.237 2.43 2.75
12.1 0.216 2.43 2.75
12.2 0.2 2.43 2.75
12.3 0.189 2.43 2.75
12.4 0.182 2.43 2.75
12.5 0.179 2.42 2.75
12.6 0.178 2.41 2.75
12.7 0.18 2.41 2.75
12.8 0.183 2.4 2.75
12.9 0.187 2.39 2.75
13.0 0.192 2.38 2.76
13.1 0.198 2.36 2.76
13.2 0.205 2.34 2.76
13.3 0.213 2.33 2.77
13.4 0.222 2.31 2.77
13.5 0.231 2.29 2.78
13.6 0.242 2.26 2.78
13.7 0.253 2.24 2.79
13.8 0.265 2.22 2.8
13.9 0.277 2.2 2.8
14.0 0.29 2.17 2.81
14.1 0.304 2.15 2.82
14.2 0.318 2.13 2.83
14.3 0.333 2.1 2.84
14.4 0.349 2.08 2.85
14.5 0.366 2.07 2.86
14.6 0.384 2.05 2.87
14.7 0.401 2.03 2.88
14.8 0.416 2.01 2.89
14.9 0.429 2.0 2.91
15.0 0.442 1.98 2.92
15.1 0.454 1.96 2.94
15.2 0.467 1.95 2.95
15.3 0.472 1.94 2.97
15.4 0.474 1.93 2.98
15.5 0.485 1.94 2.98
15.6 0.497 1.95 2.99
15.7 0.511 1.96 3.0
15.8 0.528 1.97 3.01
15.9 0.548 1.98 3.02
16.0 0.57 1.99 3.03
16.1 0.593 2.01 3.04
16.2 0.615 2.03 3.05
16.3 0.628 2.04 3.05
16.4 0.624 2.06 3.06
16.5 0.599 2.08 3.07
16.6 0.546 2.11 3.08
16.7 0.458 2.13 3.08
16.8 0.331 2.16 3.09
16.9 0.216 2.17 3.1
17.0 0.244 2.18 3.1
17.1 0.451 2.19 3.1
17.2 0.677 2.2 3.1
17.3 0.803 2.21 3.1
17.4 0.861 2.23 3.1
17.5 0.893 2.26 3.11
17.6 0.918 2.3 3.11
17.7 0.94 2.36 3.11
17.8 0.962 2.42 3.11
17.9 0.984 2.49 3.12
18.0 1.01 2.57 3.12
18.1 1.03 2.65 3.13
18.2 1.06 2.72 3.15
18.3 1.08 2.76 3.17
18.4 1.11 2.78 3.19
18.5 1.14 2.79 3.22
18.6 1.16 2.8 3.24
18.7 1.19 2.8 3.27
18.8 1.22 2.8 3.3
18.9 1.25 2.8 3.33
19.0 1.28 2.8 3.36
19.1 1.31 2.79 3.39
19.2 1.33 2.79 3.43
19.3 1.36 2.79 3.46
19.4 1.38 2.78 3.49
19.5 1.4 2.78 3.52
19.6 1.42 2.78 3.56
19.7 1.43 2.78 3.59
19.8 1.44 2.77 3.62
19.9 1.44 2.77 3.65
20.0 1.44 2.77 3.68
20.1 1.44 2.76 3.7
20.2 1.43 2.75 3.73
20.3 1.42 2.74 3.75
20.4 1.41 2.72 3.77
20.5 1.4 2.7 3.78
20.6 1.39 2.67 3.79
20.7 1.38 2.65 3.8
20.8 1.36 2.63 3.81
20.9 1.34 2.6 3.82
21.0 1.31 2.57 3.82
21.1 1.29 2.54 3.82
21.2 1.26 2.51 3.82
21.3 1.24 2.48 3.81
21.4 1.21 2.45 3.8
21.5 1.18 2.42 3.79
21.6 1.16 2.39 3.77
21.7 1.13 2.37 3.75
21.8 1.11 2.34 3.73
21.9 1.08 2.32 3.71
22.0 1.06 2.3 3.69
22.1 1.03 2.29 3.67
22.2 1.01 2.27 3.65
22.3 0.985 2.25 3.63
22.4 0.96 2.24 3.61
22.5 0.935 2.22 3.59
22.6 0.91 2.21 3.56
22.7 0.884 2.2 3.54
22.8 0.858 2.18 3.52
22.9 0.831 2.17 3.5
23.0 0.805 2.15 3.49
23.1 0.778 2.14 3.47
23.2 0.752 2.12 3.46
23.3 0.727 2.11 3.45
23.4 0.704 2.09 3.43
23.5 0.683 2.08 3.43
23.6 0.663 2.06 3.42
23.7 0.645 2.05 3.41
23.8 0.629 2.04 3.41
23.9 0.618 2.03 3.4
24.0 0.61 2.01 3.41
24.1 0.606 2.0 3.42
24.2 0.603 1.99 3.42
24.3 0.598 1.99 3.43
24.4 0.594 1.99 3.43
24.5 0.591 1.99 3.44
24.6 0.587 1.99 3.44
24.7 0.585 1.99 3.44
24.8 0.582 1.99 3.44
24.9 0.58 1.99 3.44
25.0 0.579 1.99 3.45
25.1 0.578 1.99 3.45
25.2 0.578 1.99 3.45
25.3 0.579 2.0 3.45
25.4 0.579 2.0 3.45
25.5 0.581 2.0 3.45
25.6 0.583 2.0 3.45
25.7 0.585 2.01 3.45
25.8 0.587 2.01 3.45
25.9 0.589 2.01 3.45
26.0 0.592 2.01 3.45
26.1 0.596 2.02 3.45
26.2 0.599 2.02 3.45
26.3 0.603 2.02 3.45
26.4 0.607 2.03 3.45
26.5 0.612 2.03 3.45
26.6 0.617 2.03 3.45
26.7 0.622 2.04 3.45
26.8 0.627 2.04 3.45
26.9 0.633 2.05 3.45
27.0 0.64 2.05 3.45
27.1 0.647 2.05 3.45
27.2 0.654 2.06 3.45
27.3 0.662 2.06 3.45
27.4 0.67 2.07 3.45
27.5 0.679 2.07 3.45
27.6 0.688 2.08 3.45
27.7 0.698 2.09 3.45
27.8 0.708 2.09 3.45
27.9 0.719 2.1 3.45
28.0 0.731 2.1 3.45
28.1 0.743 2.11 3.45
28.2 0.756 2.12 3.45
28.3 0.769 2.13 3.45
28.4 0.784 2.13 3.46
28.5 0.798 2.14 3.46
28.6 0.812 2.15 3.46
28.7 0.825 2.16 3.46
28.8 0.837 2.17 3.46
28.9 0.847 2.18 3.46
29.0 0.854 2.19 3.46
29.1 0.856 2.21 3.46
29.2 0.853 2.22 3.46
29.3 0.847 2.24 3.46
29.4 0.836 2.25 3.46
29.5 0.821 2.27 3.47
29.6 0.801 2.29 3.47
29.7 0.774 2.3 3.47
29.8 0.742 2.32 3.47
29.9 0.705 2.34 3.47
30.0 0.663 2.36 3.47
30.1 0.619 2.37 3.47
30.2 0.574 2.39 3.47
30.3 0.53 2.41 3.48
30.4 0.488 2.43 3.48
30.5 0.452 2.45 3.48
30.6 0.422 2.47 3.48
30.7 0.401 2.49 3.48
30.8 0.387 2.51 3.48
30.9 0.381 2.53 3.48
31.0 0.385 2.55 3.48
31.1 0.4 2.57 3.49
31.2 0.424 2.59 3.49
31.3 0.457 2.61 3.49
31.4 0.5 2.63 3.49
31.5 0.551 2.65 3.49
31.6 0.61 2.67 3.49
31.7 0.676 2.69 3.5
31.8 0.748 2.71 3.5
31.9 0.824 2.74 3.5
32.0 0.903 2.76 3.5
32.1 0.984 2.78 3.5
32.2 1.06 2.8 3.5
32.3 1.15 2.82 3.51
32.4 1.22 2.84 3.51
32.5 1.3 2.87 3.51
32.6 1.38 2.89 3.51
32.7 1.44 2.91 3.51
32.8 1.51 2.94 3.52
32.9 1.58 2.96 3.52
33.0 1.64 2.98 3.52
33.1 1.69 3.01 3.52
33.2 1.75 3.03 3.53
33.3 1.8 3.05 3.53
33.4 1.85 3.07 3.53
33.5 1.9 3.1 3.54
33.6 1.95 3.12 3.54
33.7 2.0 3.15 3.54
33.8 2.04 3.17 3.55
33.9 2.08 3.19 3.55
34.0 2.11 3.22 3.55
34.1 2.15 3.24 3.56
34.2 2.19 3.26 3.56
34.3 2.22 3.28 3.56
34.4 2.26 3.31 3.57
34.5 2.29 3.33 3.57
34.6 2.32 3.35 3.57
34.7 2.35 3.37 3.58
34.8 2.37 3.39 3.58
34.9 2.39 3.41 3.59
35.0 2.41 3.42 3.59
35.1 2.42 3.44 3.6
35.2 2.43 3.45 3.6
35.3 2.44 3.46 3.6
35.4 2.45 3.47 3.61
35.5 2.46 3.48 3.61
35.6 2.46 3.48 3.62
35.7 2.45 3.48 3.62
35.8 2.45 3.47 3.62
35.9 2.44 3.47 3.63
36.0 2.43 3.46 3.63
36.1 2.42 3.45 3.64
36.2 2.41 3.45 3.64
36.3 2.4 3.44 3.64
36.4 2.39 3.43 3.65
36.5 2.38 3.42 3.65
36.6 2.37 3.41 3.66
36.7 2.36 3.41 3.66
36.8 2.35 3.4 3.66
36.9 2.34 3.4 3.67
37.0 2.33 3.39 3.67
37.1 2.33 3.39 3.67
37.2 2.32 3.39 3.68
37.3 2.32 3.39 3.68
37.4 2.31 3.38 3.68
37.5 2.31 3.38 3.69
37.6 2.31 3.39 3.69
37.7 2.31 3.39 3.69
37.8 2.31 3.39 3.69
37.9 2.3 3.39 3.7
38.0 2.3 3.39 3.7
38.1 2.3 3.38 3.7
38.2 2.3 3.38 3.7
38.3 2.29 3.38 3.7
38.4 2.29 3.37 3.71
38.5 2.29 3.37 3.71
38.6 2.28 3.36 3.71
38.7 2.27 3.35 3.71
38.8 2.27 3.34 3.71
38.9 2.26 3.33 3.71
39.0 2.25 3.32 3.71
39.1 2.24 3.31 3.71
39.2 2.23 3.3 3.71
39.3 2.22 3.29 3.71
39.4 2.21 3.27 3.71
39.5 2.2 3.26 3.71
39.6 2.19 3.25 3.71
39.7 2.18 3.23 3.71
39.8 2.17 3.22 3.71
39.9 2.16 3.2 3.71
40.0 2.15 3.19 3.71
40.1 2.14 3.18 3.71
40.2 2.13 3.16 3.7
40.3 2.12 3.15 3.7
40.4 2.1 3.13 3.7
40.5 2.09 3.11 3.7
40.6 2.08 3.1 3.7
40.7 2.07 3.08 3.7
40.8 2.05 3.07 3.7
40.9 2.04 3.05 3.69
41.0 2.02 3.04 3.69
41.1 2.01 3.02 3.69
41.2 2.0 3.0 3.69
41.3 1.98 2.99 3.69
41.4 1.96 2.97 3.69
41.5 1.94 2.95 3.68
41.6 1.93 2.94 3.68
41.7 1.91 2.92 3.68
41.8 1.89 2.91 3.68
41.9 1.88 2.89 3.68
42.0 1.86 2.88 3.68
42.1 1.84 2.86 3.67
42.2 1.83 2.85 3.67
42.3 1.81 2.84 3.67
42.4 1.8 2.83 3.67
42.5 1.78 2.81 3.67
42.6 1.77 2.8 3.66
42.7 1.76 2.79 3.66
42.8 1.75 2.78 3.66
42.9 1.75 2.78 3.65
43.0 1.76 2.77 3.65
43.1 1.77 2.76 3.65
43.2 1.77 2.75 3.64
43.3 1.78 2.74 3.64
43.4 1.79 2.74 3.64
43.5 1.8 2.73 3.63
43.6 1.81 2.72 3.63
43.7 1.82 2.71 3.63
43.8 1.83 2.71 3.62
43.9 1.84 2.7 3.62
44.0 1.85 2.69 3.62
44.1 1.86 2.69 3.61
44.2 1.87 2.68 3.61
44.3 1.88 2.67 3.61
44.4 1.9 2.67 3.6
44.5 1.91 2.66 3.6
44.6 1.92 2.66 3.6
44.7 1.93 2.65 3.59
44.8 1.94 2.64 3.59
44.9 1.96 2.64 3.58
45.0 1.97 2.63 3.58
45.1 1.98 2.63 3.58
45.2 1.99 2.62 3.57
45.3 2.0 2.62 3.57
45.4 2.02 2.61 3.57
45.5 2.03 2.61 3.56
45.6 2.04 2.6 3.56
45.7 2.05 2.6 3.56
45.8 2.07 2.59 3.55
45.9 2.08 2.59 3.55
46.0 2.09 2.58 3.54
46.1 2.11 2.58 3.53
46.2 2.12 2.58 3.53
46.3 2.14 2.57 3.52
46.4 2.15 2.57 3.52
46.5 2.16 2.57 3.51
46.6 2.18 2.57 3.5
46.7 2.2 2.57 3.49
46.8 2.21 2.57 3.48
46.9 2.23 2.57 3.46
47.0 2.25 2.57 3.44
47.1 2.27 2.57 3.43
47.2 2.28 2.57 3.41
47.3 2.3 2.57 3.39
47.4 2.32 2.58 3.38
47.5 2.34 2.58 3.36
47.6 2.36 2.58 3.34
47.7 2.38 2.59 3.33
47.8 2.4 2.59 3.31
47.9 2.42 2.6 3.3
48.0 2.44 2.6 3.28
48.1 2.45 2.6 3.26
48.2 2.47 2.61 3.25
48.3 2.49 2.61 3.23
48.4 2.51 2.62 3.22
48.5 2.53 2.63 3.2
48.6 2.55 2.63 3.19
48.7 2.57 2.64 3.18
48.8 2.59 2.64 3.16
48.9 2.61 2.65 3.15
49.0 2.63 2.66 3.14
49.1 2.65 2.66 3.12
49.2 2.66 2.67 3.11
49.3 2.68 2.68 3.1
49.4 2.69 2.69 3.09
49.5 2.71 2.69 3.07
49.6 2.72 2.7 3.06
49.7 2.73 2.71 3.05
49.8 2.73 2.72 3.04
49.9 2.74 2.73 3.03
