0.0 -0.0544 1.95e-05 0.0203 0.0581
0.1 -0.105 0.188 0.0475 0.221
0.2 -0.153 0.214 0.0458 0.267
0.3 -0.197 0.116 0.00781 0.229
0.4 0.164 0.0324 -0.0352 0.17
0.5 0.151 0.0245 -0.03 0.156
0.6 0.144 0.0217 -0.0295 0.148
0.7 0.275 -0.0677 -0.0634 0.29
0.8 0.238 -0.071 -0.0578 0.255
0.9 0.119 0.00729 -0.0215 0.121
1.0 0.11 0.0102 -0.0179 0.112
1.1 0.102 0.0088 -0.0143 0.103
1.2 -0.314 0.218 0.0818 0.391
1.3 -0.348 0.227 0.0957 0.426
1.4 -0.378 0.0469 0.0565 0.386
1.5 -0.301 -0.0831 0.0178 0.313
1.6 -0.051 -0.0579 0.00234 0.0772
1.7 -0.054 -0.0166 0.00933 0.0573
1.8 -0.0373 0.00179 0.0106 0.0388
1.9 -0.0389 0.00615 0.0119 0.0412
2.0 -0.0413 0.00294 0.0124 0.0432
2.1 -0.0435 -0.000422 0.0128 0.0453
2.2 -0.049 -0.00764 0.0138 0.0515
2.3 -0.444 0.00969 0.0927 0.454
2.4 -0.465 -0.0278 0.0982 0.476
2.5 -0.251 -0.117 0.0563 0.283
2.6 -0.144 -0.0329 0.0361 0.152
2.7 -0.129 -0.0169 0.0324 0.134
2.8 -0.136 -0.0195 0.0352 0.142
2.9 -0.14 -0.0186 0.0372 0.146
3.0 -0.152 -0.0196 0.0418 0.159
3.1 -0.162 -0.0194 0.0462 0.17
3.2 -0.168 -0.0203 0.0501 0.177
3.3 -0.174 -0.0212 0.0542 0.183
3.4 -0.505 -0.0437 0.108 0.518
3.5 -0.117 -0.166 0.122 0.237
3.6 -0.221 -0.0425 0.0962 0.245
3.7 -0.297 -0.0187 0.118 0.32
3.8 -0.262 -0.0247 0.108 0.285
3.9 -0.251 -0.0231 0.104 0.272
4.0 -0.242 -0.021 0.1 0.262
4.1 -0.242 -0.0218 0.103 0.264
4.2 -0.244 -0.0214 0.106 0.267
4.3 -0.242 -0.0232 0.109 0.267
4.4 -0.24 -0.0253 0.112 0.266
4.5 -0.141 -0.172 0.144 0.265
4.6 -0.0263 -0.164 0.244 0.295
4.7 -0.16 -0.0676 0.199 0.264
4.8 -0.29 -0.0164 0.228 0.369
4.9 -0.348 0.00738 0.233 0.418
5.0 -0.325 -0.000887 0.215 0.39
5.1 -0.308 -0.00582 0.201 0.368
5.2 -0.3 -0.00961 0.196 0.358
5.3 -0.293 -0.0133 0.193 0.351
5.4 -0.285 -0.0168 0.19 0.343
5.5 -0.278 -0.02 0.188 0.336
5.6 -0.0557 -0.157 0.285 0.33
5.7 -0.133 -0.0591 0.294 0.328
5.8 -0.242 -0.0212 0.301 0.387
5.9 -0.391 0.0313 0.308 0.499
6.0 -0.367 0.0176 0.315 0.484
6.1 -0.357 0.00934 0.321 0.48
6.2 -0.352 0.00294 0.326 0.48
6.3 -0.348 -0.00245 0.331 0.481
6.4 -0.346 -0.00694 0.336 0.483
6.5 -0.339 -0.0122 0.34 0.48
6.6 -0.324 -0.0165 0.331 0.464
6.7 -0.177 -0.0451 0.35 0.395
6.8 -0.322 0.024 0.355 0.48
6.9 -0.424 0.0471 0.359 0.558
7.0 -0.399 0.0328 0.363 0.54
7.1 -0.378 0.0213 0.367 0.528
7.2 -0.376 0.016 0.371 0.528
7.3 -0.376 0.0122 0.375 0.531
7.4 -0.374 0.00874 0.379 0.533
7.5 -0.373 0.00585 0.383 0.534
7.6 -0.372 0.00366 0.386 0.536
7.7 -0.364 0.000631 0.39 0.534
7.8 -0.364 0.0368 0.393 0.537
7.9 -0.417 0.0475 0.397 0.578
8.0 -0.435 0.05 0.4 0.593
8.1 -0.4 0.0356 0.403 0.569
8.2 -0.393 0.0289 0.407 0.567
8.3 -0.389 0.024 0.41 0.565
8.4 -0.388 0.0204 0.413 0.567
8.5 -0.371 0.0172 0.417 0.558
8.6 -0.351 0.0145 0.42 0.547
8.7 -0.33 0.0124 0.423 0.537
8.8 -0.299 0.0105 0.426 0.521
8.9 -0.271 0.00932 0.429 0.508
9.0 -0.441 0.0532 0.433 0.62
9.1 -0.271 0.0239 0.436 0.513
9.2 -0.325 0.0218 0.439 0.547
9.3 -0.278 0.019 0.442 0.522
9.4 -0.185 0.0171 0.445 0.482
9.5 -0.262 0.0151 0.448 0.519
9.6 -0.333 0.0134 0.451 0.561
9.7 -0.4 0.0119 0.454 0.605
9.8 -0.429 0.0104 0.432 0.609
9.9 -0.398 0.00921 0.348 0.529
10.0 -0.359 0.00847 0.301 0.468
10.1 -0.162 0.0108 0.448 0.476
10.2 -0.279 0.00668 0.453 0.532
10.3 -0.392 0.0061 0.457 0.602
10.4 -0.343 0.00676 0.335 0.48
10.5 -0.261 0.00662 0.268 0.374
10.6 -0.256 0.00625 0.26 0.365
10.7 -0.255 0.00601 0.254 0.36
10.8 -0.27 0.00611 0.246 0.366
10.9 -0.342 0.00547 0.23 0.412
11.0 -0.38 0.00522 0.212 0.435
11.1 -0.256 0.00498 0.229 0.344
11.2 -0.259 0.00529 0.215 0.336
11.3 -0.299 0.00665 0.158 0.338
11.4 -0.329 0.00588 0.129 0.353
11.5 -0.349 0.00438 0.114 0.367
11.6 -0.367 0.00293 0.1 0.381
11.7 -0.386 0.00168 0.0853 0.395
11.8 -0.389 0.00111 0.0821 0.398
11.9 -0.402 0.000675 0.0708 0.408
12.0 -0.419 0.000279 0.0558 0.422
12.1 -0.334 0.00359 -0.0251 0.335
12.2 -0.354 0.00151 -0.036 0.356
12.3 -0.372 0.000102 -0.0461 0.375
12.4 -0.387 -0.000794 -0.0554 0.391
12.5 -0.401 -0.00131 -0.0641 0.406
12.6 -0.413 -0.00158 -0.0722 0.419
12.7 -0.423 -0.00164 -0.0798 0.43
12.8 -0.43 -0.00153 -0.0869 0.439
12.9 -0.438 -0.0013 -0.0936 0.448
13.0 -0.445 -0.00139 -0.0999 0.456
13.1 -0.374 -0.00197 -0.106 0.388
13.2 -0.391 -0.00268 -0.112 0.406
13.3 -0.405 -0.00299 -0.117 0.422
13.4 -0.418 -0.00308 -0.122 0.436
13.5 -0.43 -0.0031 -0.127 0.448
13.6 -0.437 -0.00303 -0.132 0.457
13.7 -0.442 -0.00314 -0.136 0.463
13.8 -0.449 -0.00295 -0.141 0.471
13.9 -0.456 -0.00227 -0.145 0.478
14.0 -0.46 -0.00282 -0.149 0.483
14.1 -0.378 -0.00341 -0.153 0.408
14.2 -0.396 -0.00351 -0.157 0.426
14.3 -0.411 -0.00345 -0.161 0.442
14.4 -0.425 -0.00331 -0.165 0.456
14.5 -0.437 -0.00314 -0.168 0.468
14.6 -0.448 -0.00296 -0.172 0.48
14.7 -0.457 -0.00276 -0.175 0.489
14.8 -0.464 -0.00254 -0.179 0.498
14.9 -0.465 -0.00229 -0.182 0.499
15.0 -0.47 -0.00233 -0.186 0.506
15.1 -0.355 0.0132 0.188 0.402
15.2 -0.347 -0.00301 -0.168 0.386
15.3 -0.372 -0.00295 -0.173 0.411
15.4 -0.393 -0.00282 -0.178 0.431
15.5 -0.41 -0.00267 -0.183 0.449
15.6 -0.426 -0.00253 -0.187 0.465
15.7 -0.439 -0.0024 -0.192 0.479
15.8 -0.45 -0.00223 -0.196 0.491
15.9 -0.458 -0.00204 -0.2 0.5
16.0 -0.465 -0.00185 -0.204 0.508
16.1 -0.471 -0.00165 -0.208 0.515
16.2 0.0513 0.388 -0.212 0.445
16.3 0.0807 0.414 -0.216 0.474
16.4 0.108 0.438 -0.22 0.502
16.5 0.109 0.312 -0.223 0.399
16.6 -0.286 0.0375 -0.227 0.367
16.7 -0.313 0.0618 -0.23 0.393
16.8 -0.331 0.0845 -0.234 0.414
16.9 -0.349 0.105 -0.237 0.435
17.0 -0.376 0.116 -0.241 0.461
17.1 -0.403 0.123 -0.244 0.487
17.2 -0.436 0.119 -0.247 0.515
17.3 -0.487 0.13 -0.25 0.563
17.4 -0.53 0.0945 -0.254 0.595
17.5 -0.716 0.17 -0.257 0.78
17.6 -0.517 -0.124 -0.26 0.592
17.7 -0.47 -0.143 -0.263 0.557
17.8 -0.421 -0.142 -0.267 0.519
17.9 -0.423 -0.112 -0.27 0.514
18.0 -0.467 -0.0843 -0.273 0.547
18.1 -0.514 -0.0662 -0.276 0.587
18.2 -0.566 -0.0566 -0.279 0.634
18.3 -0.487 -0.0211 -0.173 0.517
18.4 -0.37 0.00308 -0.0896 0.381
18.5 -0.766 0.105 -0.269 0.819
18.6 -0.0318 0.332 -0.274 0.431
18.7 -0.181 0.339 -0.279 0.474
18.8 -0.41 -0.00796 -0.283 0.498
18.9 -0.503 -0.0258 -0.284 0.578
19.0 -0.364 0.0325 -0.111 0.382
19.1 -0.349 0.0382 -0.0941 0.364
19.2 -0.346 0.0373 -0.0864 0.359
19.3 -0.346 0.036 -0.079 0.356
19.4 -0.368 0.0304 -0.0667 0.376
19.5 -0.433 0.00435 -0.0393 0.434
19.6 -0.548 -0.0554 0.0216 0.551
19.7 -0.177 0.332 -0.239 0.446
19.8 0.0454 -0.343 0.0955 0.359
19.9 0.0501 -0.37 0.143 0.4
20.0 -0.185 -0.288 0.111 0.36
20.1 -0.278 -0.0886 0.0295 0.293
20.2 -0.296 -0.0668 0.0294 0.305
20.3 -0.314 -0.0621 0.0439 0.323
20.4 -0.329 -0.0639 0.0689 0.342
20.5 -0.328 -0.0558 0.0745 0.341
20.6 -0.327 -0.0472 0.0778 0.34
20.7 -0.328 -0.0368 0.0767 0.339
20.8 -0.33 -0.0294 0.0912 0.344
20.9 0.0761 -0.41 0.194 0.46
21.0 0.0741 0.125 0.212 0.257
21.1 0.0947 0.139 0.222 0.278
21.2 0.0317 0.0918 0.231 0.251
21.3 -0.144 -0.0394 0.24 0.282
21.4 -0.216 -0.0099 0.248 0.329
21.5 -0.261 0.00743 0.255 0.365
21.6 -0.292 0.0118 0.241 0.379
21.7 -0.308 0.0134 0.205 0.37
21.8 -0.311 0.00617 0.173 0.356
21.9 -0.307 0.00873 0.149 0.342
22.0 -0.299 0.00682 0.128 0.326
22.1 -0.302 0.00772 0.123 0.326
22.2 0.00348 0.111 0.263 0.286
22.3 0.0287 -0.0802 0.271 0.284
22.4 0.0379 -0.0851 0.278 0.293
22.5 -0.0856 -0.0264 0.284 0.298
22.6 -0.151 0.0104 0.29 0.328
22.7 -0.194 0.0485 0.296 0.357
22.8 -0.209 0.0624 0.295 0.367
22.9 -0.215 0.0665 0.263 0.346
23.0 -0.214 0.0371 0.168 0.274
23.1 -0.223 0.0146 0.12 0.254
23.2 -0.223 0.0164 0.116 0.252
23.3 -0.228 0.0173 0.108 0.253
23.4 0.0472 -0.0768 0.287 0.301
23.5 0.0624 -0.0827 0.294 0.312
23.6 0.0769 -0.0884 0.301 0.323
23.7 0.0906 -0.0938 0.308 0.334
23.8 0.228 0.277 0.157 0.392
23.9 0.248 0.297 0.152 0.416
24.0 0.268 0.248 0.124 0.386
24.1 0.285 0.262 0.119 0.405
24.2 0.0753 -0.122 0.295 0.328
24.3 0.0232 -0.0291 0.3 0.302
24.4 -0.0217 0.0414 0.266 0.27
24.5 -0.0867 0.0432 0.151 0.18
24.6 -0.107 0.0324 0.124 0.167
24.7 -0.114 0.0309 0.119 0.168
24.8 -0.122 0.0305 0.113 0.169
24.9 -0.128 0.0296 0.108 0.17
25.0 -0.133 0.0283 0.105 0.172
25.1 0.266 0.418 -0.0877 0.503
25.2 0.286 0.442 -0.103 0.536
25.3 0.305 -0.17 0.0135 0.349
25.4 0.0999 -0.194 0.238 0.323
25.5 -0.0272 0.0201 0.121 0.126
25.6 -0.0755 0.0306 0.084 0.117
25.7 -0.0878 0.0339 0.079 0.123
25.8 -0.0921 0.0277 0.0783 0.124
25.9 -0.101 0.032 0.0765 0.13
26.0 -0.107 0.0308 0.0747 0.134
26.1 -0.112 0.0308 0.0746 0.138
26.2 -0.116 0.0269 0.0735 0.14
26.3 0.284 -0.0764 -0.0953 0.309
26.4 0.305 -0.366 -0.0906 0.485
26.5 0.0977 -0.172 0.0924 0.218
26.6 -0.0498 -0.0321 0.0575 0.0825
26.7 -0.0801 -0.0124 0.0566 0.0988
26.8 -0.0854 -0.0112 0.0572 0.103
26.9 -0.0896 -0.0101 0.0575 0.107
27.0 -0.0757 -0.013 0.0522 0.0929
27.1 -0.0585 -0.014 0.0441 0.0746
27.2 -0.0416 -0.012 0.034 0.0551
27.3 -0.0346 -0.00759 0.026 0.0439
27.4 0.303 -0.205 -0.121 0.385
27.5 0.324 -0.189 -0.144 0.402
27.6 0.344 -0.0907 -0.124 0.376
27.7 0.136 -0.0257 -0.0477 0.147
27.8 0.0743 -0.0311 -0.0233 0.0838
27.9 0.0641 -0.0355 -0.02 0.0759
28.0 0.0651 -0.0303 -0.0238 0.0757
28.1 0.0716 -0.0318 -0.0293 0.0836
28.2 0.0572 -0.0306 -0.025 0.0695
28.3 0.067 -0.0285 -0.0332 0.08
28.4 0.0631 -0.0309 -0.034 0.0781
28.5 0.366 -0.0196 -0.168 0.403
28.6 0.385 0.00312 -0.178 0.424
28.7 0.4 0.0299 -0.187 0.442
28.8 0.415 0.0469 -0.195 0.461
28.9 0.421 0.0453 -0.203 0.47
29.0 0.399 -0.0104 -0.21 0.451
29.1 0.332 -0.0367 -0.217 0.398
29.2 0.296 -0.0463 -0.223 0.374
29.3 0.275 -0.0508 -0.23 0.362
29.4 0.223 -0.0489 -0.231 0.325
29.5 0.175 -0.0345 -0.185 0.257
29.6 0.154 -0.0332 -0.17 0.232
29.7 0.136 -0.0313 -0.157 0.21
29.8 0.121 -0.0272 -0.147 0.192
29.9 0.452 0.0923 -0.242 0.521
30.0 0.465 0.096 -0.247 0.535
30.1 0.407 0.0507 -0.253 0.482
30.2 0.363 0.0274 -0.258 0.446
30.3 0.284 0.023 -0.263 0.388
30.4 0.25 0.0563 -0.268 0.371
30.5 0.252 0.06 -0.273 0.377
30.6 0.263 0.0588 -0.277 0.387
30.7 0.275 0.0581 -0.282 0.398
30.8 0.29 0.0547 -0.286 0.411
30.9 0.307 0.0465 -0.29 0.425
31.0 0.324 0.0351 -0.294 0.439
31.1 0.34 0.0181 -0.298 0.452
31.2 0.399 0.368 -0.302 0.621
31.3 0.432 0.342 -0.305 0.63
31.4 0.454 0.232 -0.309 0.596
31.5 0.459 0.123 -0.312 0.569
31.6 0.466 0.123 -0.316 0.576
31.7 0.423 -0.0149 -0.319 0.531
31.8 0.378 -0.0507 -0.323 0.5
31.9 0.338 -0.0424 -0.326 0.472
32.0 0.32 0.00893 -0.329 0.459
32.1 0.306 0.0589 -0.333 0.456
32.2 0.326 0.073 -0.336 0.474
32.3 0.356 0.07 -0.339 0.497
32.4 0.388 0.0518 -0.342 0.52
32.5 0.413 0.0188 -0.346 0.539
32.6 0.576 -0.0786 -0.349 0.678
32.7 0.584 -0.114 -0.352 0.691
32.8 0.538 -0.146 -0.355 0.661
32.9 0.458 -0.202 -0.358 0.615
33.0 0.375 -0.224 -0.361 0.567
33.1 0.373 -0.175 -0.365 0.55
33.2 0.383 -0.137 -0.368 0.548
33.3 0.393 -0.112 -0.371 0.552
33.4 0.407 -0.0949 -0.374 0.561
33.5 0.424 -0.083 -0.377 0.573
33.6 0.437 -0.0733 -0.37 0.577
33.7 0.489 -0.324 -0.382 0.7
33.8 0.493 -0.309 -0.385 0.698
33.9 0.473 -0.222 -0.388 0.651
34.0 0.483 -0.181 -0.392 0.648
34.1 0.509 -0.156 -0.395 0.662
34.2 0.55 -0.141 -0.391 0.689
34.3 0.433 -0.105 -0.27 0.521
34.4 0.265 -0.0761 -0.207 0.345
34.5 0.254 -0.0721 -0.198 0.33
34.6 0.261 -0.0696 -0.188 0.329
34.7 0.272 -0.0682 -0.176 0.331
34.8 0.23 -0.0624 -0.176 0.296
34.9 0.223 -0.0597 -0.17 0.287
35.0 0.453 -0.101 -0.178 0.497
35.1 0.402 -0.0806 -0.147 0.435
35.2 0.356 -0.0698 -0.135 0.387
35.3 0.365 -0.0671 -0.117 0.389
35.4 0.383 -0.0652 -0.0952 0.4
35.5 0.389 -0.0624 -0.0762 0.401
35.6 0.404 -0.0604 -0.052 0.412
35.7 0.4 -0.0576 -0.0352 0.405
35.8 0.401 -0.055 -0.0201 0.406
35.9 0.173 -0.0325 0.0758 0.191
36.0 0.188 -0.0277 0.0881 0.209
36.1 0.429 -0.0259 0.0994 0.441
36.2 0.491 -0.0264 0.11 0.504
36.3 0.475 -0.0282 0.12 0.49
36.4 0.458 -0.0292 0.129 0.477
36.5 0.456 -0.0297 0.137 0.477
36.6 0.456 -0.0299 0.145 0.479
36.7 0.459 -0.0299 0.152 0.484
36.8 0.455 -0.0299 0.155 0.482
36.9 0.443 -0.0298 0.148 0.469
37.0 0.189 0.0072 0.17 0.255
37.1 0.382 0.00125 0.176 0.421
37.2 0.531 -0.000244 0.182 0.561
37.3 0.512 -0.00511 0.187 0.546
37.4 0.505 -0.00833 0.192 0.54
37.5 0.499 -0.0107 0.197 0.537
37.6 0.495 -0.0125 0.202 0.535
37.7 0.485 -0.014 0.206 0.528
37.8 0.477 -0.015 0.211 0.522
37.9 0.469 -0.0158 0.215 0.516
38.0 0.266 -0.00229 0.219 0.345
38.1 -0.102 0.046 0.223 0.249
38.2 -0.102 0.0474 0.227 0.253
38.3 0.108 0.0237 0.231 0.256
38.4 0.233 0.0147 0.234 0.331
38.5 0.323 0.00957 0.238 0.401
38.6 0.36 0.00593 0.242 0.434
38.7 0.388 0.00301 0.245 0.459
38.8 0.416 0.000433 0.249 0.484
38.9 0.439 -0.00166 0.252 0.507
39.0 0.468 -0.00372 0.255 0.533
39.1 0.499 -0.00553 0.259 0.562
39.2 -0.125 0.0814 0.262 0.302
39.3 -0.124 0.0824 0.265 0.304
39.4 0.0995 0.0471 0.269 0.29
39.5 0.2 0.0307 0.272 0.339
39.6 0.271 0.0189 0.275 0.387
39.7 0.345 0.00699 0.278 0.444
39.8 0.365 0.00484 0.281 0.461
39.9 0.404 -0.00022 0.285 0.494
40.0 0.443 -0.00526 0.288 0.528
40.1 0.477 -0.00942 0.291 0.559
40.2 0.498 -0.0117 0.294 0.579
40.3 0.0482 0.0903 0.297 0.314
40.4 0.0717 0.0882 0.3 0.321
40.5 0.249 0.043 0.303 0.395
40.6 0.402 0.00284 0.306 0.505
40.7 0.463 -0.00945 0.309 0.557
40.8 0.482 -0.0106 0.312 0.574
40.9 0.5 -0.00956 0.315 0.591
41.0 0.524 -0.01 0.318 0.614
41.1 0.559 -0.0112 0.321 0.645
41.2 0.597 -0.0111 0.312 0.674
41.3 0.576 -0.0048 0.254 0.629
41.4 0.186 0.079 0.325 0.383
41.5 0.222 0.0629 0.328 0.401
41.6 0.446 -0.0105 0.331 0.556
41.7 0.671 -0.0699 0.32 0.747
41.8 0.567 -0.0196 0.24 0.616
41.9 0.335 -0.00392 0.146 0.366
42.0 0.334 -0.0058 0.138 0.361
42.1 0.326 -0.0047 0.13 0.351
42.2 0.334 -0.00223 0.117 0.354
42.3 0.346 -0.00166 0.104 0.361
42.4 0.41 0.00635 0.0622 0.415
42.5 0.316 -0.00861 0.0979 0.331
42.6 0.304 -0.00375 0.0534 0.308
42.7 0.314 -0.00526 0.0529 0.318
42.8 0.335 -0.0017 -0.00141 0.335
42.9 0.364 -0.00033 -0.0385 0.366
43.0 0.39 0.000192 -0.0623 0.395
43.1 0.411 0.000799 -0.0772 0.418
43.2 0.415 0.00181 -0.0758 0.422
43.3 0.41 0.00276 -0.0658 0.415
43.4 0.428 0.00651 -0.084 0.436
43.5 0.438 0.0101 -0.0935 0.448
43.6 0.315 -0.00217 -0.0218 0.316
43.7 0.263 -0.0294 -0.167 0.313
43.8 0.289 -0.0596 -0.177 0.344
43.9 0.27 0.00487 -0.187 0.328
44.0 0.303 0.00508 -0.195 0.36
44.1 0.328 0.00559 -0.203 0.386
44.2 0.351 0.00445 -0.211 0.41
44.3 0.372 0.00194 -0.218 0.431
44.4 0.385 0.00568 -0.225 0.446
44.5 0.4 0.00678 -0.231 0.462
44.6 0.414 0.00887 -0.237 0.477
44.7 0.425 0.014 -0.243 0.49
44.8 0.295 -0.0572 -0.248 0.39
44.9 0.225 -0.0852 -0.253 0.349
45.0 0.199 0.0154 -0.258 0.326
45.1 0.234 0.0217 -0.263 0.353
45.2 0.268 0.0181 -0.267 0.379
45.3 0.296 0.0147 -0.272 0.402
45.4 0.316 0.0147 -0.276 0.42
45.5 0.335 0.0125 -0.28 0.437
45.6 0.351 0.0118 -0.284 0.452
45.7 0.363 0.0136 -0.288 0.464
45.8 0.387 -0.000301 -0.292 0.485
45.9 0.134 -0.102 -0.296 0.34
46.0 0.0821 -0.0484 -0.299 0.314
46.1 0.11 0.0187 -0.303 0.322
46.2 0.171 0.012 -0.306 0.351
46.3 0.214 0.00878 -0.31 0.376
46.4 0.247 0.00426 -0.313 0.399
46.5 0.277 -0.0031 -0.316 0.421
46.6 0.303 -0.0106 -0.32 0.44
46.7 0.324 -0.0149 -0.323 0.458
46.8 0.347 -0.0219 -0.326 0.477
46.9 0.369 -0.0288 -0.329 0.495
47.0 -0.0653 0.00803 -0.333 0.339
47.1 -0.104 0.0236 -0.336 0.352
47.2 0.0324 0.0049 -0.339 0.341
47.3 0.109 0.00348 -0.342 0.359
47.4 0.162 0.000995 -0.345 0.382
47.5 0.204 -0.00396 -0.348 0.404
47.6 0.238 -0.00911 -0.351 0.424
47.7 0.268 -0.017 -0.351 0.442
47.8 0.284 -0.0211 -0.317 0.427
47.9 0.27 -0.0136 -0.237 0.359
48.0 0.247 -0.00979 -0.177 0.304
48.1 -0.16 0.0398 -0.345 0.383
48.2 -0.185 0.0329 -0.35 0.397
48.3 -0.0784 -0.00624 -0.354 0.363
48.4 0.0228 -0.00129 -0.359 0.359
48.5 0.0939 -0.0064 -0.361 0.373
48.6 0.146 -0.00561 -0.315 0.347
48.7 0.172 -0.00212 -0.24 0.295
48.8 0.181 -0.00474 -0.183 0.258
48.9 0.187 -0.00757 -0.171 0.253
49.0 0.19 -0.00508 -0.163 0.251
49.1 0.192 -0.00491 -0.155 0.246
49.2 -0.208 0.0112 -0.336 0.396
49.3 -0.231 0.00661 -0.342 0.413
49.4 -0.243 -0.015 -0.316 0.399
49.5 -0.0861 0.0132 -0.243 0.258
49.6 0.029 0.0143 -0.196 0.199
49.7 0.114 -0.00151 -0.165 0.2
49.8 0.127 -0.000356 -0.158 0.202
49.9 0.134 -0.00324 -0.153 0.203
