%x y
0.0 0.0
0.009999999999999787 0.00472929170172451
0.019999999999999574 0.013134982603717987
0.02999999999999936 0.022325139191502023
0.03999999999999915 0.03234226914433583
0.049999999999998934 0.041543807237270705
0.05999999999999872 0.049860308568874745
0.07000000000000028 0.05611747960166032
0.08000000000000007 0.059588704765449
0.08999999999999986 0.05992545077509781
0.09999999999999964 0.05700916035188365
0.10999999999999943 0.05139935316259223
0.11999999999999922 0.04572298856780778
0.129999999999999 0.03995861208352113
0.1399999999999988 0.03433177762891493
0.14999999999999858 0.029539590475041927
0.16000000000000014 0.025857692108370363
0.16999999999999993 0.023766480396107452
0.17999999999999972 0.02326460734374795
0.1899999999999995 0.0248076691338196
0.1999999999999993 0.027401533444512356
0.20999999999999908 0.03007525989342847
0.21999999999999886 0.03386903338685085
0.22999999999999865 0.038291051813934614
0.2400000000000002 0.0420484491835878
0.25 0.044670809501198595
0.2599999999999998 0.046026642628923656
0.2699999999999996 0.04744460958996206
0.27999999999999936 0.047788852577693074
0.28999999999999915 0.04768555040372649
0.29999999999999893 0.046631381769760144
0.3099999999999987 0.045462929302353336
0.3200000000000003 0.044234190364333084
0.33000000000000007 0.04260289350960479
0.33999999999999986 0.04074774039504566
0.34999999999999964 0.0389046556796601
0.35999999999999943 0.03698487333477451
0.3699999999999992 0.03619523963748323
0.379999999999999 0.036111778965589106
0.3899999999999988 0.03695250283094919
0.3999999999999986 0.03761687435337596
0.41000000000000014 0.03832520806945129
0.41999999999999993 0.0390607195262049
0.4299999999999997 0.04070935520206937
0.4399999999999995 0.043142176740125236
0.4499999999999993 0.044968737198695104
0.4599999999999991 0.04625311338992487
0.46999999999999886 0.04701361976593496
0.47999999999999865 0.047054934077586895
0.4900000000000002 0.04723146696972741
0.5 0.048065753904121884
0.5099999999999998 0.04738843247867673
0.5199999999999996 0.04562322324736219
0.5299999999999994 0.0440676592673223
0.5399999999999991 0.042428364791805076
0.5499999999999989 0.04066391209866485
0.5599999999999987 0.039060470167068644
0.5700000000000003 0.03764085179450408
0.5800000000000001 0.036941955698598795
0.5899999999999999 0.03668095496552665
0.5999999999999996 0.037009414478082696
0.6099999999999994 0.03903057275375232
0.6199999999999992 0.0412550021209576
0.629999999999999 0.043597155123136395
0.6399999999999988 0.04549634444284095
0.6499999999999986 0.047183627309980374
0.6600000000000001 0.049408134913970975
0.6699999999999999 0.05152668627753645
0.6799999999999997 0.05304196610120975
0.6899999999999995 0.05365843031362206
0.6999999999999993 0.05421936248620709
0.7099999999999991 0.05431839423282961
0.7199999999999989 0.05425504696761316
0.7299999999999986 0.053568132278694586
0.7400000000000002 0.05258283643702667
0.75 0.05040722926019987
0.7599999999999998 0.04765839652208032
0.7699999999999996 0.04681378907452111
0.7799999999999994 0.04505707716270974
0.7899999999999991 0.043691291438258964
0.7999999999999989 0.04247713934825994
0.8099999999999987 0.04104627588313614
0.8200000000000003 0.03973891815308439
0.8300000000000001 0.039071191719929524
0.8399999999999999 0.03916247184168307
0.8499999999999996 0.03976424343536675
0.8599999999999994 0.04048791929857028
0.8699999999999992 0.041632644728654716
0.879999999999999 0.04195004738357497
0.8899999999999988 0.043676151736790556
0.8999999999999986 0.04515456221220177
0.9100000000000001 0.04609231920117186
0.9199999999999999 0.04651989563208386
0.9299999999999997 0.04651092920995037
0.9399999999999995 0.046537621426851424
0.9499999999999993 0.046859173593298484
0.9599999999999991 0.045084489033253246
0.9699999999999989 0.045740832449066474
0.9799999999999986 0.04693278303341084
0.9900000000000002 0.04786604255377941
1.0 0.04790549233153979
1.0099999999999998 0.04605977727242735
1.0199999999999996 0.044985627368429114
1.0299999999999994 0.04381399345782848
1.0399999999999991 0.04134703731080923
1.049999999999999 0.03920041636798128
1.0599999999999987 0.03785748888798166
1.0700000000000003 0.0357993407089124
1.08 0.034431439124150386
1.0899999999999999 0.03376666924206421
1.0999999999999996 0.03395282060273311
1.1099999999999994 0.03432126749044615
1.120000000000001 0.03511236320517812
1.129999999999999 0.035814090140214444
1.1400000000000006 0.03740356824053634
1.1499999999999986 0.03942602533783109
1.1600000000000001 0.042119534285997816
1.1699999999999982 0.04410073281346517
1.1799999999999997 0.04611767046629673
1.1899999999999977 0.04812822683353909
1.1999999999999993 0.0496072391058187
1.2100000000000009 0.05118936502216747
1.2199999999999989 0.05272905427909409
1.2300000000000004 0.05308745366999601
1.2399999999999984 0.05392042797652678
1.25 0.054589827224769676
1.259999999999998 0.05520661366990802
1.2699999999999996 0.05460994916003902
1.2800000000000011 0.05335060554548034
1.2899999999999991 0.05155951478775629
1.3000000000000007 0.047189945401637866
1.3099999999999987 0.04372044440411761
1.3200000000000003 0.04051536022766601
1.3299999999999983 0.038134104972378784
1.3399999999999999 0.037439815598722274
1.3499999999999979 0.03793208003444253
1.3599999999999994 0.03847278262664146
1.370000000000001 0.039121857219172405
1.379999999999999 0.038115368176683075
1.3900000000000006 0.03797760243951674
1.3999999999999986 0.037505470565262634
1.4100000000000001 0.0366626190723539
1.4199999999999982 0.0363072554950782
1.4299999999999997 0.03637482643989693
1.4399999999999977 0.03689589605808554
1.4499999999999993 0.03698790956579409
1.4600000000000009 0.037007974347214166
1.4699999999999989 0.03611151436947326
1.4800000000000004 0.035677982286403204
1.4899999999999984 0.03522940807190938
1.5 0.035018836111562
1.509999999999998 0.035237211282677684
1.5199999999999996 0.03604606198472141
1.5300000000000011 0.03607600839393601
1.5399999999999991 0.03583281484363969
1.5500000000000007 0.03503703824278332
1.5599999999999987 0.03456576569898335
1.5700000000000003 0.03378287382114632
1.5799999999999983 0.03437558112994919
1.5899999999999999 0.03499276983865198
1.5999999999999979 0.035537470667996826
1.6099999999999994 0.036811009966942164
1.620000000000001 0.03948109402179712
1.629999999999999 0.04197561600905104
1.6400000000000006 0.04145589602068762
1.6499999999999986 0.04236626100735131
1.6600000000000001 0.04170499350509154
1.6699999999999982 0.041539470555827754
1.6799999999999997 0.04109564873581342
1.6899999999999977 0.04047069505354189
1.6999999999999993 0.038829102347512696
1.7100000000000009 0.037689724525019744
1.7199999999999989 0.037231152417260896
1.7300000000000004 0.03713999421273646
1.7399999999999984 0.037667473778530844
1.75 0.038677249716485625
1.759999999999998 0.03954551986885732
1.7699999999999996 0.04063988625589034
1.7800000000000011 0.041144105635283326
1.7899999999999991 0.04192470365486138
1.8000000000000007 0.042390554279429
1.8099999999999987 0.041811442734220855
1.8200000000000003 0.041205687998510133
1.8299999999999983 0.04023747970146861
1.8399999999999999 0.039122222306161164
1.8499999999999979 0.03821960507525951
1.8599999999999994 0.03750951298136041
1.870000000000001 0.03613596355923487
1.879999999999999 0.03515932532512675
1.8900000000000006 0.03453433087331988
1.8999999999999986 0.034307372629331624
1.9100000000000001 0.034126265550815986
1.9199999999999982 0.03428870158523905
1.9299999999999997 0.034978888281223204
1.9399999999999977 0.03561767245456078
1.9499999999999993 0.03681080403789975
1.9600000000000009 0.03839242379998471
1.9699999999999989 0.039634922572339186
1.9800000000000004 0.03902220164505778
1.9899999999999984 0.03802832229084543
2.0 0.03659472824793749
2.009999999999998 0.03546654564264217
2.0199999999999996 0.03470759357175715
2.030000000000001 0.03429240411194799
2.039999999999999 0.0338401287037862
2.0500000000000007 0.033426339640845945
2.0599999999999987 0.03333812331911321
2.0700000000000003 0.03365973366803837
2.0799999999999983 0.03491015456002688
2.09 0.035812076742035015
2.099999999999998 0.037474402543766425
2.1099999999999994 0.03944867716397975
2.120000000000001 0.041830236353046765
2.129999999999999 0.04478337430693938
2.1400000000000006 0.047857970281232294
2.1499999999999986 0.05213073538653406
2.16 0.057663608855246115
2.169999999999998 0.06395635594781986
2.1799999999999997 0.07339884491158893
2.1899999999999977 0.08761843714062263
2.1999999999999993 0.10667660412423846
2.210000000000001 0.1305582784493798
2.219999999999999 0.15896611343924819
2.2300000000000004 0.19144414103115523
2.2399999999999984 0.22573664021345308
2.25 0.2596915486845972
2.259999999999998 0.2915718675997068
2.2699999999999996 0.3194167655909299
2.280000000000001 0.3430829786531282
2.289999999999999 0.3606397013231905
2.3000000000000007 0.3724766734366034
2.3099999999999987 0.3778504831616887
2.3200000000000003 0.3770594640248049
2.3299999999999983 0.37251072395916773
2.34 0.3659716150233165
2.349999999999998 0.35676381753786646
2.3599999999999994 0.34808906974811904
2.370000000000001 0.3426304979291208
2.379999999999999 0.33992770599978844
2.3900000000000006 0.3407965494052823
2.3999999999999986 0.3453773507414021
2.41 0.35351479171021644
2.419999999999998 0.3655960829565569
2.4299999999999997 0.3799471917888051
2.4399999999999977 0.3953136349544787
2.4499999999999993 0.41050244353720167
2.460000000000001 0.4251465453680039
2.469999999999999 0.4378467526826552
2.4800000000000004 0.45001056130416994
2.4899999999999984 0.4591907739019143
2.5 0.46609688369071856
2.509999999999998 0.4695252416180588
2.5199999999999996 0.4699123875998044
2.530000000000001 0.4684220985148445
2.539999999999999 0.46643059439827944
2.5500000000000007 0.46641564578767514
2.5599999999999987 0.4668797153679337
2.5700000000000003 0.46902825131630044
2.5799999999999983 0.4717992586365077
2.59 0.46555656089374314
2.599999999999998 0.44847957738520183
2.6099999999999994 0.42822753109102246
2.620000000000001 0.41704094757961746
2.629999999999999 0.4439441963298101
2.6400000000000006 0.47585377103624665
2.6499999999999986 0.47855737781817265
2.66 0.48523379454030885
2.669999999999998 0.496039200824996
2.6799999999999997 0.508839754061884
2.6899999999999977 0.5213796691556204
2.6999999999999993 0.5334748676886123
2.710000000000001 0.5417940669088733
2.719999999999999 0.546749735915268
2.7300000000000004 0.5472805300353251
2.7399999999999984 0.5454134845858414
2.75 0.5415869521537134
2.759999999999998 0.538753313269705
2.7699999999999996 0.5347274092638997
2.780000000000001 0.533000250644359
2.789999999999999 0.5306887123382648
2.8000000000000007 0.5311682771312786
2.8099999999999987 0.5304601148431424
2.8200000000000003 0.5479980262161431
2.8299999999999983 0.5459718818087297
2.84 0.5451827513351469
2.849999999999998 0.5445227383093408
2.8599999999999994 0.5451072687254371
2.870000000000001 0.5475163881550716
2.879999999999999 0.5631289515166046
2.8900000000000006 0.5614888066334578
2.8999999999999986 0.5576659103302549
2.91 0.5532878426157863
2.919999999999998 0.5500458803424422
2.9299999999999997 0.5596136160031256
2.9399999999999977 0.5553878381891758
2.9499999999999993 0.5528369821909915
2.960000000000001 0.5625013334027797
2.969999999999999 0.5605726558999564
2.9800000000000004 0.5597239232369153
2.9899999999999984 0.5593248675665943
3.0 0.5696770873064434
3.009999999999998 0.5790558318073191
3.0199999999999996 0.5771283676037458
3.030000000000001 0.5765245287319652
3.039999999999999 0.576494956529885
3.0500000000000007 0.5768571266778629
3.0599999999999987 0.5845078377769771
3.0700000000000003 0.5821970974488934
3.0799999999999983 0.5858060796634739
3.09 0.5889942870504933
3.099999999999998 0.5843702536798961
3.1099999999999994 0.5801418672271981
3.120000000000001 0.5771208391306277
3.129999999999999 0.5755937661453837
3.1400000000000006 0.5822517545212362
3.1499999999999986 0.583291967050762
3.16 0.585762093208533
3.169999999999998 0.5888611281897598
3.1799999999999997 0.5938092514597246
3.1899999999999977 0.5978970884640635
3.1999999999999993 0.6069635173379934
3.210000000000001 0.613947866213109
3.219999999999999 0.6145874503631061
3.2300000000000004 0.6130319223129983
3.2399999999999984 0.6093057869628065
3.25 0.6099819515133248
3.259999999999998 0.6074018773182732
3.2699999999999996 0.6042660316657987
3.280000000000001 0.6028877480342292
3.289999999999999 0.6016260548923984
3.3000000000000007 0.6018558444192996
3.3099999999999987 0.6028833243608217
3.3200000000000003 0.6059197678738367
3.3299999999999983 0.609401540069956
3.34 0.6128966182656939
3.349999999999998 0.6165755982410569
3.3599999999999994 0.6190928185536833
3.370000000000001 0.6204310005300014
3.379999999999999 0.621522345550344
3.3900000000000006 0.6214055067566698
3.3999999999999986 0.6212457113498627
3.41 0.6217032297305073
3.419999999999998 0.6214992176765433
3.4299999999999997 0.6235264665729843
3.4399999999999977 0.6247865447829396
3.4499999999999993 0.6257033739195212
3.460000000000001 0.6256842045382008
3.469999999999999 0.6257256003088809
3.4800000000000004 0.6280054558828387
3.4899999999999984 0.6307990017256138
3.5 0.6351494188349636
3.509999999999998 0.639054634580077
3.5199999999999996 0.6404333301601502
3.530000000000001 0.6384073441219575
3.539999999999999 0.6352249620478861
3.5500000000000007 0.6330686067317587
3.5599999999999987 0.6311520961660232
3.5700000000000003 0.6321869473586066
3.5799999999999983 0.6332036192191427
3.59 0.6347970625941856
3.599999999999998 0.6365375220990752
3.6099999999999994 0.6397569792998395
3.620000000000001 0.6440054550537986
3.629999999999999 0.649340968438808
3.6400000000000006 0.654849276814631
3.6499999999999986 0.659332265654884
3.66 0.6633783784041035
3.669999999999998 0.6651996223156545
3.6799999999999997 0.6660034786843858
3.6899999999999977 0.6648315003130166
3.6999999999999993 0.6633499328110831
3.710000000000001 0.6614699139946246
3.719999999999999 0.6607288608331389
3.7300000000000004 0.6603808199267953
3.7399999999999984 0.6600682357201901
3.75 0.6611175637625688
3.759999999999998 0.6616309054646984
3.7699999999999996 0.6620783183719554
3.780000000000001 0.6644608159991438
3.789999999999999 0.6664752699330548
3.8000000000000007 0.6691955275666924
3.8099999999999987 0.6710006659491191
3.8200000000000003 0.6717884677359005
3.8299999999999983 0.6727932391554348
3.84 0.6728138020052834
3.849999999999998 0.6719762416270072
3.8599999999999994 0.6725407428198967
3.870000000000001 0.6726078476221451
3.879999999999999 0.672788703474658
3.8900000000000006 0.6733044105845533
3.8999999999999986 0.6733661174913239
3.91 0.6748957304752506
3.919999999999998 0.6779808362841141
3.9299999999999997 0.6822836174925725
3.9399999999999977 0.6876334850886886
3.9499999999999993 0.6921587481138739
3.960000000000001 0.6933737067248298
3.969999999999999 0.6936739738060099
3.9800000000000004 0.6913632877884344
3.9899999999999984 0.6889700570505264
4.0 0.6874245952332368
4.009999999999998 0.6865182024800058
4.02 0.6859693952811231
4.030000000000001 0.6853952443784538
4.039999999999999 0.6856741454524821
4.050000000000001 0.6876450689201281
4.059999999999999 0.6908616760973918
4.07 0.6941737814203944
4.079999999999998 0.6986091215683827
4.09 0.7027842727679686
4.099999999999998 0.7055300911042005
4.109999999999999 0.7075514908947195
4.120000000000001 0.708566730608655
4.129999999999999 0.7092400522261363
4.140000000000001 0.7097910503388148
4.149999999999999 0.7105572726114868
4.16 0.7098239340402169
4.169999999999998 0.7092366025871204
4.18 0.7086467031652676
4.189999999999998 0.7086672986986393
4.199999999999999 0.708723096724959
4.210000000000001 0.7096858268598579
4.219999999999999 0.7110163242504285
4.23 0.7117776085538763
4.239999999999998 0.7136010630252386
4.25 0.7157370309288029
4.259999999999998 0.7169606382147887
4.27 0.7180189495193652
4.280000000000001 0.7199142559096329
4.289999999999999 0.7214901049135243
4.300000000000001 0.7231508970804592
4.309999999999999 0.7243339426815313
4.32 0.7252897937923518
4.329999999999998 0.725284580495535
4.34 0.725093554544922
4.349999999999998 0.724793282610333
4.359999999999999 0.7238218108954833
4.370000000000001 0.7229430255761781
4.379999999999999 0.7228315268705348
4.390000000000001 0.7229706435619287
4.399999999999999 0.7217115057649728
4.41 0.7203186072275686
4.419999999999998 0.7193361754995639
4.43 0.7184780666498859
4.439999999999998 0.7160185062420902
4.449999999999999 0.7097794778932436
4.460000000000001 0.6973021185518867
4.469999999999999 0.6792683295863546
4.48 0.6565635676463211
4.489999999999998 0.6290340992692035
4.5 0.5993092236914788
4.509999999999998 0.5661397773374375
4.52 0.5300834258132338
4.530000000000001 0.49113726185201767
4.539999999999999 0.44862738905897026
4.550000000000001 0.40390897135407905
4.559999999999999 0.35509261216745236
4.57 0.3037964162638298
4.579999999999998 0.24922374539171135
4.59 0.1944225908473121
4.599999999999998 0.14363428740683473
4.609999999999999 0.10949991654645067
4.620000000000001 0.11132236910685261
4.629999999999999 0.14638251589722112
4.640000000000001 0.1946987363815344
4.649999999999999 0.242466585619156
4.66 0.28391756730923945
4.669999999999998 0.3155063584164058
4.68 0.33589587386581043
4.689999999999998 0.345202107166418
4.699999999999999 0.34452265228051554
4.710000000000001 0.3362864201550625
4.719999999999999 0.3191819320158368
4.73 0.29353376163254835
4.739999999999998 0.26202102194104243
4.75 0.22700441507719782
4.759999999999998 0.19265951276455373
4.77 0.15977642028264583
4.780000000000001 0.13195753943769797
4.789999999999999 0.10955520036295038
4.800000000000001 0.09553906041598426
4.809999999999999 0.08894454275429911
4.82 0.08929038549852851
4.829999999999998 0.09554405536594297
4.84 0.10753210506644581
4.849999999999998 0.1224384374731681
4.859999999999999 0.13961784233701247
4.870000000000001 0.1576302209346591
4.879999999999999 0.17355114537423483
4.890000000000001 0.18521742908686817
4.899999999999999 0.19230245182031677
4.91 0.19538766708416255
4.919999999999998 0.1931996764751587
4.93 0.18756110478186394
4.939999999999998 0.17720318037565644
4.949999999999999 0.16260603793345257
4.960000000000001 0.14687433259701652
4.969999999999999 0.13112284992592665
4.98 0.11549524252164575
4.989999999999998 0.10106181269823526
5.0 0.08849841742848484
5.009999999999998 0.07884229102439042
5.02 0.07267958301355883
5.030000000000001 0.07008045245736064
5.039999999999999 0.06894300335359073
5.050000000000001 0.06962932280677657
5.059999999999999 0.07196097353947653
5.07 0.07459497500294494
5.079999999999998 0.07566254380133251
5.09 0.075776246551361
5.099999999999998 0.07488756832654903
5.109999999999999 0.0732635980463379
5.120000000000001 0.07085710871975702
5.129999999999999 0.06670519939875619
5.140000000000001 0.06144090353000824
5.149999999999999 0.05644294636839574
5.16 0.051373241721425114
5.169999999999998 0.04652530358995165
5.18 0.04335310440807429
5.189999999999998 0.04243982660137845
5.199999999999999 0.04219102615105261
5.210000000000001 0.04282110344374941
5.219999999999999 0.04445798043301443
5.23 0.04627603515516333
5.239999999999998 0.048550901745589785
5.25 0.05012638330972437
5.259999999999998 0.050602665335892937
5.27 0.05031905014854377
5.280000000000001 0.0500273570010655
5.289999999999999 0.04978783617767914
5.300000000000001 0.0504768345188886
5.309999999999999 0.05088800847240159
5.32 0.05165535048733999
5.329999999999998 0.05249169890861877
5.34 0.05446871891443058
5.349999999999998 0.05629807958332243
5.359999999999999 0.058070482177502866
5.370000000000001 0.05998330862069015
5.379999999999999 0.06239050785852348
5.390000000000001 0.06584033230341269
5.399999999999999 0.06880974426243659
5.41 0.07137965005976843
5.419999999999998 0.07332621013383182
5.43 0.0749963783727623
5.439999999999998 0.07650671010770961
5.449999999999999 0.07722125375927898
5.460000000000001 0.0779875722152101
5.469999999999999 0.07849739960439601
5.48 0.07938360545794097
5.489999999999998 0.0790342764222819
5.5 0.08003526532902755
5.509999999999998 0.08041275342672219
5.52 0.08234785810929553
5.530000000000001 0.08363036758872605
5.539999999999999 0.08575595840047646
5.550000000000001 0.08789692016839216
5.559999999999999 0.08984977945327093
5.57 0.09211329600201475
5.579999999999998 0.09383538882502925
5.59 0.09756629714285474
5.599999999999998 0.10144315965549201
5.609999999999999 0.10124402344095476
5.620000000000001 0.09988438501801858
5.629999999999999 0.0978087480908711
5.640000000000001 0.09856327859248938
5.649999999999999 0.09929127995705216
5.66 0.10008233266698693
5.669999999999998 0.09942573021935526
5.68 0.09878380805300137
5.689999999999998 0.0989445213384648
5.699999999999999 0.10018097556402404
5.710000000000001 0.10168964734471031
5.719999999999999 0.1032264694584747
5.73 0.10522754352606196
5.739999999999998 0.10572338796924795
5.75 0.10645088990249746
5.759999999999998 0.1074312390201996
5.77 0.10866116222628652
5.780000000000001 0.11000914015506796
5.789999999999999 0.11048114055311574
5.800000000000001 0.11037359297867744
5.809999999999999 0.11035076789270085
5.82 0.10957061303280043
5.829999999999998 0.10830110894070487
5.84 0.10856423033608048
5.849999999999998 0.10810646954411457
5.859999999999999 0.10799549457274603
5.870000000000001 0.1083226706566281
5.879999999999999 0.10857341872301299
5.890000000000001 0.10867445335306164
5.899999999999999 0.10821764126659235
5.91 0.10849685802038957
5.919999999999998 0.10797379366219755
5.93 0.1074340309762161
5.939999999999998 0.10754260515094598
5.949999999999999 0.10707723805474614
5.960000000000001 0.10620685441396938
5.969999999999999 0.10536731730418791
5.98 0.1039975154063621
5.989999999999998 0.10362285082140536
6.0 0.10253793352671779
6.009999999999998 0.10123139381774517
6.02 0.09999964747393464
6.030000000000001 0.09955190922710941
6.039999999999999 0.09899933207643483
6.050000000000001 0.09719930996319007
6.059999999999999 0.09645519232978482
6.07 0.09546022700035649
6.079999999999998 0.09504241139091758
6.09 0.0950013094621824
6.099999999999998 0.0951741644526791
6.109999999999999 0.09475218593593576
6.120000000000001 0.09428384382584598
6.129999999999999 0.09352874797222387
6.140000000000001 0.09267119718655563
6.149999999999999 0.09133543591080204
6.16 0.08972200589239918
6.169999999999998 0.08754387432250531
6.18 0.08547080662738168
6.189999999999998 0.08363194219956246
6.199999999999999 0.08223756992770317
6.210000000000001 0.08038134904856342
6.219999999999999 0.07850262973423316
6.23 0.07712060984833395
6.239999999999998 0.07539719386463141
6.25 0.0745277016903909
6.259999999999998 0.07347168982205096
6.27 0.0725458990768996
6.280000000000001 0.07161420659807384
6.289999999999999 0.07042922844886078
6.300000000000001 0.06957497087887064
6.309999999999999 0.06840886223848772
6.32 0.0672013782267238
6.329999999999998 0.06596964089988447
6.34 0.0644728379444466
6.349999999999998 0.0628102628044766
6.359999999999999 0.06097808011319795
6.370000000000001 0.05902590595320508
6.379999999999999 0.05687757174205284
6.390000000000001 0.055145175958371054
6.399999999999999 0.05395776554105212
6.41 0.052972976186933966
6.419999999999998 0.05197805359585188
6.43 0.05154108317565156
6.439999999999998 0.05083437782977234
6.449999999999999 0.050226376142155534
6.460000000000001 0.04949657305093173
6.469999999999999 0.04896344515500247
6.48 0.04820912161721166
6.489999999999998 0.04704682316018124
6.5 0.04592032598551872
6.509999999999998 0.04465701452940238
6.52 0.04295825505885245
6.530000000000001 0.041460940760390246
6.539999999999999 0.03976372944423138
6.550000000000001 0.03776293827076112
6.559999999999999 0.03668616945347038
6.57 0.03561016907955105
6.579999999999998 0.03473634907707879
6.59 0.035429792553083345
6.599999999999998 0.03588206839555693
6.609999999999999 0.036259427996103065
6.620000000000001 0.03620512936484785
6.629999999999999 0.036042553517166905
6.640000000000001 0.03558350078273748
6.649999999999999 0.03452588372826526
6.66 0.03297018105164487
6.669999999999998 0.031742932873108545
6.68 0.03060957423111152
6.689999999999998 0.02927187211614252
6.699999999999999 0.028170551594250543
6.710000000000001 0.02742478705229728
6.719999999999999 0.026912165008151398
6.73 0.02653220576244131
6.739999999999998 0.027183203807101715
6.75 0.02780402593208517
6.759999999999998 0.029110085353851338
6.77 0.029871288272278217
6.780000000000001 0.030129801934309947
6.789999999999999 0.030400040300028307
6.800000000000001 0.03045674227546955
6.809999999999999 0.029971464923291367
6.82 0.029465468633712532
6.829999999999998 0.029159703125181808
6.84 0.029078880820054668
6.849999999999998 0.02903569150481067
6.859999999999999 0.028643137605854414
6.870000000000001 0.028563650308425118
6.879999999999999 0.028187161685346275
6.890000000000001 0.02762215124031523
6.899999999999999 0.02730584653572179
6.91 0.02715494254806666
6.919999999999998 0.02689059187977463
6.93 0.02700926442392091
6.939999999999998 0.027780611273495574
6.949999999999999 0.028015180415365763
6.960000000000001 0.02846321717342664
6.969999999999999 0.028857881147549908
6.98 0.029499611911382187
6.989999999999998 0.030035594603007136
7.0 0.0303164595335676
7.009999999999998 0.029752985695319045
7.02 0.029451467108704516
7.030000000000001 0.028730910543676186
7.039999999999999 0.02781932205453917
7.050000000000001 0.02700909963279486
7.059999999999999 0.026058364270024285
7.07 0.025581907036668662
7.079999999999998 0.025613879477910367
7.09 0.025887282707610218
7.099999999999998 0.026116172627336537
7.109999999999999 0.026488659751129674
7.120000000000001 0.027166671721390992
7.129999999999999 0.02701008196904966
7.140000000000001 0.02613173285129016
7.149999999999999 0.02582470453054222
7.16 0.025396979099361942
7.169999999999998 0.025044575429748386
7.18 0.024614969129713622
7.189999999999998 0.023982014849725654
7.199999999999999 0.022741429902826696
7.210000000000001 0.022559864752927525
7.219999999999999 0.0220017996298608
7.23 0.020787513435332843
7.239999999999998 0.020231778273298338
7.25 0.019750418895444714
7.259999999999998 0.019514397826704354
7.27 0.01966744114228678
7.280000000000001 0.019536915648413988
7.289999999999999 0.01968848290369583
7.300000000000001 0.019954649741826293
7.309999999999999 0.02017891335785148
7.32 0.020579272506487598
7.329999999999998 0.020856053549996523
7.34 0.02046998889182593
7.349999999999998 0.020157741662742264
7.359999999999999 0.019444785095508094
7.370000000000001 0.018842986040684885
7.379999999999999 0.01832973557739544
7.390000000000001 0.017716415570568737
7.399999999999999 0.01676998938542402
7.41 0.016283065046378328
7.419999999999998 0.016130341469721414
7.43 0.01637442246713568
7.439999999999998 0.01691730724460385
7.449999999999999 0.017843715982347796
7.460000000000001 0.018609979755749503
7.469999999999999 0.019430187693597726
7.48 0.0207394276709277
7.489999999999998 0.022428557904575725
7.5 0.023616685588329172
7.509999999999998 0.024551698537049405
7.52 0.025126258626043486
7.530000000000001 0.025409790939904142
7.539999999999999 0.025964744449307596
7.550000000000001 0.026694449130272295
7.559999999999999 0.02668285203083082
7.57 0.026275098314268833
7.579999999999998 0.025873042414662612
7.59 0.02508816366156284
7.599999999999998 0.024755380556558584
7.609999999999999 0.024903864775623875
7.620000000000001 0.025233758285036625
7.629999999999999 0.025813327901767404
7.640000000000001 0.026618224899418733
7.649999999999999 0.027899118546726838
7.66 0.028397639983896283
7.669999999999998 0.027880203130933166
7.68 0.028361605008125235
7.689999999999998 0.029441876593923746
7.699999999999999 0.030570507060263562
7.710000000000001 0.03290423345670033
7.719999999999999 0.034127068979651905
7.73 0.035099942697514576
7.739999999999998 0.03548984116584764
7.75 0.03536567546711295
7.759999999999998 0.03551846277902423
7.77 0.03675697141008295
7.780000000000001 0.037817145259031265
7.789999999999999 0.03836330112879935
7.800000000000001 0.039107581760193695
7.809999999999999 0.04009227505243734
7.82 0.040727449143692036
7.829999999999998 0.04134217069503118
7.84 0.0425158296142328
7.849999999999998 0.04365125272732252
7.859999999999999 0.044604384925719755
7.870000000000001 0.045876748041996124
7.879999999999999 0.04556648748031874
7.890000000000001 0.045558289908070135
7.899999999999999 0.046040567330398595
7.91 0.04777061772623464
7.919999999999998 0.0500095488305217
7.93 0.05327296883154387
7.939999999999998 0.056062755500509584
7.949999999999999 0.05884743867445896
7.960000000000001 0.061000772255583306
7.969999999999999 0.06292591986179515
7.98 0.06341237001059848
7.989999999999998 0.06366717425842838
8.0 0.06315871273617829
8.009999999999998 0.06181807512566832
8.02 0.06065216769168337
8.030000000000001 0.059813516501390905
8.04 0.05849922976571041
8.05 0.05798287663050752
8.059999999999999 0.05740680012801305
8.07 0.05730268532517532
8.079999999999998 0.057730380749304346
8.09 0.058783875945459134
8.099999999999998 0.06079062504041639
8.11 0.06248811804030476
8.120000000000001 0.06453334804591837
8.129999999999999 0.06604107659679836
8.14 0.06659964329709235
8.149999999999999 0.06375410823382825
8.16 0.06459035841109917
8.169999999999998 0.06451644344600849
8.18 0.06217330227253479
8.189999999999998 0.06172824780054301
8.2 0.06291374621516473
8.21 0.06486895186786291
8.219999999999999 0.06778744853555715
8.23 0.06664126132227231
8.239999999999998 0.06480011210536478
8.25 0.06333356362295484
8.259999999999998 0.06188456414841773
8.27 0.06177278240668024
8.280000000000001 0.06148936703788299
8.29 0.06473862977893996
8.3 0.06543601191070761
8.309999999999999 0.06676815696349869
8.32 0.07337362238961143
8.329999999999998 0.07384438822879483
8.34 0.07889094455070157
8.349999999999998 0.08257791156914003
8.36 0.07811048809937679
8.370000000000001 0.07805736905511391
8.379999999999999 0.07596177864823522
8.39 0.06861924600795512
8.399999999999999 0.06624448999607446
8.41 0.061995725490324255
8.419999999999998 0.061681840160606474
8.43 0.061188879667489954
8.439999999999998 0.061840724276879734
8.45 0.06212796048804351
8.46 0.062362977111924386
8.469999999999999 0.062352171346048285
8.48 0.06284661152867022
8.489999999999998 0.06296045603465673
8.5 0.06342267175263903
8.509999999999998 0.06325527212756803
8.52 0.06289901683155526
8.530000000000001 0.06220783947730088
8.54 0.061110382165240715
8.55 0.06038492622773413
8.559999999999999 0.05989107512651823
8.57 0.05909710959598544
8.579999999999998 0.05819834216463965
8.59 0.05712274565849594
8.599999999999998 0.05652407296597929
8.61 0.05482981835474081
8.620000000000001 0.053606530012843705
8.629999999999999 0.05263134486792862
8.64 0.051608702280091595
8.649999999999999 0.052093109056740396
8.66 0.05124853359340121
8.669999999999998 0.052261223143381684
8.68 0.05268899135123729
8.689999999999998 0.05339911651208725
8.7 0.05402343627816748
8.71 0.053552631393285366
8.719999999999999 0.05286855522321544
8.73 0.051348304171383266
8.739999999999998 0.049940813831768724
8.75 0.04793870109062767
8.759999999999998 0.046303881230097994
8.77 0.04492719608341952
8.780000000000001 0.042277876468682946
8.79 0.04201446181918878
8.8 0.04238810838830553
8.809999999999999 0.04271344584790736
8.82 0.04332399919162583
8.829999999999998 0.04449364390113947
8.84 0.04490910027912882
8.849999999999998 0.04500839141626119
8.86 0.045252016740185495
8.870000000000001 0.044996451448509556
8.879999999999999 0.040403572712197494
8.89 0.04054033017516117
8.899999999999999 0.04072699494463294
8.91 0.040141304131102416
8.919999999999998 0.039579274764301633
8.93 0.038608427431192985
8.939999999999998 0.03738158470512518
8.95 0.03627910352458485
8.96 0.032992962387322924
8.969999999999999 0.03303779267175548
8.98 0.033013782560325985
8.989999999999998 0.03397236262724564
9.0 0.03494126757264267
9.009999999999998 0.035559774243797256
9.02 0.03541783318329716
9.030000000000001 0.03480018466773392
9.04 0.034695769994000085
9.05 0.03380175413231748
9.059999999999999 0.03283945338508322
9.07 0.03197524133792649
9.079999999999998 0.030628146834291513
9.09 0.028674484483850418
9.099999999999998 0.026938806501251557
9.11 0.024786512324712847
9.120000000000001 0.024335274733691393
9.129999999999999 0.023714745118455557
9.14 0.022757155188554246
9.149999999999999 0.022301897300909722
9.16 0.021665936112476
9.169999999999998 0.019724760223202468
9.18 0.018692763312761727
9.189999999999998 0.018966136298984634
9.2 0.019898619728193852
9.21 0.020991344170281468
9.219999999999999 0.022188905336149298
9.23 0.020450612596295825
9.239999999999998 0.019112808963744787
9.25 0.02022234749181722
9.259999999999998 0.020771675212237394
9.27 0.020760618504493098
9.280000000000001 0.021068963928226467
9.29 0.01733618976131333
9.3 0.0174539298486995
9.309999999999999 0.017495806892058048
9.32 0.01701675067694555
9.329999999999998 0.01676925513115219
9.34 0.01650904213325175
9.349999999999998 0.019272849907631718
9.36 0.016007478899325897
9.370000000000001 0.013336152651887359
9.379999999999999 0.012852981578875319
9.39 0.014013956347368179
9.399999999999999 0.01247943856380262
9.41 0.013224390259765042
9.419999999999998 0.015648545364800134
9.43 0.017496610069208465
9.439999999999998 0.01848402616240567
9.45 0.012350586474553352
9.46 0.012954348792462366
9.469999999999999 0.013249621525998217
9.48 0.01748817573894094
9.489999999999998 0.021669519103328764
9.5 0.018387148631089367
9.509999999999998 0.0160493900483464
9.52 0.016728318759995458
9.530000000000001 0.017603688606391096
9.54 0.018621736843450837
9.55 0.019192136451044894
9.559999999999999 0.012675618282826632
9.57 0.010925323256615847
9.579999999999998 0.011767172226637328
9.59 0.012345167705831762
9.599999999999998 0.01196547235016934
