%x y
0.0 0.0
0.010000000000001563 0.00404983950299243
0.02000000000000135 0.011337211650135012
0.030000000000001137 0.020915225313628525
0.040000000000000924 0.031090972570899655
0.05000000000000071 0.04076399284941377
0.0600000000000005 0.0493120564861074
0.07000000000000028 0.05584993451432442
0.08000000000000007 0.06024240065417142
0.09000000000000163 0.06212087643934744
0.10000000000000142 0.06175786852088276
0.11000000000000121 0.05956315397364275
0.120000000000001 0.04465927624021584
0.13000000000000078 0.03366997614048919
0.14000000000000057 0.03258395095486624
0.15000000000000036 0.024837576431070305
0.16000000000000014 0.020526231758450943
0.1700000000000017 0.01887093968940221
0.1800000000000015 0.02169755552573095
0.19000000000000128 0.02352748318436425
0.20000000000000107 0.028416692015073425
0.21000000000000085 0.03473006967509299
0.22000000000000064 0.0412524707658403
0.23000000000000043 0.047398999168535676
0.2400000000000002 0.052197612940520825
0.25 0.055606256053264705
0.26000000000000156 0.05722568156239114
0.27000000000000135 0.05665144781857829
0.28000000000000114 0.05462636939187694
0.2900000000000009 0.051956527856692636
0.3000000000000007 0.049132070327775106
0.3100000000000005 0.04584479718164495
0.3200000000000003 0.04295019708768274
0.33000000000000007 0.0402154472741798
0.34000000000000163 0.03783187629683443
0.3500000000000014 0.03651712675783964
0.3600000000000012 0.03599581529279693
0.370000000000001 0.03653433890600981
0.3800000000000008 0.03754498321456644
0.39000000000000057 0.03890071308935439
0.40000000000000036 0.04145564239517141
0.41000000000000014 0.04434483405622742
0.4200000000000017 0.047447105560637144
0.4300000000000015 0.05016081512297619
0.4400000000000013 0.052316724553454305
0.45000000000000107 0.054609071317923266
0.46000000000000085 0.05585210233672008
0.47000000000000064 0.056706543963102915
0.4800000000000004 0.056620187438587655
0.4900000000000002 0.0553186192305971
0.5 0.0524280673711155
0.5100000000000016 0.04945528694597518
0.5200000000000014 0.045754654514009334
0.5300000000000011 0.04290190100925192
0.5400000000000009 0.03988887514503557
0.5500000000000007 0.037259833294098314
0.5600000000000005 0.035368849099342334
0.5700000000000003 0.034305934966808886
0.5800000000000001 0.034356709811142604
0.5900000000000016 0.034800640523220155
0.6000000000000014 0.03564853501034483
0.6100000000000012 0.03417305357733929
0.620000000000001 0.03572351352234735
0.6300000000000008 0.03779799239989459
0.6400000000000006 0.04002710956313219
0.6500000000000004 0.04165561018270938
0.6600000000000001 0.04296861272991018
0.6700000000000017 0.043432062676633514
0.6800000000000015 0.04304716796519709
0.6900000000000013 0.0425657913532349
0.7000000000000011 0.04219152916088664
0.7100000000000009 0.04127960437689117
0.7200000000000006 0.04062252522445101
0.7300000000000004 0.03982201631787843
0.7400000000000002 0.038641203417368
0.75 0.038029382323123466
0.7600000000000016 0.038551265113073316
0.7700000000000014 0.039506749312119
0.7800000000000011 0.04144917633676508
0.7900000000000009 0.04341670088686682
0.8000000000000007 0.04570473187138789
0.8100000000000005 0.047842736424176115
0.8200000000000003 0.04974651141393324
0.8300000000000001 0.0513885600232769
0.8400000000000016 0.05211929567086618
0.8500000000000014 0.05246109323877226
0.8600000000000012 0.05207104846413763
0.870000000000001 0.051225652283415066
0.8800000000000008 0.05044664478934274
0.8900000000000006 0.04912846494009673
0.9000000000000004 0.0479913047623884
0.9100000000000001 0.04660109713409619
0.9200000000000017 0.04508631364341535
0.9300000000000015 0.043857217276359786
0.9400000000000013 0.0426455694289142
0.9500000000000011 0.04192874841783896
0.9600000000000009 0.041802040127828226
0.9700000000000006 0.04204231917361049
0.9800000000000004 0.04235992116246382
0.9900000000000002 0.0433864911340267
1.0 0.04448946252675939
1.0100000000000016 0.04569713916006353
1.0200000000000014 0.047068353320870636
1.0300000000000011 0.04795600634191265
1.040000000000001 0.048719701643263606
1.0500000000000007 0.04894392117981477
1.0600000000000005 0.04893140907716517
1.0700000000000003 0.04896652488004946
1.08 0.04904571405178786
1.0900000000000016 0.04784605776205633
1.1000000000000014 0.047596474887277494
1.1100000000000012 0.047850301682862896
1.120000000000001 0.04861570758974974
1.1300000000000008 0.04933611597426125
1.1400000000000006 0.050442418297332633
1.1500000000000004 0.05178044214953754
1.1600000000000001 0.053210990837508104
1.1700000000000017 0.05446534463733665
1.1800000000000015 0.05426791359022958
1.1900000000000013 0.053852416615671014
1.200000000000001 0.05383552253987548
1.2100000000000009 0.052863444370518126
1.2200000000000006 0.05213436422628583
1.2300000000000004 0.051898870014214935
1.2400000000000002 0.05171340263087023
1.25 0.0524462768964311
1.2600000000000016 0.05368047484749479
1.2700000000000014 0.05456475358023084
1.2800000000000011 0.05526128940412836
1.290000000000001 0.0557166545454032
1.3000000000000007 0.05607364357948285
1.3100000000000005 0.056050886545207616
1.3200000000000003 0.05480563843648662
1.33 0.05389217561745113
1.3400000000000016 0.052248155598900003
1.3500000000000014 0.05110539973379187
1.3600000000000012 0.05013136875028833
1.370000000000001 0.04924642037946705
1.3800000000000008 0.04816095876761614
1.3900000000000006 0.04709689557616601
1.4000000000000004 0.046309394455461776
1.4100000000000001 0.04589398598693831
1.4200000000000017 0.04541536377666598
1.4300000000000015 0.04511386808042865
1.4400000000000013 0.044770243131815386
1.450000000000001 0.044851671720647454
1.4600000000000009 0.0449647390893057
1.4700000000000006 0.045569517155160694
1.4800000000000004 0.04593404637868773
1.4900000000000002 0.0463529855360615
1.5 0.04643485110195681
1.5100000000000016 0.04555991548369799
1.5200000000000014 0.04466318986230246
1.5300000000000011 0.043137713787294994
1.540000000000001 0.04138694641097443
1.5500000000000007 0.03972207714693497
1.5600000000000005 0.038437880156237114
1.5700000000000003 0.03751101236389436
1.58 0.03650236108423443
1.5900000000000016 0.0360360891064405
1.6000000000000014 0.035527975663924516
1.6100000000000012 0.03498179849843307
1.620000000000001 0.03496776280734275
1.6300000000000008 0.03511202126921184
1.6400000000000006 0.03488470056285515
1.6500000000000004 0.03496803339075622
1.6600000000000001 0.03488771132738117
1.6700000000000017 0.03472475511060796
1.6800000000000015 0.034551820349427394
1.6900000000000013 0.034089841512050134
1.700000000000001 0.03415279587256106
1.7100000000000009 0.03434676632565282
1.7200000000000006 0.034636292285437506
1.7300000000000004 0.03492273455345152
1.7400000000000002 0.035216811176893834
1.75 0.03556866460966062
1.7600000000000016 0.03640874034015263
1.7700000000000014 0.03706636400451829
1.7800000000000011 0.037452616244261584
1.790000000000001 0.037279452053088746
1.8000000000000007 0.036849848735665845
1.8100000000000005 0.03670458695686389
1.8200000000000003 0.03651630179096299
1.83 0.036530257085528775
1.8400000000000016 0.036027470201901536
1.8500000000000014 0.035419099065800146
1.8600000000000012 0.034941335196685595
1.870000000000001 0.034687195777715445
1.8800000000000008 0.03460763727639899
1.8900000000000006 0.03485689918555075
1.9000000000000004 0.035506495010164216
1.9100000000000001 0.035573173714791004
1.9200000000000017 0.035600347761005895
1.9300000000000015 0.03550408956660799
1.9400000000000013 0.03516513883970856
1.950000000000001 0.03467758543149979
1.9600000000000009 0.03497483079624143
1.9700000000000006 0.03517772520276587
1.9800000000000004 0.035446595714745434
1.9900000000000002 0.035120248609734374
2.0 0.03490057720986303
2.0100000000000016 0.03505836178245372
2.0200000000000014 0.03427144732795109
2.030000000000001 0.03388336926003515
2.040000000000001 0.03462325702854534
2.0500000000000007 0.035425891182556256
2.0600000000000005 0.03553382680152598
2.0700000000000003 0.035153581522868876
2.08 0.034810930616368495
2.0900000000000016 0.03435254195606162
2.1000000000000014 0.03381138263054082
2.110000000000001 0.03365443739011447
2.120000000000001 0.03412049655267757
2.130000000000001 0.03502181399866735
2.1400000000000006 0.036738851039812684
2.1500000000000004 0.03901825184514525
2.16 0.042059435165512776
2.1700000000000017 0.046708094954335595
2.1800000000000015 0.053376797458094885
2.1900000000000013 0.061815932018033835
2.200000000000001 0.07327404644661241
2.210000000000001 0.08838559526247385
2.2200000000000006 0.10668353931311199
2.2300000000000004 0.12870449670216474
2.24 0.151984272657064
2.25 0.17535161293202114
2.2600000000000016 0.19801410358116842
2.2700000000000014 0.21836235023921463
2.280000000000001 0.23692970598867838
2.290000000000001 0.2519539108916474
2.3000000000000007 0.26428038859303676
2.3100000000000005 0.2736829471818601
2.3200000000000003 0.2804404583795097
2.33 0.2853149537856985
2.3400000000000016 0.288649332410962
2.3500000000000014 0.2915870767398864
2.360000000000001 0.2951292152652212
2.370000000000001 0.2994690240166916
2.380000000000001 0.3046840504532899
2.3900000000000006 0.31097008740337595
2.4000000000000004 0.31832563956010745
2.41 0.3261269982246501
2.4200000000000017 0.33415317804103295
2.4300000000000015 0.3423948097473987
2.4400000000000013 0.35037283182330986
2.450000000000001 0.3565983605550132
2.460000000000001 0.36165135312695046
2.4700000000000006 0.3652696813584937
2.4800000000000004 0.36703619215183103
2.49 0.3673803755958021
2.5 0.36712751398585436
2.5100000000000016 0.36667321750498266
2.5200000000000014 0.3671337498364819
2.530000000000001 0.3669253501619999
2.540000000000001 0.3669796929095513
2.5500000000000007 0.3673556338074101
2.5600000000000005 0.3679864432453786
2.5700000000000003 0.3691636647379397
2.58 0.370823070292941
2.5900000000000016 0.3732273716996038
2.6000000000000014 0.3758100177657416
2.610000000000001 0.3791916362348587
2.620000000000001 0.38277379951333446
2.630000000000001 0.3871190334580833
2.6400000000000006 0.39091418038239506
2.6500000000000004 0.3943357069024368
2.66 0.39743792983407317
2.6700000000000017 0.3998859566579831
2.6800000000000015 0.4022126229609098
2.6900000000000013 0.4047922634249669
2.700000000000001 0.40597054021724516
2.710000000000001 0.40719758023398456
2.7200000000000006 0.40836382298247637
2.7300000000000004 0.4092758923941334
2.74 0.40876526858519335
2.75 0.40811832308863716
2.7600000000000016 0.4091602616253198
2.7700000000000014 0.41012282695637015
2.780000000000001 0.41238170410315295
2.790000000000001 0.4152561929799878
2.8000000000000007 0.41392621225473253
2.8100000000000005 0.4112303932687051
2.8200000000000003 0.41103912993097586
2.83 0.4111943281296565
2.8400000000000016 0.4146889898704146
2.8500000000000014 0.4191736555434482
2.860000000000001 0.42434509134281484
2.870000000000001 0.43020393869004564
2.880000000000001 0.43578823457071597
2.8900000000000006 0.44026787432971615
2.9000000000000004 0.44140457698611046
2.91 0.44197090016025603
2.9200000000000017 0.44208996120131777
2.9300000000000015 0.4415593819964231
2.9400000000000013 0.4422131355224403
2.950000000000001 0.44062542853573494
2.960000000000001 0.4390273722732644
2.9700000000000006 0.43751574270017785
2.9800000000000004 0.4384339445076672
2.99 0.4379492083008021
3.0 0.43641608524979236
3.0100000000000016 0.43603972544060704
3.0200000000000014 0.43625790472875087
3.030000000000001 0.43979714124271563
3.040000000000001 0.44150085563709884
3.0500000000000007 0.44326272078520507
3.0600000000000005 0.44749688414749655
3.0700000000000003 0.44871109093456174
3.08 0.44972491650211166
3.0900000000000016 0.45038126059899075
3.1000000000000014 0.45064916308391784
3.110000000000001 0.4506837466401592
3.120000000000001 0.45034338000983476
3.130000000000001 0.44867843384673806
3.1400000000000006 0.4470235398792759
3.1500000000000004 0.44500691752730204
3.16 0.4477363545859702
3.1700000000000017 0.4507191454274651
3.1800000000000015 0.4532790004452412
3.1900000000000013 0.4535228875838026
3.200000000000001 0.45320092195211725
3.210000000000001 0.4526930215208949
3.2200000000000024 0.4526473802776863
3.2300000000000004 0.45251685835993966
3.240000000000002 0.45349105411261575
3.25 0.4549061925644139
3.2600000000000016 0.45221915746382074
3.2699999999999996 0.4509628562641032
3.280000000000001 0.4504236078771794
3.289999999999999 0.451402169105704
3.3000000000000007 0.45359670088196147
3.3100000000000023 0.4574490892854523
3.3200000000000003 0.46198529278633055
3.330000000000002 0.4599172536417991
3.34 0.45965919182916015
3.3500000000000014 0.46124686923295377
3.3599999999999994 0.46398457001791954
3.370000000000001 0.46686788691868053
3.3800000000000026 0.4704264427094382
3.3900000000000006 0.47469856959275536
3.400000000000002 0.4784791524829192
3.41 0.4820224006264685
3.4200000000000017 0.48557661001262276
3.4299999999999997 0.4888445534352681
3.4400000000000013 0.49142318716436934
3.4499999999999993 0.4933122812184879
3.460000000000001 0.49407338141083745
3.4700000000000024 0.49406531284691574
3.4800000000000004 0.4937094001181785
3.490000000000002 0.4925923033739991
3.5 0.4914817954938527
3.5100000000000016 0.49128124672090434
3.5199999999999996 0.4913770833486784
3.530000000000001 0.4918442794953578
3.539999999999999 0.4920151247754485
3.5500000000000007 0.49266440502460473
3.5600000000000023 0.4937197776345529
3.5700000000000003 0.4952304471045451
3.580000000000002 0.4971107410680671
3.59 0.4991454322606826
3.6000000000000014 0.5013363889752996
3.6099999999999994 0.5036352998355029
3.620000000000001 0.5057935978208898
3.6300000000000026 0.5078788789092695
3.6400000000000006 0.5101603387129293
3.650000000000002 0.5122773109084545
3.66 0.5145211429878401
3.6700000000000017 0.5162122643309363
3.6799999999999997 0.5175260011440473
3.6900000000000013 0.5190894314588983
3.6999999999999993 0.51977767605787
3.710000000000001 0.5209264175700071
3.7200000000000024 0.5219741100554152
3.7300000000000004 0.5230504838441665
3.740000000000002 0.5241620484871079
3.75 0.5239920713654896
3.7600000000000016 0.5229172295101623
3.7699999999999996 0.5225103473053102
3.780000000000001 0.5225594812502952
3.789999999999999 0.5234274026352846
3.8000000000000007 0.524461910089598
3.8100000000000023 0.5264480854611604
3.8200000000000003 0.5287347519859933
3.830000000000002 0.53076626173291
3.84 0.5331526681981898
3.8500000000000014 0.5352975582427635
3.8599999999999994 0.5371790646606788
3.870000000000001 0.5388306533496451
3.8800000000000026 0.5402170807360592
3.8900000000000006 0.54116508468632
3.900000000000002 0.5412869842168054
3.91 0.5411187550762242
3.9200000000000017 0.5404044179421872
3.9299999999999997 0.5393876335219979
3.9400000000000013 0.5375002461085561
3.9499999999999993 0.5360258651550583
3.960000000000001 0.5349133285151962
3.9700000000000024 0.535310787785149
3.9800000000000004 0.5358982594808009
3.990000000000002 0.5370231576395875
4.0 0.5376248642754724
4.010000000000002 0.5382824302425543
4.02 0.5391908780431851
4.030000000000001 0.5403026899328749
4.039999999999999 0.5427437561239628
4.050000000000001 0.5438583063337924
4.060000000000002 0.5446424411510106
4.07 0.5445964327260487
4.080000000000002 0.5441042920735631
4.09 0.5435988964147027
4.100000000000001 0.542815638147872
4.109999999999999 0.5422346335607833
4.120000000000001 0.5423756879818117
4.130000000000003 0.5422434065666741
4.140000000000001 0.5426303040657383
4.150000000000002 0.5433597803920382
4.16 0.5440097020245519
4.170000000000002 0.5440070061754905
4.18 0.5445716737702114
4.190000000000001 0.5437147028464842
4.199999999999999 0.5430324684251512
4.210000000000001 0.5415615347992548
4.220000000000002 0.5404111965686921
4.23 0.5399803366961347
4.240000000000002 0.5376668511676564
4.25 0.5357897523248584
4.260000000000002 0.5341871834284584
4.27 0.5339636466730028
4.280000000000001 0.5384492359454464
4.289999999999999 0.5426027671852622
4.300000000000001 0.5460872309724586
4.310000000000002 0.5485459744106109
4.32 0.5497754204635911
4.330000000000002 0.5506827826527243
4.34 0.5508899902307888
4.350000000000001 0.5513004493528342
4.359999999999999 0.5513706578821441
4.370000000000001 0.5501008925938335
4.380000000000003 0.5484441065885115
4.390000000000001 0.5460451245717423
4.400000000000002 0.5415538257565427
4.41 0.538669888217807
4.420000000000002 0.5344648676572734
4.43 0.5290909018192602
4.440000000000001 0.5189873655875104
4.449999999999999 0.5073898393673177
4.460000000000001 0.49200881389524154
4.470000000000002 0.47368128899237893
4.48 0.45540268548006807
4.490000000000002 0.43585187008914017
4.5 0.41390181421739153
4.510000000000002 0.39032771065617766
4.52 0.36050426205307656
4.530000000000001 0.3296715043629867
4.539999999999999 0.29341423670011163
4.550000000000001 0.2531658400551195
4.560000000000002 0.2072427331523374
4.57 0.15848853261773438
4.580000000000002 0.10701857033220001
4.59 0.05643641277774849
4.600000000000001 0.02215885976079403
4.609999999999999 0.05482529431346534
4.620000000000001 0.0988143190509725
4.630000000000003 0.13944937421556503
4.640000000000001 0.17514999141831225
4.650000000000002 0.20733485001547067
4.66 0.2344815518869524
4.670000000000002 0.25393754888204195
4.68 0.2718011717215279
4.690000000000001 0.284114711082632
4.699999999999999 0.29634050174520615
4.710000000000001 0.3035571044073008
4.720000000000002 0.3056294801262284
4.73 0.30120088595004285
4.740000000000002 0.28875498548856093
4.75 0.2655275357106974
4.760000000000002 0.2383962388365275
4.77 0.2069413849020843
4.780000000000001 0.17617058510080724
4.789999999999999 0.14799049799065142
4.800000000000001 0.12706105102450427
4.810000000000002 0.11544438266057616
4.82 0.11394861833063197
4.830000000000002 0.1189085339860637
4.84 0.12623510064503105
4.850000000000001 0.13226941873840842
4.859999999999999 0.1350754737753479
4.870000000000001 0.1337159348269911
4.880000000000003 0.1294529624887938
4.890000000000001 0.1246123529543884
4.900000000000002 0.11813715438723521
4.91 0.11216088367810989
4.920000000000002 0.1061812952093406
4.93 0.09924870994433475
4.940000000000001 0.09090030395849225
4.949999999999999 0.08382667390675017
4.960000000000001 0.07734533014093208
4.970000000000002 0.07277148731692776
4.98 0.07208754543323208
4.990000000000002 0.07594725358189809
5.0 0.08274586600248666
5.010000000000002 0.0903881347860249
5.02 0.09642537719182794
5.030000000000001 0.10033109212364938
5.039999999999999 0.10268248211149172
5.050000000000001 0.10273426360338356
5.060000000000002 0.10078545751025113
5.07 0.09714941242900416
5.080000000000002 0.09224783837570628
5.09 0.08790624394799451
5.100000000000001 0.08288629036755955
5.109999999999999 0.07836307109359329
5.120000000000001 0.07615277591296964
5.130000000000003 0.0748161758427145
5.140000000000001 0.0745727823350044
5.150000000000002 0.07706296435164006
5.16 0.07933000488777102
5.170000000000002 0.08159034667823215
5.18 0.08631971877444085
5.190000000000001 0.09074534616946553
5.199999999999999 0.0949806170827693
5.210000000000001 0.09948313983180905
5.220000000000002 0.10339398586923461
5.23 0.10708066486434706
5.240000000000002 0.1087884614266059
5.25 0.10908258010707628
5.260000000000002 0.10887939301383887
5.27 0.10728806953754144
5.280000000000001 0.1051378851131156
5.289999999999999 0.1037969144073093
5.300000000000001 0.10257528109935479
5.310000000000002 0.10189216083842743
5.32 0.10211459003586464
5.330000000000002 0.10305619923909275
5.34 0.10438914073235844
5.350000000000001 0.10613630177859658
5.359999999999999 0.10708621101480192
5.370000000000001 0.10892756808753162
5.380000000000003 0.1110271611542031
5.390000000000001 0.11351399177079183
5.400000000000002 0.11582746252463412
5.41 0.1176082769307148
5.420000000000002 0.11809609293191121
5.43 0.11828622180167757
5.440000000000001 0.11957359548873549
5.449999999999999 0.11844379088055902
5.460000000000001 0.11721124888616667
5.470000000000002 0.11866475482755554
5.48 0.11681778603037739
5.490000000000002 0.11808769681109854
5.5 0.11941092418296283
5.510000000000002 0.12011991996774758
5.52 0.11990894306362583
5.530000000000001 0.11977739221941687
5.539999999999999 0.11950603138783589
5.550000000000001 0.11888234042207901
5.560000000000002 0.11796703964902164
5.57 0.11521096265547426
5.580000000000002 0.11212721507831865
5.59 0.10863441692293556
5.600000000000001 0.10650261553959578
5.609999999999999 0.10491987597568878
5.620000000000001 0.10748870960300907
5.630000000000003 0.11067434560511134
5.640000000000001 0.11348736160483765
5.650000000000002 0.11571671407196663
5.66 0.11675254539714988
5.670000000000002 0.11708117599799414
5.68 0.11613815668561754
5.690000000000001 0.11419859020072148
5.699999999999999 0.11258631510342992
5.710000000000001 0.11071527738348275
5.720000000000002 0.10889701718666218
5.73 0.10592299288155708
5.740000000000002 0.10124010076345792
5.75 0.09682010128708315
5.760000000000002 0.09251449882395826
5.77 0.0889825421168371
5.780000000000001 0.08675910322004696
5.789999999999999 0.08639325256196827
5.800000000000001 0.08768774643825315
5.810000000000002 0.09076947429605883
5.82 0.0947913826326134
5.830000000000002 0.09930615574453087
5.84 0.10362141789752123
5.850000000000001 0.10748840410098955
5.859999999999999 0.11053342487955184
5.870000000000001 0.1123182197798561
5.880000000000003 0.11292562978337387
5.890000000000001 0.11168105118548526
5.900000000000002 0.11044509538158732
5.91 0.10768358156117006
5.920000000000002 0.10592780667064508
5.93 0.10472190960859408
5.940000000000001 0.10349646187851474
5.949999999999999 0.10230682048787705
5.960000000000001 0.10115288241986875
5.970000000000002 0.09887496088327136
5.98 0.09621082403292358
5.990000000000002 0.09369502261816005
6.0 0.09145234964918914
6.010000000000002 0.09016585897458988
6.02 0.08753943151152106
6.030000000000001 0.08789431184420572
6.039999999999999 0.09020883371079061
6.050000000000001 0.09272916343116125
6.060000000000002 0.0934773573342715
6.07 0.09309152350574323
6.080000000000002 0.09150665813880195
6.09 0.08877813707631725
6.100000000000001 0.08553994642504992
6.109999999999999 0.084244596146292
6.120000000000001 0.08464041537562084
6.130000000000003 0.08669789249935396
6.140000000000001 0.09121526175452202
6.150000000000002 0.09934338018929448
6.16 0.10526791611289966
6.170000000000002 0.10848425527266094
6.18 0.1089433135769444
6.190000000000001 0.10651412525070075
6.199999999999999 0.10149241490936302
6.210000000000001 0.09450951786464937
6.220000000000002 0.08638220136936874
6.23 0.07684944298234499
6.240000000000002 0.06887425721300293
6.25 0.06267268998891559
6.260000000000002 0.05843563760280243
6.27 0.051016365652554144
6.280000000000001 0.0516924989380812
6.289999999999999 0.05022812337010705
6.300000000000001 0.05108479720641306
6.310000000000002 0.05457707666657225
6.32 0.058926159576383
6.330000000000002 0.06485051315301602
6.34 0.07135666433268864
6.350000000000001 0.07761901342966714
6.359999999999999 0.08285481556282967
6.370000000000001 0.08623572534592239
6.380000000000003 0.0877391100694667
6.390000000000001 0.08698622973458293
6.400000000000002 0.08461204334811046
6.41 0.08087425027514246
6.420000000000002 0.0760372578858733
6.43 0.07047515635732116
6.440000000000001 0.06510324986552768
6.449999999999999 0.0603243909008707
6.460000000000001 0.05665173610362839
6.470000000000002 0.054240940936138266
6.48 0.05265761711520264
6.490000000000002 0.052676098214611
6.5 0.05367650071819781
6.510000000000002 0.05588913864435125
6.52 0.058604279035398825
6.530000000000001 0.061316422929694164
6.539999999999999 0.0638761830527269
6.550000000000001 0.06582068851199793
6.560000000000002 0.06733972464765467
6.57 0.06792098022314515
6.580000000000002 0.0677862893933099
6.59 0.06691362194597139
6.600000000000001 0.0651866612088276
6.609999999999999 0.06312706560374798
6.620000000000001 0.06097902151785823
6.630000000000003 0.058368703641541946
6.640000000000001 0.056097818487392495
6.650000000000002 0.05464643963908184
6.66 0.05365060049517466
6.670000000000002 0.05339579212180699
6.68 0.053716615395636706
6.690000000000001 0.05452616702227014
6.699999999999999 0.05553484391985956
6.710000000000001 0.056558631422706396
6.720000000000002 0.057440667250544655
6.73 0.05806618141997886
6.740000000000002 0.0588199257577296
6.75 0.059316603977666915
6.760000000000002 0.05963901261194027
6.77 0.05930808144429809
6.780000000000001 0.059317504264175154
6.789999999999999 0.05903863038744192
6.800000000000001 0.05862004832172963
6.810000000000002 0.05739124886468935
6.82 0.05612089173818631
6.830000000000002 0.05507136482619872
6.84 0.05424969977448631
6.850000000000001 0.054159512330697795
6.859999999999999 0.05410825920612723
6.870000000000001 0.05433533329829979
6.880000000000003 0.05530111629984167
6.890000000000001 0.05630266833935543
6.900000000000002 0.057514369204387905
6.91 0.058595452839589175
6.920000000000002 0.059618693076497385
6.93 0.06052224991081727
6.940000000000001 0.06112493914102755
6.949999999999999 0.06136861959391556
6.960000000000001 0.061263724583002915
6.970000000000002 0.0607737963479495
6.98 0.059922266988306466
6.990000000000002 0.05904199783219907
7.0 0.05842401827251504
7.010000000000002 0.05748320250639061
7.02 0.057310612281460005
7.030000000000001 0.05745609294706204
7.039999999999999 0.05741471836638864
7.050000000000001 0.05782048248537133
7.060000000000002 0.05817824340477768
7.07 0.058531768669862975
7.080000000000002 0.059123011634860494
7.09 0.059367880953104524
7.100000000000001 0.059333790190243936
7.109999999999999 0.059600186380640664
7.120000000000001 0.059285631447834226
7.130000000000003 0.05902795356417694
7.140000000000001 0.05903377589821753
7.150000000000002 0.05882746097595998
7.16 0.058925328854557195
7.170000000000002 0.058793435080154166
7.18 0.05890483484009785
7.190000000000001 0.059061715148508505
7.199999999999999 0.05905980758904146
7.210000000000001 0.05889825729061649
7.220000000000002 0.05896265204736694
7.23 0.05902412594972547
7.240000000000002 0.05755028851011426
7.25 0.056073393762535895
7.260000000000002 0.05522091999186301
7.27 0.054974713272536856
7.280000000000001 0.05477143419161362
7.289999999999999 0.055276889549065296
7.300000000000001 0.05592844804737675
7.310000000000002 0.05731374331912924
7.32 0.05869036969272645
7.330000000000002 0.060604251697623714
7.34 0.061913585717147585
7.350000000000001 0.06314577728367993
7.359999999999999 0.06424168972642977
7.370000000000001 0.0648222065933229
7.380000000000003 0.06535087438072873
7.390000000000001 0.06553168658047162
7.400000000000002 0.06370460187936593
7.41 0.062382369973767365
7.420000000000002 0.06165415992514602
7.43 0.06093742918956595
7.440000000000001 0.06121232157193808
7.449999999999999 0.0618166774584571
7.460000000000001 0.06274942849544472
7.470000000000002 0.06413798823837755
7.48 0.06555712633530286
7.490000000000002 0.06660906790931861
7.5 0.06752924907025291
7.510000000000002 0.06833413470528774
7.52 0.06876285703451106
7.530000000000001 0.06901446255787519
7.539999999999999 0.06904801034314258
7.550000000000001 0.06917329128850204
7.560000000000002 0.0692304844409797
7.57 0.06941460810959146
7.580000000000002 0.06906829424405618
7.59 0.06905219811689425
7.600000000000001 0.06866289819789846
7.609999999999999 0.06827720902153674
7.620000000000001 0.06773277145534405
7.630000000000003 0.06731036560922508
7.640000000000001 0.06733037473573465
7.650000000000002 0.06746666931121996
7.66 0.06787756224780159
7.670000000000002 0.06810989352206064
7.68 0.06800485710270873
7.690000000000001 0.06799103831327759
7.699999999999999 0.06846068625255172
7.710000000000001 0.06874259881082465
7.720000000000002 0.06910768957341652
7.73 0.06935588988670714
7.740000000000002 0.06944573651208696
7.75 0.0696123327672145
7.760000000000002 0.06971324756308926
7.77 0.06974858594455043
7.780000000000001 0.06968628105783005
7.789999999999999 0.06975925185120406
7.800000000000001 0.06957584975654703
7.810000000000002 0.0695153034462458
7.82 0.06928671155214419
7.830000000000002 0.0701118611338818
7.84 0.07138378650697406
7.850000000000001 0.07234864697329528
7.859999999999999 0.07300436641534583
7.870000000000001 0.07307955690194319
7.880000000000003 0.07304385548875095
7.890000000000001 0.0722419376677177
7.900000000000002 0.07213860342022071
7.91 0.07141091028804598
7.920000000000002 0.07068187374990957
7.93 0.069908575320779
7.940000000000001 0.06773628842509934
7.949999999999999 0.06559763881123218
7.960000000000001 0.06442650505142593
7.970000000000002 0.06357323483325264
7.98 0.06356381020104694
7.990000000000002 0.06371739424833088
8.0 0.0649181324969903
8.010000000000002 0.06618288031727312
8.02 0.06797602539550891
8.030000000000001 0.0698750624494937
8.04 0.07169683349210419
8.05 0.07346818315194029
8.060000000000002 0.07484704356265007
8.07 0.07532992703634463
8.080000000000002 0.07638634388852913
8.09 0.07673238080063725
8.100000000000001 0.07662396436343855
8.11 0.07545884611496591
8.120000000000001 0.07396209033893102
8.130000000000003 0.07290165170531675
8.14 0.073682344021379
8.150000000000002 0.07393545846219612
8.16 0.07411860381140638
8.170000000000002 0.07444044398071643
8.18 0.07438796341975053
8.190000000000001 0.07372360425584391
8.2 0.07310900608506717
8.21 0.07264992942437155
8.220000000000002 0.07230216576794982
8.23 0.07181978089770011
8.240000000000002 0.07152809400681241
8.25 0.07122949177648982
8.260000000000002 0.07143489664051099
8.27 0.07119454659708353
8.280000000000001 0.07111010088952284
8.29 0.07133521833855859
8.3 0.07164916262678254
8.310000000000002 0.070047723174942
8.32 0.06835466324001715
8.330000000000002 0.06742616761968273
8.34 0.06713179907543226
8.350000000000001 0.06749433207511626
8.36 0.06678347682206799
8.370000000000001 0.06673255118746652
8.380000000000003 0.06725856949363981
8.39 0.06961057487536446
8.400000000000002 0.0701908221054379
8.41 0.07197532397744584
8.420000000000002 0.07188957371981321
8.43 0.07053046015222085
8.440000000000001 0.06896778800264336
8.45 0.0694247102751094
8.46 0.06750669459982175
8.470000000000002 0.06718480796783273
8.48 0.06717870487438979
8.490000000000002 0.06465645911842119
8.5 0.06427672524174292
8.510000000000002 0.06225635209538446
8.52 0.06257427540063819
8.530000000000001 0.0628478878022607
8.54 0.06254708653772037
8.55 0.06198016723375837
8.560000000000002 0.06183473829124083
8.57 0.061475219553053656
8.580000000000002 0.06108166567778746
8.59 0.059000342181077046
8.600000000000001 0.05750739621010677
8.61 0.05646012079623607
8.620000000000001 0.05614807878856919
8.630000000000003 0.05574904132520647
8.64 0.05533768146334551
8.650000000000002 0.055740359480586164
8.66 0.05620476909341465
8.670000000000002 0.056788834366152514
8.68 0.05700749972394264
8.690000000000001 0.057336762363020495
8.7 0.057295791040489374
8.71 0.05787979270033466
8.720000000000002 0.058096074812423536
8.73 0.05782096547081866
8.740000000000002 0.05765929393653892
8.75 0.05786033585624289
8.760000000000002 0.058480446243234036
8.77 0.05863506404396872
8.780000000000001 0.05892008001464576
8.79 0.05905591435035511
8.8 0.059292119776450464
