%x y
0.0 0.0
0.009999999999999787 0.006872481356831907
0.019999999999999574 0.018797513133391917
0.02999999999999936 0.0339566458001981
0.03999999999999915 0.0506539034819655
0.049999999999998934 0.06751104697605252
0.0600000000000005 0.08331177783639232
0.07000000000000028 0.09477342327806058
0.08000000000000007 0.10245369267203802
0.08999999999999986 0.10594511302711074
0.09999999999999964 0.10393416933726563
0.10999999999999943 0.0979016388845056
0.11999999999999922 0.08886356723706232
0.129999999999999 0.07856712934959904
0.14000000000000057 0.06698380156762768
0.15000000000000036 0.056439660495671326
0.16000000000000014 0.047464516406845216
0.16999999999999993 0.040903077247237095
0.17999999999999972 0.03705912507330358
0.1899999999999995 0.035576126030065304
0.1999999999999993 0.03728641097594251
0.20999999999999908 0.04132928885623532
0.22000000000000064 0.04619477974739207
0.23000000000000043 0.051417035526046144
0.2400000000000002 0.05792858472807831
0.25 0.0638816277028452
0.2599999999999998 0.06798372020287917
0.2699999999999996 0.07072131700308164
0.27999999999999936 0.07302200523253181
0.28999999999999915 0.07338297655153848
0.29999999999999893 0.07176640273622095
0.3100000000000005 0.06908733551543161
0.3200000000000003 0.06556611208975315
0.33000000000000007 0.061475735991539236
0.33999999999999986 0.05703437447186763
0.34999999999999964 0.05340348415422755
0.35999999999999943 0.05046471989562333
0.3699999999999992 0.04853660255170539
0.379999999999999 0.04754151747127273
0.39000000000000057 0.04760544609893092
0.40000000000000036 0.04837385643269372
0.41000000000000014 0.0506242409931558
0.41999999999999993 0.05286439445168509
0.4299999999999997 0.05466636325072913
0.4399999999999995 0.05667821154501938
0.4499999999999993 0.05847755127774843
0.4599999999999991 0.059821673756543424
0.47000000000000064 0.06016292467510263
0.4800000000000004 0.06060339241935658
0.4900000000000002 0.0605285866544724
0.5 0.05911032386633885
0.5099999999999998 0.057187088731922006
0.5199999999999996 0.0549775643762613
0.5299999999999994 0.05331338942657919
0.5399999999999991 0.050920513777522325
0.5499999999999989 0.04894741414527631
0.5600000000000005 0.047392378389252074
0.5700000000000003 0.046701848124970344
0.5800000000000001 0.04622557439317934
0.5899999999999999 0.04583521669881144
0.5999999999999996 0.04592809822309443
0.6099999999999994 0.047116840892596615
0.6199999999999992 0.048087077923931104
0.629999999999999 0.04907986010807771
0.6400000000000006 0.04952297780015115
0.6500000000000004 0.05036068844625308
0.6600000000000001 0.05003762908119026
0.6699999999999999 0.049214538582365214
0.6799999999999997 0.04834936634648855
0.6899999999999995 0.047778614959124145
0.6999999999999993 0.047950857154715816
0.7099999999999991 0.047883600778293074
0.7200000000000006 0.047750908815747034
0.7300000000000004 0.04776811506416906
0.7400000000000002 0.048316883417613844
0.75 0.04846541279813602
0.7599999999999998 0.048714724087810295
0.7699999999999996 0.04880397836065615
0.7799999999999994 0.049813120167606216
0.7899999999999991 0.05012477473684795
0.7999999999999989 0.049840576488457945
0.8100000000000005 0.04959708175095354
0.8200000000000003 0.05075159920885617
0.8300000000000001 0.05055021828496971
0.8399999999999999 0.047892344612740036
0.8499999999999996 0.04535165467560189
0.8599999999999994 0.04305913445297672
0.8699999999999992 0.041934451212902284
0.879999999999999 0.04168375301633477
0.8900000000000006 0.04191496819700772
0.9000000000000004 0.04263464374245727
0.9100000000000001 0.044712129065921175
0.9199999999999999 0.0492071966652345
0.9299999999999997 0.05322406317942088
0.9399999999999995 0.05644369264957358
0.9499999999999993 0.05960110910323275
0.9599999999999991 0.06066842539895522
0.9700000000000006 0.06025920784115256
0.9800000000000004 0.05889574633115574
0.9900000000000002 0.056752790655005166
1.0 0.0546178188158057
1.0099999999999998 0.05233368292072439
1.0199999999999996 0.049748756575557246
1.0299999999999994 0.048084817780729726
1.0399999999999991 0.046324272589742546
1.049999999999999 0.04472227691771137
1.0600000000000005 0.0437152139145425
1.0700000000000003 0.043436476019688953
1.08 0.044134663831825564
1.0899999999999999 0.044851098196621045
1.0999999999999996 0.045794457973483575
1.1099999999999994 0.04757771577580456
1.1199999999999992 0.04903806265685663
1.129999999999999 0.05059328019295067
1.1400000000000006 0.051102485598940095
1.1500000000000004 0.05187322508722812
1.1600000000000001 0.052483702651575606
1.17 0.0523629667052174
1.1799999999999997 0.05201804112921357
1.1899999999999995 0.05168290069261646
1.1999999999999993 0.0510996996502138
1.209999999999999 0.050153400196625515
1.2200000000000006 0.04887680126136052
1.2300000000000004 0.048337147963153505
1.2400000000000002 0.047691840839204684
1.25 0.045525375345297776
1.2599999999999998 0.045493704811720846
1.2699999999999996 0.04418380176875847
1.2799999999999994 0.04498603294644091
1.2899999999999991 0.04634110949889726
1.299999999999999 0.04777890677800576
1.3100000000000005 0.049903875036846575
1.3200000000000003 0.051391364245623294
1.33 0.052298727014846176
1.3399999999999999 0.05286875399838911
1.3499999999999996 0.052878482336214803
1.3599999999999994 0.052333040561639045
1.3699999999999992 0.05143458992549627
1.379999999999999 0.05013529117294266
1.3900000000000006 0.04866098363695037
1.4000000000000004 0.047081357418829684
1.4100000000000001 0.04544691814876348
1.42 0.04419617854174071
1.4299999999999997 0.04315069483887118
1.4399999999999995 0.042192233608477854
1.4499999999999993 0.04141760208846778
1.459999999999999 0.040939343271292845
1.4700000000000006 0.040444324702066756
1.4800000000000004 0.03982093712664947
1.4900000000000002 0.03998116548108278
1.5 0.04006238657573778
1.5099999999999998 0.03954936774652608
1.5199999999999996 0.0395149041935668
1.5299999999999994 0.03937474903108699
1.5399999999999991 0.03958752318718186
1.549999999999999 0.03944386066587233
1.5600000000000005 0.03853957394797573
1.5700000000000003 0.037955245648151816
1.58 0.03725228908432886
1.5899999999999999 0.03598140448771812
1.5999999999999996 0.03485797565888549
1.6099999999999994 0.033461098594641615
1.6199999999999992 0.032694599517446285
1.629999999999999 0.0325793545536098
1.6400000000000006 0.0330280597939412
1.6500000000000004 0.03380055754835851
1.6600000000000001 0.03478415344901119
1.67 0.036357556048921685
1.6799999999999997 0.03755090363277594
1.6899999999999995 0.038098989567792535
1.6999999999999993 0.03785786200456202
1.709999999999999 0.03716414983516902
1.7200000000000006 0.03652289323535247
1.7300000000000004 0.03369760084320738
1.7400000000000002 0.03453512948184877
1.75 0.03599776783836281
1.7599999999999998 0.03758566818446702
1.7699999999999996 0.03788375766239913
1.7799999999999994 0.03688579531519614
1.7899999999999991 0.0351427405369008
1.799999999999999 0.0335870094789636
1.8100000000000005 0.03373125533241391
1.8200000000000003 0.03486448525536195
1.83 0.03681167297297564
1.8399999999999999 0.03862924903132242
1.8499999999999996 0.039941418285626334
1.8599999999999994 0.0407695523166031
1.8699999999999992 0.04101983213800169
1.879999999999999 0.04099287756754604
1.8900000000000006 0.040129554226827964
1.9000000000000004 0.038839945866899955
1.9100000000000001 0.044292920226694406
1.92 0.04876998438804194
1.9299999999999997 0.05068681162802927
1.9399999999999995 0.050446724842208066
1.9499999999999993 0.04752422047651535
1.959999999999999 0.044717673554325675
1.9700000000000006 0.04147702188222155
1.9800000000000004 0.03908187757013626
1.9900000000000002 0.050191162746784444
2.0 0.04483433368612717
2.01 0.03902242996993408
2.0199999999999996 0.035919847239999275
2.0299999999999994 0.03376328461023189
2.039999999999999 0.03123439852648917
2.049999999999999 0.05587280610120538
2.0600000000000005 0.07914781198032446
2.0700000000000003 0.07898380912830705
2.08 0.07922361251580257
2.09 0.07720080975750171
2.0999999999999996 0.07242009427561286
2.1099999999999994 0.07977675773813095
2.119999999999999 0.09359636952350167
2.129999999999999 0.11327991811106336
2.1400000000000006 0.13745794702467973
2.1500000000000004 0.16286935337340563
2.16 0.18708187659253508
2.17 0.20894565841370014
2.1799999999999997 0.22834627024903306
2.1899999999999995 0.24521035616473777
2.1999999999999993 0.2591230229644789
2.209999999999999 0.27003669813894227
2.2200000000000006 0.2786495582916966
2.2300000000000004 0.2852466521681971
2.24 0.2912501102587398
2.25 0.29611322824934105
2.26 0.3000061911341206
2.2699999999999996 0.31104918448615787
2.2799999999999994 0.3233693000663317
2.289999999999999 0.32643085947929473
2.299999999999999 0.3301487530235999
2.3100000000000005 0.33291370030763534
2.3200000000000003 0.3387695777306077
2.33 0.3435739354692933
2.34 0.3511864198975669
2.3499999999999996 0.3585113512420903
2.3599999999999994 0.36613255870514594
2.369999999999999 0.3718535032403367
2.379999999999999 0.37591381639100757
2.3900000000000006 0.37983240676477953
2.4000000000000004 0.38244742250733943
2.41 0.38505072704158594
2.42 0.38742862515547977
2.4299999999999997 0.38950509003320133
2.4399999999999995 0.3915871308173873
2.4499999999999993 0.3931607613069117
2.459999999999999 0.3945454221368445
2.4700000000000006 0.39594724431235345
2.4800000000000004 0.3977175389068738
2.49 0.4002610403693559
2.5 0.40415994697747853
2.51 0.40898980294534626
2.5199999999999996 0.41392424191674343
2.5299999999999994 0.41922610229654916
2.539999999999999 0.4242926382183266
2.549999999999999 0.42859779256678215
2.5600000000000005 0.4329743122284876
2.5700000000000003 0.43730886992961904
2.58 0.4411745862843325
2.59 0.44410271903590626
2.5999999999999996 0.44593704646122745
2.6099999999999994 0.44673606955526474
2.619999999999999 0.44776360631685436
2.629999999999999 0.4487529269713055
2.6400000000000006 0.44953725923185717
2.6500000000000004 0.4513630885799055
2.66 0.45270769912627573
2.67 0.4539617639606591
2.6799999999999997 0.4560048056895533
2.6899999999999995 0.4579688930766722
2.6999999999999993 0.4605747160217681
2.709999999999999 0.46310291781971624
2.7200000000000006 0.4654339289725585
2.7300000000000004 0.46728495213644083
2.74 0.46906071665193527
2.75 0.4710045791625605
2.76 0.47501437245514594
2.7699999999999996 0.4744045199010581
2.7799999999999994 0.4738299295556861
2.789999999999999 0.47384978600098976
2.799999999999999 0.4787080840429155
2.8100000000000005 0.48361143957724684
2.8200000000000003 0.48803707576564476
2.83 0.4911878357132624
2.84 0.49303670783043063
2.8499999999999996 0.49408549426553994
2.8599999999999994 0.493760676696256
2.869999999999999 0.4926418078918124
2.879999999999999 0.49186200114892137
2.8900000000000006 0.48931045612121166
2.9000000000000004 0.4883234560126419
2.91 0.48360547479362753
2.92 0.4786662617872735
2.9299999999999997 0.4796985997059628
2.9399999999999995 0.4822648715673865
2.9499999999999993 0.4866109836783118
2.959999999999999 0.4919982877770306
2.9700000000000006 0.4986253510977779
2.9800000000000004 0.504197873077409
2.99 0.5078607322956293
3.0 0.5106945633452574
3.01 0.5125982387419673
3.0199999999999996 0.5135772698211235
3.0299999999999994 0.5135960093998841
3.039999999999999 0.5081384489940468
3.049999999999999 0.5084183528938225
3.0600000000000005 0.5080707140714719
3.0700000000000003 0.50767197731049
3.08 0.5055836205382513
3.09 0.5040440052025279
3.0999999999999996 0.49964631545943666
3.1099999999999994 0.500658871872636
3.119999999999999 0.5029812366721435
3.129999999999999 0.5015743234243383
3.1400000000000006 0.5055236695902249
3.1500000000000004 0.5095394576986938
3.16 0.5093316248782167
3.17 0.5143055031097368
3.1799999999999997 0.5197255136496265
3.1899999999999995 0.5249975734076058
3.1999999999999993 0.5295869490943975
3.209999999999999 0.5334961307500342
3.2200000000000006 0.5358662823245551
3.2300000000000004 0.5373374350964705
3.24 0.5341752675439337
3.25 0.5312205395865096
3.26 0.5332019952327477
3.2699999999999996 0.530014134032024
3.2799999999999994 0.5285961301070611
3.289999999999999 0.5323114398918541
3.299999999999999 0.5362052186655011
3.3100000000000005 0.5395623152187032
3.3200000000000003 0.5395855154334289
3.33 0.5393421443556811
3.34 0.5430323027084545
3.3499999999999996 0.5464035799004321
3.3599999999999994 0.5454904406800843
3.369999999999999 0.5457167928564434
3.379999999999999 0.5475137287592652
3.3900000000000006 0.5547074161653064
3.4000000000000004 0.561652868065197
3.41 0.567759864832669
3.42 0.5692389882989838
3.4299999999999997 0.5712394936168832
3.4399999999999995 0.5521639149906006
3.4499999999999993 0.5341831053066219
3.459999999999999 0.5221701353426432
3.4700000000000006 0.5199283660831243
3.4800000000000004 0.5196736589847357
3.49 0.5236839080569436
3.5 0.5155065034646834
3.51 0.49750060883564495
3.5199999999999996 0.48362609544436397
3.5299999999999994 0.47819808854648216
3.539999999999999 0.48572790435645585
3.549999999999999 0.5038015306814614
3.5600000000000005 0.5277284925221961
3.5700000000000003 0.5571132723019074
3.58 0.5847952470906252
3.59 0.6101706830845465
3.5999999999999996 0.6315113874291537
3.6099999999999994 0.6455766003758101
3.619999999999999 0.6518743850254348
3.629999999999999 0.6508225145195558
3.6400000000000006 0.6429431166323903
3.6500000000000004 0.6299298295599319
3.66 0.614554280525162
3.67 0.5969084706727241
3.6799999999999997 0.5787162344012642
3.6899999999999995 0.5626896070604118
3.6999999999999993 0.5503954802592027
3.709999999999999 0.5425419974191933
3.7200000000000006 0.5399573207498988
3.7300000000000004 0.5423487792227046
3.74 0.5480302598060454
3.75 0.5566399282885078
3.76 0.5671766880951804
3.7699999999999996 0.5785740692403518
3.7799999999999994 0.5892776760127635
3.789999999999999 0.5988700446068782
3.799999999999999 0.6061699107139482
3.8100000000000005 0.6107241031529729
3.8200000000000003 0.6129711729933933
3.83 0.612851157988085
3.84 0.6095448466992839
3.8499999999999996 0.6046521769064566
3.8599999999999994 0.5964596032789649
3.869999999999999 0.5881148573534141
3.879999999999999 0.5802591038017886
3.8900000000000006 0.5739152485303418
3.9000000000000004 0.5695399247558456
3.91 0.5673507284454253
3.92 0.5660390625063826
3.9299999999999997 0.566902891170608
3.9399999999999995 0.5699043466799903
3.9499999999999993 0.5741960960202778
3.959999999999999 0.5797138052241483
3.9700000000000006 0.585869952072126
3.9800000000000004 0.5918480554435301
3.99 0.5998010300143495
4.0 0.6065174253453803
4.01 0.6118700634443164
4.02 0.6145271425315881
4.029999999999999 0.6154632835656171
4.039999999999999 0.6149971402033161
4.049999999999999 0.6134842667587478
4.0600000000000005 0.6119422234277573
4.07 0.6075507376138214
4.08 0.6034994092564699
4.09 0.5996805087704895
4.1 0.5965624037890657
4.109999999999999 0.5936632237145419
4.119999999999999 0.584213528149066
4.129999999999999 0.5769278990534065
4.140000000000001 0.5720163643768763
4.15 0.5690160279103506
4.16 0.5693520561588942
4.17 0.5728907412197597
4.18 0.5782384972664129
4.1899999999999995 0.5844452414537009
4.199999999999999 0.5917610676892403
4.209999999999999 0.6100904992989008
4.220000000000001 0.6262374993934324
4.23 0.6381366982215022
4.24 0.6439168140000752
4.25 0.6461890680889973
4.26 0.6482852270594689
4.27 0.6466892093431548
4.279999999999999 0.6420690941365691
4.289999999999999 0.6352762795097432
4.299999999999999 0.6262872135290439
4.3100000000000005 0.6153917410356667
4.32 0.6041677838702684
4.33 0.594111728828021
4.34 0.5897414646690469
4.35 0.5881539555679192
4.359999999999999 0.5877532735895062
4.369999999999999 0.5865718553379411
4.379999999999999 0.5783332476509425
4.390000000000001 0.5588477108398837
4.4 0.5379736510074833
4.41 0.5170281866603397
4.42 0.49496799959281784
4.43 0.4739402892019611
4.4399999999999995 0.46187752046475256
4.449999999999999 0.45739242386796264
4.459999999999999 0.45108508853491863
4.470000000000001 0.43922182772638835
4.48 0.4184576888976455
4.49 0.38584895167048505
4.5 0.33856950733072844
4.51 0.2783025159386038
4.52 0.2090463909390088
4.529999999999999 0.13649947690890174
4.539999999999999 0.06557449977591658
4.549999999999999 0.03818123176401409
4.5600000000000005 0.09927348354289857
4.57 0.1707066517005626
4.58 0.2289544221619362
4.59 0.2698156605948435
4.6 0.2969099217762324
4.609999999999999 0.3008539820426435
4.619999999999999 0.29785152514134716
4.629999999999999 0.3002899501372568
4.640000000000001 0.30839235292689676
4.65 0.31950430420026754
4.66 0.32772077848914183
4.67 0.326649262033235
4.68 0.3162735887477179
4.6899999999999995 0.29707515302983334
4.699999999999999 0.26978767719750313
4.709999999999999 0.24249033403971582
4.720000000000001 0.214927837593427
4.73 0.18131573634347803
4.74 0.1476617369412114
4.75 0.12167919181052898
4.76 0.10214032557999599
4.77 0.08859286673844802
4.779999999999999 0.07790890410544664
4.789999999999999 0.0716577227945739
4.799999999999999 0.07065909068058863
4.8100000000000005 0.0833969544002173
4.82 0.09479508374885262
4.83 0.09450954835876653
4.84 0.09578803933615845
4.85 0.10760756567682164
4.859999999999999 0.11647208374520959
4.869999999999999 0.12231666515928372
4.879999999999999 0.12334317017533568
4.890000000000001 0.12013068062947424
4.9 0.11315252156033757
4.91 0.1033478731801351
4.92 0.09217498104048591
4.93 0.08649602513530773
4.9399999999999995 0.08199342724574991
4.949999999999999 0.08308869136877349
4.959999999999999 0.08447359663257535
4.970000000000001 0.08479332370218218
4.98 0.08579783842124028
4.99 0.08996033012935309
5.0 0.09395310369927248
5.01 0.09621823429509412
5.02 0.09821016177768528
5.029999999999999 0.09827914764202896
5.039999999999999 0.09789341273062198
5.049999999999999 0.09989811519854479
5.0600000000000005 0.10151996678818687
5.07 0.10328060334113903
5.08 0.10442782606778485
5.09 0.10862003639933747
5.1 0.11151083837596086
5.109999999999999 0.10068785584939569
5.119999999999999 0.0949355031873685
5.129999999999999 0.09070964111599039
5.140000000000001 0.09018711748394048
5.15 0.09096039171454821
5.16 0.09433793104120747
5.17 0.09871302699961076
5.18 0.10300530639964599
5.1899999999999995 0.11074929005005411
5.199999999999999 0.11849867528104381
5.209999999999999 0.12470823743206617
5.220000000000001 0.13000085311637716
5.23 0.13391181455998574
5.24 0.1357407255795288
5.25 0.1351971281465604
5.26 0.1333217875078206
5.27 0.13129589074555406
5.279999999999999 0.1276879593874368
5.289999999999999 0.1228773342275379
5.299999999999999 0.11972365839407663
5.3100000000000005 0.11687792951508881
5.32 0.11404046312531564
5.33 0.1135310130325421
5.34 0.11129938975093097
5.35 0.10965672496021991
5.359999999999999 0.10991769260892137
5.369999999999999 0.11132513233908131
5.379999999999999 0.11367315318491544
5.390000000000001 0.11683953432285155
5.4 0.12064364848802386
5.41 0.12440032516427117
5.42 0.12779602781847615
5.43 0.1309488715332142
5.4399999999999995 0.13389391386691937
5.449999999999999 0.1397449566326615
5.459999999999999 0.14339200878212455
5.470000000000001 0.14461710924506185
5.48 0.14418069765712552
5.49 0.1413420046146118
5.5 0.13475691692420927
5.51 0.12831491153522878
5.520000000000001 0.12323046748525882
5.529999999999999 0.11890625010742842
5.540000000000001 0.1145394520073949
5.549999999999999 0.11242913842031241
5.5600000000000005 0.11084492944726826
5.5699999999999985 0.11128177335046736
5.58 0.11292773991412178
5.589999999999998 0.11511232349067348
5.6 0.11853217747114361
5.610000000000001 0.12247704631147752
5.619999999999999 0.12531955809195275
5.630000000000001 0.1281473963694564
5.639999999999999 0.12978222635908734
5.65 0.13063748746216652
5.659999999999998 0.1302324216392909
5.67 0.12898334081462928
5.6800000000000015 0.130597035805188
5.6899999999999995 0.12810161232348316
5.700000000000001 0.12470384634123176
5.709999999999999 0.1209973189034748
5.720000000000001 0.11748022207753288
5.729999999999999 0.11471079362967401
5.74 0.11413810127776926
5.749999999999998 0.11350701299116037
5.76 0.1148371456254744
5.770000000000001 0.11579611386303154
5.779999999999999 0.11689590819811695
5.790000000000001 0.1152618047283324
5.799999999999999 0.11508282043987611
5.8100000000000005 0.11454968479243449
5.8199999999999985 0.11377566512039022
5.83 0.1137644278338129
5.839999999999998 0.11338191864375247
5.85 0.112934507113394
5.860000000000001 0.1122249459772054
5.869999999999999 0.110374363447836
5.880000000000001 0.10886275665896292
5.889999999999999 0.10705922122029059
5.9 0.1051443499461095
5.909999999999998 0.10338161094880108
5.92 0.10459232691574544
5.9300000000000015 0.1052557031006851
5.9399999999999995 0.10685991369049164
5.950000000000001 0.1073365535906873
5.959999999999999 0.10699985267005484
5.970000000000001 0.10593612034884797
5.979999999999999 0.10524211259244186
5.99 0.10334511666671255
5.999999999999998 0.10283337330541019
6.01 0.10216181590110897
6.020000000000001 0.10008682437166969
6.029999999999999 0.09647868308271414
6.040000000000001 0.09291476968495369
6.049999999999999 0.0901815258079364
6.0600000000000005 0.09092620596251699
6.0699999999999985 0.09269319687678543
6.08 0.09533185647050245
6.089999999999998 0.09574481584958645
6.1 0.09631121370213361
6.110000000000001 0.09726098620034879
6.119999999999999 0.09677728758492801
6.130000000000001 0.09615629182798112
6.139999999999999 0.09408494970833368
6.15 0.09106591780600382
6.159999999999998 0.08785913289880642
6.17 0.08575247012765709
6.1800000000000015 0.0839053372416036
6.1899999999999995 0.08209135382991084
6.200000000000001 0.08049975607409565
6.209999999999999 0.08011149850578303
6.220000000000001 0.0795963802268088
6.229999999999999 0.07942664637568207
6.24 0.07926724475203832
6.249999999999998 0.07852021161576112
6.26 0.07804573246360852
6.270000000000001 0.07786961331669395
6.279999999999999 0.08047732802453236
6.290000000000001 0.08314251936588325
6.299999999999999 0.08501353736668467
6.3100000000000005 0.08485816416451718
6.3199999999999985 0.07986658223133958
6.33 0.07445448393668416
6.339999999999998 0.06924103473530219
6.35 0.0640473335188363
6.360000000000001 0.06035136961771089
6.369999999999999 0.05892001537946288
6.380000000000001 0.05943967466684876
6.389999999999999 0.061131204575732505
6.4 0.06332970856002776
6.409999999999998 0.06647177305199051
6.42 0.0680000038779441
6.4300000000000015 0.07244781753852166
6.4399999999999995 0.07753407347796559
6.450000000000001 0.0810455992002668
6.459999999999999 0.08311765050586818
6.470000000000001 0.07226973509406026
6.479999999999999 0.0629374102601558
6.49 0.05830435939382965
6.499999999999998 0.05568931415279473
6.51 0.0533297298416955
6.520000000000001 0.051148985997973885
6.529999999999999 0.049896958161945525
6.540000000000001 0.04919456235172025
6.549999999999999 0.04892979053076479
6.5600000000000005 0.050464217865748506
6.5699999999999985 0.054864348052725394
6.58 0.061299832558676964
6.589999999999998 0.06719290631949137
6.6 0.07180105543679607
6.610000000000001 0.07368698228304628
6.619999999999999 0.07139353892098217
6.630000000000001 0.06704576650975294
6.639999999999999 0.06230303996875538
6.65 0.05760387100747808
6.659999999999998 0.05365153075234014
6.67 0.05080910330941426
6.6800000000000015 0.049520700140397854
6.6899999999999995 0.04928016940845962
6.700000000000001 0.048414927503313505
6.709999999999999 0.04805667565118542
6.720000000000001 0.04748054147871905
6.729999999999999 0.0467577419728268
6.74 0.047047552078474116
6.749999999999998 0.0473885105067697
6.76 0.048901396983137384
6.770000000000001 0.050486370218766806
6.779999999999999 0.051636946696790295
6.790000000000001 0.05351777604607523
6.799999999999999 0.05395477663160704
6.8100000000000005 0.054317001697126985
6.8199999999999985 0.0528675527236145
6.83 0.05123509281382792
6.839999999999998 0.050017240075971005
6.85 0.04925359421222589
6.860000000000001 0.04831326615533353
6.869999999999999 0.0475583293531659
6.880000000000001 0.045418391029406306
6.889999999999999 0.043973648862403195
6.9 0.04325785090270952
6.909999999999998 0.04347541769324735
6.92 0.04333523896045822
6.9300000000000015 0.04368970083295088
6.9399999999999995 0.044878872920285445
6.950000000000001 0.045893575900701464
6.959999999999999 0.04665631362901584
6.970000000000001 0.047734513835265134
6.979999999999999 0.048538517796276125
6.99 0.05915789652617643
6.999999999999998 0.05757753806677129
7.01 0.054468101364689145
7.020000000000001 0.050542550055306515
7.029999999999999 0.04691914285609446
7.040000000000001 0.039409935484479075
7.049999999999999 0.03439080734781079
7.0600000000000005 0.03170338543540562
7.0699999999999985 0.030873454670013182
7.08 0.03106078060060157
7.089999999999998 0.031890279130723446
7.1 0.03399091749658751
7.110000000000001 0.03722073516015287
7.119999999999999 0.04166745525285353
7.130000000000001 0.04645383187082177
7.139999999999999 0.05116794209324009
7.15 0.054800235410579906
7.159999999999998 0.05699686402223582
7.17 0.058384914971312034
7.1800000000000015 0.0580807456110337
7.1899999999999995 0.05619560198802921
7.200000000000001 0.053842822925186135
7.209999999999999 0.05077045394469968
7.220000000000001 0.047471103173436925
7.229999999999999 0.0444845070289821
7.24 0.04270828795100628
7.249999999999998 0.041148228101299825
7.26 0.040041564040263974
7.270000000000001 0.03977846136554537
7.279999999999999 0.04024921079531317
7.290000000000001 0.04127646172861644
7.299999999999999 0.0435790594828249
7.3100000000000005 0.04537793789329522
7.3199999999999985 0.0471606609648323
7.33 0.04901450748784305
7.339999999999998 0.05037979657253002
7.35 0.05101832924579991
7.360000000000001 0.05172587858918261
7.369999999999999 0.05204362579613687
7.380000000000001 0.052173385391655516
7.389999999999999 0.05153188274692059
7.4 0.050523879843295344
7.409999999999998 0.04951588603737835
7.42 0.04869227776303345
7.4300000000000015 0.047970893789313844
7.4399999999999995 0.04766232893647555
7.450000000000001 0.048029344467204915
7.459999999999999 0.04837609135217604
7.470000000000001 0.04888006661193952
7.479999999999999 0.049582627129188574
7.49 0.04981816634455938
7.499999999999998 0.05024367144303876
7.51 0.05085007876875162
7.520000000000001 0.051985117261490646
7.529999999999999 0.05317078733374589
7.540000000000001 0.05421396414646391
7.549999999999999 0.055317050454016546
7.5600000000000005 0.05632597876807237
7.5699999999999985 0.056809680955476796
7.58 0.057230344613773305
7.589999999999998 0.057060252222537154
7.6 0.05719332326736889
7.610000000000001 0.057498840032091734
7.619999999999999 0.057867086128514544
7.630000000000001 0.058098498106563895
7.639999999999999 0.05852086460137248
7.65 0.05866865862242187
7.659999999999998 0.059300295584033
7.67 0.06050969982146998
7.6800000000000015 0.06219156986867179
7.6899999999999995 0.06388040849763112
7.700000000000001 0.06506490359694571
7.709999999999999 0.06585642663023601
7.720000000000001 0.06723487590954211
7.729999999999999 0.06817479910750449
7.74 0.068814219027882
7.749999999999998 0.06927040795525541
7.76 0.06948066156687045
7.770000000000001 0.0695913311307901
7.779999999999999 0.06898265946851005
7.790000000000001 0.06857375639654567
7.799999999999999 0.06832202783739945
7.8100000000000005 0.06835528239307104
7.8199999999999985 0.06877938333603217
7.83 0.06916004156813595
7.839999999999998 0.07460980916638046
7.85 0.07969093816615343
7.860000000000001 0.08346079552135341
7.869999999999999 0.0858835459618308
7.880000000000001 0.08669529656887712
7.889999999999999 0.08588166511293631
7.9 0.07833828257094141
7.909999999999998 0.07171483894776542
7.92 0.06705784813098048
7.9300000000000015 0.06420125827274971
7.9399999999999995 0.06270445147298499
7.950000000000001 0.06198104013464627
7.959999999999999 0.06047151851556558
7.970000000000001 0.059576029413399456
7.979999999999999 0.0630172548402137
7.99 0.06694175260215027
7.999999999999998 0.07131078970295546
8.01 0.07615725816800868
8.020000000000001 0.07932263446364168
8.03 0.08188827782331075
8.040000000000001 0.08304708131267512
8.049999999999999 0.08315138942808367
8.06 0.08283350589120503
8.069999999999999 0.081600468741018
8.08 0.07892482190033945
8.089999999999998 0.07584338601160943
8.1 0.07204366007414847
8.110000000000001 0.06896789834066802
8.12 0.06679264529346284
8.13 0.06792259953704576
8.139999999999999 0.06927556781465116
8.15 0.06754026006068262
8.159999999999998 0.06619133095381513
8.17 0.06540307364140091
8.180000000000001 0.0652780784406421
8.19 0.06525065447718878
8.200000000000001 0.06574761482629345
8.209999999999999 0.06606203473883342
8.22 0.06689519883846502
8.229999999999999 0.0676541453690915
8.24 0.06830668384042334
8.249999999999998 0.06930466727868452
8.26 0.07015941289473622
8.270000000000001 0.07104596723445454
8.28 0.07210000663504389
8.290000000000001 0.07240622811967713
8.299999999999999 0.07192551999493421
8.31 0.07037041354828544
8.319999999999999 0.06843152995068975
8.33 0.0665499043553591
8.339999999999998 0.06493360330599288
8.35 0.06360275310097066
8.360000000000001 0.06240527501010648
8.37 0.06113471876304786
8.38 0.06012550323477353
8.389999999999999 0.05239012857351332
8.4 0.04650102051488096
8.409999999999998 0.04253444889568839
8.42 0.0416816974135408
8.430000000000001 0.042499084577519726
8.44 0.05065272107954593
8.450000000000001 0.06068371388758333
8.459999999999999 0.07045309665044036
8.47 0.07863503303792618
8.479999999999999 0.08433923816591243
8.49 0.08755869071249921
8.499999999999998 0.08785595334154873
8.51 0.08499354252194634
8.520000000000001 0.08000366396605862
8.53 0.07345318570115113
8.540000000000001 0.06590780722275831
8.549999999999999 0.05926512703283359
8.56 0.05318449640125695
8.569999999999999 0.04919106969412196
8.58 0.04708283177254354
8.589999999999998 0.04613162909834281
8.6 0.05778430060843661
8.610000000000001 0.0688977422148016
8.62 0.06564719823938117
8.63 0.06138241785022191
8.639999999999999 0.05733984017860014
8.65 0.05391304113820934
8.659999999999998 0.05178858816385962
8.67 0.05086136345151604
8.680000000000001 0.050657989666860255
8.69 0.05110073222534336
8.700000000000001 0.05228880937490137
8.709999999999999 0.05351602232705287
8.72 0.05473698105186853
8.729999999999999 0.05643953162019667
8.74 0.057786287623519755
8.749999999999998 0.05877673783906794
8.76 0.05946556433453184
8.770000000000001 0.05982634484819011
8.78 0.06014778607396476
8.790000000000001 0.06022073869116358
8.799999999999999 0.05985201401377932
8.81 0.058591018930785624
8.819999999999999 0.05743248081727828
8.83 0.05545819450842804
8.839999999999998 0.05392509507549194
8.85 0.05238004601585038
8.860000000000001 0.051000842215849114
8.87 0.05086743623331746
8.88 0.05070538724889049
8.889999999999999 0.05101832570351379
8.9 0.05147604240541581
8.909999999999998 0.051516252799506265
8.92 0.05132430513769986
8.930000000000001 0.051050671949587775
8.94 0.050802779243845686
8.950000000000001 0.05002486173509222
8.959999999999999 0.049276132683991246
8.97 0.04814459357769423
8.979999999999999 0.04741019590689157
8.99 0.04643377972887648
8.999999999999998 0.04993420048979289
9.01 0.05390331901863077
9.020000000000001 0.05712467047264174
9.03 0.05844893494280795
9.040000000000001 0.05806820636969911
9.049999999999999 0.05651089332277166
9.06 0.05405045797544879
9.069999999999999 0.05089678597824882
9.08 0.047210160159110254
9.089999999999998 0.0412665007115986
9.1 0.039232548514763856
9.110000000000001 0.03993242372800476
9.12 0.04109635846836393
9.13 0.04170958858295135
9.139999999999999 0.039914590857307815
9.15 0.03719635651121183
9.159999999999998 0.03522283440742429
9.17 0.03616778715512874
9.180000000000001 0.04043975077723079
9.19 0.05481197978053938
9.200000000000001 0.06838313953438191
9.209999999999999 0.07795281427711345
9.22 0.08280311708791775
9.229999999999999 0.08279515529599227
9.24 0.07836231707658403
9.249999999999998 0.07147003208126619
9.26 0.0624685159516286
9.270000000000001 0.05256710807800064
9.28 0.043475243864598966
9.290000000000001 0.03637860798954959
9.299999999999999 0.031969076009245874
9.31 0.02962027790016343
9.319999999999999 0.028853728435833996
9.33 0.031160839926480423
9.339999999999998 0.03635718667297343
9.35 0.03931702487124288
9.360000000000001 0.039013855820808525
9.37 0.03974068927210705
9.38 0.03899540315824488
9.389999999999999 0.05178593527452888
9.4 0.06887106735104825
9.409999999999998 0.08498565324758539
9.42 0.09599077567349765
9.430000000000001 0.09850416341020683
9.44 0.09501350326300538
9.450000000000001 0.08671838129020594
9.459999999999999 0.07454205088537054
9.47 0.06117700925070145
9.479999999999999 0.0482136411178667
9.49 0.037620862467791734
9.499999999999998 0.03215553575937613
9.51 0.0310710915739419
9.520000000000001 0.032123137068301
9.53 0.03323667623589924
9.540000000000001 0.034014613013430915
9.549999999999999 0.03529999715608398
9.56 0.03833283177694234
9.569999999999999 0.043242125759448184
9.58 0.049641471370578644
9.589999999999998 0.05621949211489306
9.6 0.06174759403833241
9.610000000000001 0.06593566315870533
9.62 0.0680015085166584
9.63 0.0677670886901224
9.639999999999999 0.06618154243341147
9.65 0.06322254103711047
9.659999999999998 0.05917848401247099
9.67 0.05421796184848273
9.680000000000001 0.04945952621175145
9.69 0.04579920697957238
9.700000000000001 0.04352124427520748
9.709999999999999 0.042244025421005735
9.72 0.041549263222879114
9.729999999999999 0.04199873886491535
9.74 0.043182539660249875
9.749999999999998 0.04504832856579093
9.76 0.04779101013393294
9.770000000000001 0.0500612656218007
9.78 0.05225351009953869
9.790000000000001 0.05465421212767566
9.799999999999999 0.055962372641407486
9.81 0.05675000386761266
9.819999999999999 0.05744055385364797
9.83 0.05743111078800398
9.839999999999998 0.05729572565527898
9.85 0.056597164362605236
9.860000000000001 0.05568857940492468
9.87 0.054750019921402854
9.88 0.053526195793856354
9.889999999999999 0.051986416225320686
9.9 0.05073133859246793
9.909999999999998 0.050115487322663264
9.92 0.05013347884047793
9.930000000000001 0.05105444278719782
9.94 0.05197387369471777
9.950000000000001 0.05881477196967138
9.959999999999999 0.06551068721001271
9.97 0.07155307808677523
9.979999999999999 0.07514941384648845
9.99 0.07674051992331256
9.999999999999998 0.07640691911887361
10.01 0.07412385638196563
10.020000000000001 0.07069352644106161
10.03 0.06633858290014294
10.040000000000001 0.06197283541389843
10.049999999999999 0.0537667018203143
10.06 0.04860649268966258
10.069999999999999 0.04565788560639576
10.08 0.04391078091944877
10.089999999999998 0.042390714185480856
10.1 0.04165156048591296
10.110000000000001 0.04675378899069896
10.12 0.055036614817758615
10.13 0.06476945488341954
10.139999999999999 0.07348278332200915
10.15 0.08061070636867146
10.159999999999998 0.08412478450209598
10.17 0.08444728298977984
10.180000000000001 0.0821047516437394
10.19 0.07742883899677405
10.200000000000001 0.07159666331458049
10.209999999999999 0.060014790037897246
10.22 0.051263135273823
10.229999999999999 0.04487590066479096
10.24 0.03076160694946444
10.249999999999998 0.02495354965474686
10.26 0.024204085203865012
10.270000000000001 0.024988101304503515
10.28 0.03017577746734545
10.290000000000001 0.03960290734606665
10.299999999999999 0.051298509495967815
10.31 0.06329000753974302
10.319999999999999 0.07419592663382323
10.33 0.08305656306038196
10.339999999999998 0.08818546791778072
10.35 0.09019633987006077
10.360000000000001 0.09651122400599782
10.37 0.10162575451028573
10.38 0.08785174303745741
10.389999999999999 0.07297387047165496
10.4 0.057963213991062815
10.409999999999998 0.05813441719829024
10.42 0.05618793601983905
10.430000000000001 0.05397144010865529
10.44 0.052229578060429986
10.450000000000001 0.052671255027939456
10.459999999999999 0.05489247558209623
10.47 0.05803927630172443
10.479999999999999 0.060904362793184834
10.49 0.06324554424726266
10.499999999999998 0.06524520269952738
10.51 0.06575655274290279
10.520000000000001 0.06530027525109863
10.53 0.06433861761050728
10.540000000000001 0.0624628257163664
10.549999999999999 0.06033511289485832
10.56 0.05845211303691447
10.569999999999999 0.056453118465153045
10.58 0.055909279152140355
10.589999999999998 0.05541601670798411
10.6 0.05475639126687469
10.610000000000001 0.05448870248240479
10.62 0.05337117072289631
10.63 0.05285164496723496
10.639999999999999 0.05265382944647778
10.65 0.05387649087140647
10.659999999999998 0.055641270621202686
10.67 0.05641230049800319
10.680000000000001 0.05703793797823689
10.69 0.056942659533344736
10.700000000000001 0.056597781838853764
10.709999999999999 0.056910924878986205
10.72 0.057206280220107174
10.729999999999999 0.05654385088685604
10.74 0.055077674063266614
10.749999999999998 0.05378091818226909
10.76 0.053329584263688314
10.770000000000001 0.05308234334304689
10.78 0.05303281104761131
10.790000000000001 0.053129095221138845
10.799999999999999 0.051855640916472975
10.81 0.050881778965865314
10.819999999999999 0.04956319740632321
10.83 0.04979612559630247
10.839999999999998 0.05016955275177772
10.85 0.050763856334486476
10.860000000000001 0.050640769980801255
10.87 0.05025037882584637
10.88 0.05135359624287465
10.889999999999999 0.052063162493049715
10.9 0.05280301168124798
10.909999999999998 0.05226974770891461
10.92 0.05176748798222072
10.930000000000001 0.05216544429581437
10.94 0.05299945767463684
10.950000000000001 0.05346311018677859
10.959999999999999 0.052402738949780314
10.97 0.05179301240570739
10.979999999999999 0.05218788983871861
10.99 0.0525014117961851
10.999999999999998 0.05266249564400188
11.01 0.05309248711452654
11.020000000000001 0.05245490594123499
11.03 0.05186285687611501
11.040000000000001 0.05254642391542734
11.049999999999999 0.0528617611020926
11.06 0.053083995195954026
11.069999999999999 0.052840265914691445
11.08 0.05254755898352098
11.089999999999998 0.05350454707507069
11.1 0.05464632006021281
11.110000000000001 0.05528761928838884
11.12 0.05451381984687002
11.13 0.054350602465449684
11.139999999999999 0.05473036728361435
11.15 0.054963578235179805
11.159999999999998 0.05547741981976193
11.17 0.05449564164365911
11.180000000000001 0.053603678829462924
11.19 0.05358540805494468
11.200000000000001 0.05355966261678151
11.209999999999999 0.05330875368267433
11.22 0.05180634301439061
11.229999999999999 0.050297369654308414
11.24 0.05039791562641656
11.249999999999998 0.05028092455531713
11.26 0.05046330913022669
11.270000000000001 0.049723175562147615
11.28 0.04966411848426693
11.290000000000001 0.05016676618332425
11.299999999999999 0.05054727990397105
11.31 0.05108551568502953
11.319999999999999 0.050394912265430775
11.33 0.04976569937468041
11.339999999999998 0.05018651457389763
11.35 0.05050798661248177
11.360000000000001 0.050442255815981864
11.37 0.049512969761840143
11.38 0.0481610255299542
11.389999999999999 0.04777389769481135
11.4 0.04752443552585407
11.409999999999998 0.04743414477491084
11.42 0.04607738730557536
11.430000000000001 0.04531401868145275
11.44 0.045709355807585395
11.450000000000001 0.04606824410109901
11.459999999999999 0.046803037869726886
11.47 0.04677461095821181
11.479999999999999 0.04705606292553099
11.49 0.048314290709651896
11.499999999999998 0.049297196459994475
11.51 0.05004906225075476
11.520000000000001 0.0495732676193528
11.53 0.04959386162039705
11.540000000000001 0.050107570915413256
11.549999999999999 0.05018686250014702
11.56 0.050063079739276074
11.569999999999999 0.04936583740397761
11.58 0.0486055436643773
11.589999999999998 0.0491919841867913
11.6 0.049453721296176895
11.610000000000001 0.04938195299761841
11.62 0.04924286954061377
11.63 0.05043365853185088
11.639999999999999 0.05123625403876649
11.65 0.05171743931413662
11.659999999999998 0.05221830185284484
11.67 0.0519820254225929
11.680000000000001 0.05161664062832323
11.69 0.05242644670848549
11.700000000000001 0.053132369570093665
11.709999999999999 0.0540494123612743
11.72 0.05388780246174246
11.729999999999999 0.05335177485562712
11.74 0.053900861685704654
11.749999999999998 0.05413979466842221
11.76 0.053889965851487656
11.770000000000001 0.05267991593833499
11.78 0.05132284754673111
11.790000000000001 0.05160398909538067
11.799999999999999 0.05150235918301439
11.81 0.05132828904392996
11.819999999999999 0.050201870670664915
11.83 0.04935151162255898
11.839999999999998 0.04885202849406823
11.85 0.0498242799647361
11.860000000000001 0.051230262592333396
11.87 0.052177399103962345
11.88 0.05253197456369959
11.889999999999999 0.05318638785154166
11.9 0.05481853068159953
11.909999999999998 0.05559298120345682
11.92 0.056315860345034545
11.930000000000001 0.055911186057146185
11.94 0.055530669588729445
11.950000000000001 0.054629678785944595
11.959999999999999 0.054758124034973224
11.97 0.054870878800992756
11.979999999999999 0.054680579876336705
11.99 0.05403483810607388
11.999999999999998 0.05323025906094078
12.01 0.05347476425307554
12.020000000000001 0.05421507343019336
12.03 0.055429349422770544
12.040000000000001 0.05590794745763218
12.049999999999999 0.056367329172608706
12.06 0.057569379984299125
12.069999999999999 0.05783770717052263
12.08 0.05809652266071709
12.089999999999998 0.058544471515119274
12.1 0.057862256262312395
12.110000000000001 0.05736427307041687
12.12 0.05811724644549088
12.13 0.0589357481475861
12.139999999999999 0.059332337215150965
12.15 0.05901891324925013
12.159999999999998 0.058883592242493094
12.17 0.059697687130413526
12.180000000000001 0.060397070060317935
12.19 0.06151733694030571
12.200000000000001 0.06165146417888247
12.209999999999999 0.06165129740328521
12.22 0.06233236027294959
12.229999999999999 0.0628201417411625
12.24 0.06310038257003521
12.249999999999998 0.06231673591584502
12.26 0.0614722192429761
12.270000000000001 0.06197420196175423
12.28 0.06241336785764596
12.290000000000001 0.062385809660711285
12.299999999999999 0.06105240197141252
12.31 0.06005536071006247
12.319999999999999 0.06017549502579369
12.33 0.06026392546499905
12.339999999999998 0.059964799238020824
12.35 0.058921003964422854
12.360000000000001 0.058705776354602536
12.37 0.05934944307881165
12.38 0.05973997312523693
12.389999999999999 0.04914499261774546
12.4 0.039888994811874974
12.409999999999998 0.03490679814117341
12.42 0.032864186630077355
12.430000000000001 0.03310503873710496
12.44 0.03522424874386389
12.450000000000001 0.03936557074352585
12.459999999999999 0.04607485814819175
12.47 0.05366299981345715
12.479999999999999 0.0607132797461415
12.49 0.07697687944423645
12.499999999999998 0.09038534670531248
12.51 0.10023933332849762
12.520000000000001 0.105012929348258
12.53 0.10308335121359469
12.540000000000001 0.09716589552149939
12.549999999999999 0.08889009461838215
12.56 0.07832833496395332
12.569999999999999 0.06674033126392583
12.58 0.05433379238958772
12.589999999999998 0.0453192772916089
12.6 0.03856315588979604
12.610000000000001 0.03432946751485339
12.62 0.03231928498111268
12.63 0.033337421074108135
12.639999999999999 0.03648517935022148
12.65 0.041315624461581074
12.659999999999998 0.04106635777845901
12.67 0.05243331992172972
12.680000000000001 0.061223621399293424
12.69 0.06598175685218845
12.700000000000001 0.06556490463230814
12.709999999999999 0.06331830564113548
12.72 0.060052754889388264
12.729999999999999 0.07025163238121104
12.74 0.07725822832494443
12.749999999999998 0.08141734578667284
12.76 0.08387995666867845
12.770000000000001 0.08522726483061799
12.78 0.08277123047331558
12.790000000000001 0.07575031409928995
12.799999999999999 0.06755716585848828
12.81 0.060735518305289546
12.819999999999999 0.05536656651811047
12.83 0.05006686916867007
12.839999999999998 0.04759614316705179
12.85 0.04827098120943477
12.860000000000001 0.04918156453907951
12.87 0.05051067275956206
12.88 0.05220431465149382
12.889999999999999 0.05452000926974664
12.9 0.056888508172619576
12.909999999999998 0.059517952081122344
12.92 0.061404327592890245
12.930000000000001 0.06437221535171049
12.94 0.06588365115064157
12.950000000000001 0.06713082199280125
12.959999999999999 0.06599819172117395
12.97 0.06570380118139038
12.979999999999999 0.06435596718117911
12.99 0.06244884711260858
12.999999999999998 0.05879695320659214
13.01 0.05695159028858113
13.020000000000001 0.055222367654152484
13.03 0.05371068349879131
13.040000000000001 0.05257745550359512
13.049999999999999 0.05289000499020507
13.06 0.0531187564771924
13.069999999999999 0.053691256721385354
13.08 0.053704971391300246
13.089999999999998 0.05472032145690608
13.1 0.055589690996726934
13.110000000000001 0.05551141148301389
13.12 0.05554080537723617
13.13 0.057304829305238496
13.139999999999999 0.057583245449817556
13.15 0.05723967929487955
13.159999999999998 0.056745545925441954
13.17 0.057499701084045
13.180000000000001 0.05744422660967003
13.19 0.05623603196879782
13.200000000000001 0.05527675293706754
13.209999999999999 0.05551731723571208
13.22 0.05483526020935777
13.229999999999999 0.05417673267231009
13.24 0.053857774949086716
13.249999999999998 0.054113909910164674
13.26 0.053865323326309965
13.270000000000001 0.053846673517951006
13.28 0.05472997648755906
13.290000000000001 0.05537473689669615
13.299999999999999 0.05521673111511664
13.31 0.055510388417811
13.319999999999999 0.056908795430013606
13.33 0.057581026954859775
13.339999999999998 0.05713827296942712
13.35 0.056776079304787216
13.360000000000001 0.05732051974516827
13.37 0.05691588848248903
13.38 0.05636197972669475
13.389999999999999 0.056117012680752844
13.4 0.05722849860918747
13.409999999999998 0.05648652938527269
13.42 0.05588733643719427
13.430000000000001 0.056754602086162
13.44 0.05687931693740298
13.450000000000001 0.056273836906508175
13.459999999999999 0.05591324215597565
13.47 0.05646142012138921
13.479999999999999 0.05676280547184572
13.49 0.056351745221176974
13.499999999999998 0.05591317286809737
13.51 0.05638215036577113
13.520000000000001 0.05615913115872987
13.53 0.05590857414231779
13.540000000000001 0.05654851086875183
13.549999999999999 0.057362425388689534
13.56 0.057252673382015555
13.569999999999999 0.05702063735965205
13.58 0.05785152130260739
13.589999999999998 0.05731439060664407
13.6 0.056472017767145784
13.610000000000001 0.05714926102727997
13.62 0.05793958395167829
13.63 0.05689635376031195
13.639999999999999 0.056019046473462876
13.65 0.05648239789064537
13.659999999999998 0.05694236933105951
13.67 0.05643400263185106
13.680000000000001 0.05566411117262896
13.69 0.055971494073082016
13.700000000000001 0.05530364277097199
13.709999999999999 0.054881126888917844
13.72 0.05540469903768207
13.729999999999999 0.05576056488295257
13.74 0.055724750384224
13.749999999999998 0.05562494874931578
13.76 0.05607047183836107
13.770000000000001 0.05741220226193495
13.78 0.05675663609851997
13.790000000000001 0.05656211227520902
13.799999999999999 0.05731338582200548
13.81 0.057224910686231686
13.819999999999999 0.056924515075680075
13.83 0.05733465707128139
13.839999999999998 0.05767117680709222
13.85 0.05676380738728399
13.860000000000001 0.055992999071892105
13.87 0.055953939140820697
13.88 0.055931342559813496
13.889999999999999 0.05521406422018222
13.9 0.05527053079393308
13.909999999999998 0.055334422775738766
13.92 0.05488458730305892
13.930000000000001 0.054714339450974474
13.94 0.05444193367257319
13.950000000000001 0.05450495960582688
13.959999999999999 0.05484162839575662
13.97 0.05623806018674916
13.979999999999999 0.05789075906149384
13.99 0.05801871906794473
13.999999999999998 0.0583087578109215
14.01 0.05942288163856373
14.020000000000001 0.060052376939967865
14.03 0.052980128276790536
14.040000000000001 0.050487510131981474
14.049999999999999 0.05093280164756471
14.06 0.0523390308083618
14.069999999999999 0.05242826364282983
14.08 0.05061343117945735
14.089999999999998 0.049294317873898194
14.1 0.05001193241764743
14.110000000000001 0.052960546127186744
14.12 0.057928519973779305
14.13 0.06374926945687306
14.139999999999999 0.06863981395683208
14.15 0.0726171813050996
14.159999999999998 0.07412519352469904
14.17 0.0737898625092147
14.180000000000001 0.07162254630491605
14.19 0.06826189119067615
14.200000000000001 0.06458658310117023
14.209999999999999 0.061010945486280346
14.22 0.057973176396481245
14.229999999999999 0.056369164201855296
14.24 0.05522080946481188
14.249999999999998 0.05411192197688292
14.26 0.05424277653676903
14.270000000000001 0.05422794971040397
14.28 0.053616418449488244
14.290000000000001 0.053759036358129446
14.299999999999999 0.05506118767550569
14.31 0.05708011046191331
14.319999999999999 0.05904312091305701
14.33 0.060467324163157365
14.339999999999998 0.061595751328177156
14.35 0.06296937385925423
14.360000000000001 0.06271496814848183
14.37 0.06232585679725207
14.38 0.06180523425930215
14.389999999999999 0.060818282855968527
14.4 0.059918266165040715
14.409999999999998 0.058915638001071025
14.42 0.058366227973289345
14.430000000000001 0.05815419875953636
14.44 0.05718065173848628
14.450000000000001 0.056809779153134725
14.459999999999999 0.05676185768074527
14.47 0.0567312633374195
14.479999999999999 0.057502265843057766
14.49 0.0579986655217567
14.499999999999998 0.05820190524607241
14.51 0.05847998801564456
14.520000000000001 0.059196724549448555
14.53 0.05980953164451291
14.540000000000001 0.05979414248122027
14.549999999999999 0.059857662824133066
14.56 0.05979925363780664
14.569999999999999 0.059460051847494214
14.58 0.05941540055112844
14.589999999999998 0.05927652405109187
14.6 0.05933916794423072
14.610000000000001 0.05868209616328451
14.62 0.05766678940197044
14.63 0.05715952857144238
14.639999999999999 0.0578237801022281
14.65 0.057901468432363046
14.659999999999998 0.058479992896222514
14.67 0.05940821976434156
14.680000000000001 0.05981557317366185
14.69 0.059802564920390974
14.700000000000001 0.0601600367272279
14.709999999999999 0.060668457037752574
14.72 0.06130575159776876
14.729999999999999 0.06131090661792183
14.74 0.06185915998321807
14.749999999999998 0.06168411226035615
14.76 0.06100884068200376
14.770000000000001 0.060439302744302335
14.78 0.060008758337208215
14.790000000000001 0.059851202381603165
14.799999999999999 0.06032382180722816
14.81 0.06058910358264364
14.819999999999999 0.0607060493550832
14.83 0.06086629413011151
14.839999999999998 0.061234368909544167
14.85 0.06154287834406107
14.860000000000001 0.06141422408618563
14.87 0.06161680109777245
14.88 0.061690087258490976
14.889999999999999 0.06142429346163725
14.9 0.06126312873250291
14.909999999999998 0.06103697415545816
14.92 0.060418694000259225
14.930000000000001 0.05986286034698175
14.94 0.059520314737212705
14.950000000000001 0.05954112129951655
14.959999999999999 0.059484207925509035
14.97 0.05951955462188279
14.979999999999999 0.05915402009925913
14.99 0.059066147221809966
14.999999999999998 0.05926346605974932
15.01 0.05972683609976935
15.020000000000001 0.06011439595513962
15.03 0.060602757214351065
15.040000000000001 0.06098677321123931
15.049999999999999 0.061512098846112445
15.06 0.0584955495381497
15.069999999999999 0.058901294739580064
15.08 0.05952348067171933
15.089999999999998 0.06362946175126784
15.1 0.06683874782275781
15.110000000000001 0.06511058041506884
15.12 0.06648393203470819
15.13 0.06693529099693783
15.139999999999999 0.06740353634533396
15.15 0.07776376513220747
15.159999999999998 0.07430707935411003
15.17 0.0833792080824575
15.180000000000001 0.07363602770542689
15.19 0.07158678095040502
15.200000000000001 0.06018319422754959
15.209999999999999 0.057594297312396084
15.22 0.05464891396037426
15.229999999999999 0.050662793702309035
15.24 0.04806588966143037
15.249999999999998 0.046778032064873847
15.26 0.04816739254641711
15.270000000000001 0.05124579302892793
15.28 0.06060723916674248
15.290000000000001 0.06814459322300333
15.299999999999999 0.07292282404590765
15.31 0.07579400041120721
15.319999999999999 0.07805421742713528
15.33 0.07797577590459803
15.339999999999998 0.07723149312709819
15.35 0.07802439909004627
15.360000000000001 0.08056842004746526
15.37 0.08296269226147673
15.38 0.08361502831018913
15.389999999999999 0.08758920799796477
15.4 0.09039053792669563
15.409999999999998 0.07513078689551958
15.42 0.060656354527669896
15.430000000000001 0.06502857751652785
15.44 0.05113212596601271
15.450000000000001 0.04369601516471202
15.459999999999999 0.049048677174660174
15.47 0.0576650695941075
15.479999999999999 0.066715069749874
15.49 0.07264748056969364
15.499999999999998 0.07656496844078467
15.51 0.07739655987540202
15.520000000000001 0.07585952799328895
15.53 0.0742096223004569
15.540000000000001 0.07483654528339505
15.549999999999999 0.07755061143577995
15.56 0.0802557551084691
15.569999999999999 0.08231311667627929
15.58 0.08203544550636116
15.589999999999998 0.0793728906859904
15.6 0.07480668780695453
15.610000000000001 0.06920396848858543
15.62 0.06276279714236242
15.63 0.057340172163294865
15.639999999999999 0.053677057594662785
15.65 0.04855602470373269
15.659999999999998 0.048364761201953495
15.67 0.05054792450835135
15.680000000000001 0.05267074462796712
15.69 0.054729577395398514
15.700000000000001 0.058854510257068865
