%x y
0.0 0.0
0.009999999999999787 0.012778114101854202
0.019999999999999574 0.030399238608887404
0.02999999999999936 0.0485378433134414
0.040000000000000924 0.06545536667981619
0.05000000000000071 0.07367959303199985
0.0600000000000005 0.0799347952722027
0.07000000000000028 0.08401326667976733
0.08000000000000007 0.09160362173363376
0.08999999999999986 0.09581687706170987
0.09999999999999964 0.08946535642396125
0.10999999999999943 0.08078291288987394
0.120000000000001 0.07137114689132204
0.13000000000000078 0.06164006499667026
0.14000000000000057 0.053021644052656074
0.15000000000000036 0.04568742467307648
0.16000000000000014 0.04062888254170968
0.16999999999999993 0.04365807261518941
0.17999999999999972 0.0426886740066217
0.1899999999999995 0.0503144343061817
0.1999999999999993 0.05070661802887678
0.21000000000000085 0.05253231730079973
0.22000000000000064 0.06173909422672139
0.23000000000000043 0.0694767277207738
0.2400000000000002 0.07531275363703334
0.25 0.07946162200680179
0.2599999999999998 0.08063632550038258
0.2699999999999996 0.07253166688878303
0.27999999999999936 0.07165758831499569
0.2900000000000009 0.06894641954881688
0.3000000000000007 0.059978239637738524
0.3100000000000005 0.057388043192464266
0.3200000000000003 0.05532030363291369
0.33000000000000007 0.05353414640997875
0.33999999999999986 0.046784827456934804
0.34999999999999964 0.047730231779886265
0.35999999999999943 0.04924079082018068
0.370000000000001 0.05156098855292571
0.3800000000000008 0.04788970492593453
0.39000000000000057 0.04607901555434128
0.40000000000000036 0.04591264840102632
0.41000000000000014 0.052689422343823344
0.41999999999999993 0.06010191989857425
0.4299999999999997 0.059260727863517805
0.4399999999999995 0.06526445305856865
0.4499999999999993 0.06300240037453973
0.46000000000000085 0.06677807392217211
0.47000000000000064 0.06893512869819063
0.4800000000000004 0.06956164406241477
0.4900000000000002 0.06901110633328472
0.5 0.06668916254622191
0.5099999999999998 0.06372273415704176
0.5199999999999996 0.053438145095186754
0.5299999999999994 0.044687499286068105
0.5400000000000009 0.04387138299934689
0.5500000000000007 0.04458486966990861
0.5600000000000005 0.04656527947242292
0.5700000000000003 0.04223738459407517
0.5800000000000001 0.03957043609965287
0.5899999999999999 0.044299344816181176
0.5999999999999996 0.05032944996299706
0.6099999999999994 0.05615183426969713
0.620000000000001 0.06109333862634417
0.6300000000000008 0.06557706405250108
0.6400000000000006 0.06778355554659399
0.6500000000000004 0.06827434642375346
0.6600000000000001 0.06682298702729059
0.6699999999999999 0.057093212581780614
0.6799999999999997 0.05557397148898829
0.6899999999999995 0.0538283456609629
0.6999999999999993 0.05252510314347252
0.7100000000000009 0.051329225763126866
0.7200000000000006 0.04379680483570574
0.7300000000000004 0.038647402844877395
0.7400000000000002 0.04078874692180053
0.75 0.04397082063023462
0.7599999999999998 0.047393118471031656
0.7699999999999996 0.05108187826802117
0.7799999999999994 0.04871227516764566
0.7900000000000009 0.053375770297348094
0.8000000000000007 0.057408342918086816
0.8100000000000005 0.06036333036579309
0.8200000000000003 0.06254927543410292
0.8300000000000001 0.06344893041773213
0.8399999999999999 0.06272374936962218
0.8499999999999996 0.060303658911800055
0.8599999999999994 0.05816513041323104
0.870000000000001 0.05523067575970288
0.8800000000000008 0.045979856204243066
0.8900000000000006 0.0394798370422242
0.9000000000000004 0.04021586549081233
0.9100000000000001 0.04154645589134975
0.9199999999999999 0.0436905116691955
0.9299999999999997 0.04613992533694831
0.9399999999999995 0.04339028796993546
0.9499999999999993 0.041760722188599525
0.9600000000000009 0.04637777654416677
0.9700000000000006 0.05089301363671716
0.9800000000000004 0.0558539840666339
0.9900000000000002 0.060010904996011014
1.0 0.06261029735127324
1.0099999999999998 0.06328193584242678
1.0199999999999996 0.06311767454120512
1.0299999999999994 0.0615838053255053
1.040000000000001 0.058923267817445314
1.0500000000000007 0.05510005805138174
1.0600000000000005 0.05214873021551946
1.0700000000000003 0.04804954594880947
1.08 0.04562911437191491
1.0899999999999999 0.043244062120014075
1.0999999999999996 0.036778898245340357
1.1099999999999994 0.03712805966760381
1.120000000000001 0.037994188676966086
1.1300000000000008 0.039844648440283445
1.1400000000000006 0.043130312978016803
1.1500000000000004 0.04722788392550122
1.1600000000000001 0.05062577557471385
1.17 0.05373256461121788
1.1799999999999997 0.05553546971163403
1.1899999999999995 0.05737458625338895
1.1999999999999993 0.056642755116339184
1.2100000000000009 0.04797192840303318
1.2200000000000006 0.04785140520443425
1.2300000000000004 0.04826015058809531
1.2400000000000002 0.04864929897048948
1.25 0.04821630529647915
1.2599999999999998 0.0478225570489075
1.2699999999999996 0.04787525476362068
1.2799999999999994 0.04733575811063369
1.290000000000001 0.04660747659347203
1.3000000000000007 0.04598987784227969
1.3100000000000005 0.04593898977342385
1.3200000000000003 0.0458277637717302
1.33 0.044788048948654915
1.3399999999999999 0.04383001880899139
1.3499999999999996 0.04366041485809911
1.3599999999999994 0.04263890552264017
1.370000000000001 0.0399928006400684
1.3800000000000008 0.03824338670064242
1.3900000000000006 0.03838493739553599
1.4000000000000004 0.04038514421370381
1.4100000000000001 0.03448667490041484
1.42 0.029540701008813206
1.4299999999999997 0.03171377706105706
1.4399999999999995 0.03472842093987662
1.4499999999999993 0.03968814708266007
1.4600000000000009 0.044998408815968484
1.4700000000000006 0.047595790762789476
1.4800000000000004 0.04940610260900189
1.4900000000000002 0.05083247687298145
1.5 0.048656955346192535
1.5099999999999998 0.04565379348870961
1.5199999999999996 0.041490058659098474
1.5299999999999994 0.03137613117718978
1.540000000000001 0.03093322656535231
1.5500000000000007 0.030046589140401824
1.5600000000000005 0.029879117516740886
1.5700000000000003 0.0301474664438242
1.58 0.031783521010051705
1.5899999999999999 0.03342449516157176
1.5999999999999996 0.03474611638564979
1.6099999999999994 0.03646826442728622
1.620000000000001 0.03916503102273522
1.6300000000000008 0.0421037364584614
1.6400000000000006 0.035070831720546786
1.6500000000000004 0.028532553106510792
1.6600000000000001 0.03192913097940442
1.67 0.03585162513008915
1.6799999999999997 0.03915576429197926
1.6899999999999995 0.04118965382910142
1.6999999999999993 0.04161752768604767
1.7100000000000009 0.0428551798269832
1.7200000000000006 0.043006488079142105
1.7300000000000004 0.04208535240752648
1.7400000000000002 0.04077945490446016
1.75 0.0389904364438092
1.7599999999999998 0.029527094753539516
1.7699999999999996 0.023850341183765323
1.7799999999999994 0.023879993008589236
1.790000000000001 0.024373437184198463
1.8000000000000007 0.02640802742416706
1.8100000000000005 0.030311715685159012
1.8200000000000003 0.03453017570510171
1.83 0.03888976646139564
1.8399999999999999 0.0410608548898265
1.8499999999999996 0.04240820783583776
1.8599999999999994 0.04357455349834082
1.870000000000001 0.043101476277551905
1.8800000000000008 0.04098188397921359
1.8900000000000006 0.03795079644480361
1.9000000000000004 0.03397678088666813
1.9100000000000001 0.030514830043088186
1.92 0.02822180023113658
1.9299999999999997 0.026289579346887876
1.9399999999999995 0.025169238846335998
1.9499999999999993 0.024099040991342194
1.9600000000000009 0.02358080458031416
1.9700000000000006 0.02452921589039057
1.9800000000000004 0.025683956847029604
1.9900000000000002 0.019244523229165873
2.0 0.022326232853175462
2.01 0.026237963897551606
2.0199999999999996 0.030218245568094496
2.0299999999999994 0.03539022131016106
2.040000000000001 0.039658510252637585
2.0500000000000007 0.04312097094109299
2.0600000000000005 0.04500412705669466
2.0700000000000003 0.044883828331133406
2.08 0.044822633336967795
2.09 0.033672964719314816
2.0999999999999996 0.03275568527798338
2.1099999999999994 0.03175982725888209
2.120000000000001 0.030972458115923435
2.130000000000001 0.030812227500287365
2.1400000000000006 0.03266146341195947
2.1500000000000004 0.03479484657543881
2.16 0.03801615645484259
2.17 0.042611792831158436
2.1799999999999997 0.04961775717243912
2.1899999999999995 0.06086825985356811
2.1999999999999993 0.07637174362830543
2.210000000000001 0.09711651851100048
2.2200000000000006 0.12421971325999528
2.2300000000000004 0.1530112498918057
2.24 0.18712725153775844
2.25 0.21969170095358265
2.26 0.256072969489188
2.2699999999999996 0.2869509391801234
2.2799999999999994 0.31531692451498283
2.290000000000001 0.33877423000193213
2.3000000000000007 0.3570755096611808
2.3100000000000005 0.3702933680516354
2.3200000000000003 0.38245964291296725
2.33 0.3864176685406705
2.34 0.3853668564838718
2.3499999999999996 0.38211092660007423
2.3599999999999994 0.377374494048507
2.370000000000001 0.3771150261059671
2.380000000000001 0.3728193102703816
2.3900000000000006 0.37026484142417193
2.4000000000000004 0.36898407466353034
2.41 0.3713690961437294
2.42 0.37690979524303636
2.4299999999999997 0.38941965037065485
2.4399999999999995 0.39936790565876606
2.4499999999999993 0.41073801993423137
2.460000000000001 0.4218161844107576
2.4700000000000006 0.43432470945379736
2.4800000000000004 0.4458033403593519
2.49 0.4557700895638171
2.5 0.46516843799168556
2.51 0.4724159623952598
2.5199999999999996 0.4771557699377877
2.5299999999999994 0.48203754851242625
2.540000000000001 0.4841668893350997
2.5500000000000007 0.4847078277887086
2.5600000000000005 0.4836504061775475
2.5700000000000003 0.48340164466329316
2.58 0.48341727924375505
2.59 0.4837580203956907
2.5999999999999996 0.48437351324631683
2.6099999999999994 0.487657972904148
2.620000000000001 0.5226592410481206
2.630000000000001 0.5541066282134394
2.6400000000000006 0.5836826278012403
2.6500000000000004 0.6000037506439275
2.66 0.6062611363706155
2.67 0.6017168592445356
2.6799999999999997 0.5884198594240545
2.6899999999999995 0.5679930039682696
2.6999999999999993 0.5458027681768056
2.710000000000001 0.5229363607553053
2.7200000000000006 0.5013686405232302
2.7300000000000004 0.48236926741011144
2.74 0.46864155354085985
2.75 0.46298879097971213
2.76 0.455748392089784
2.7699999999999996 0.45617483913147133
2.7799999999999994 0.4639080156479637
2.790000000000001 0.47976561480968627
2.8000000000000007 0.5033328632282368
2.8100000000000005 0.5288713323147768
2.8200000000000003 0.5547242132132761
2.83 0.5794667130383452
2.84 0.6010955207703227
2.8499999999999996 0.6318620724374068
2.8599999999999994 0.6502424834349083
2.870000000000001 0.6554660866179284
2.880000000000001 0.6410312825080853
2.8900000000000006 0.621350080304591
2.9000000000000004 0.5979343068064569
2.91 0.5738061012919199
2.92 0.552367822607264
2.9299999999999997 0.5358915707315517
2.9399999999999995 0.5280081920943269
2.9499999999999993 0.5252804958287134
2.960000000000001 0.5277680112362968
2.9700000000000006 0.5365798315929895
2.9800000000000004 0.5516828029773242
2.99 0.5587606124744009
3.0 0.5695028764025476
3.01 0.6173888954466235
3.0199999999999996 0.6614583678641635
3.0299999999999994 0.6964680735837383
3.040000000000001 0.6888354121371677
3.0500000000000007 0.6765625367653935
3.0600000000000005 0.660481711160445
3.0700000000000003 0.6446765672896053
3.08 0.6283103982163616
3.09 0.6140350431454389
3.0999999999999996 0.6028619467707443
3.1099999999999994 0.5947991363387024
3.120000000000001 0.5910120153347234
3.130000000000001 0.5906319891137491
3.1400000000000006 0.5960852396293622
3.1500000000000004 0.6059263953756671
3.16 0.616574700077627
3.17 0.6258963398576419
3.1799999999999997 0.6338010627554699
3.1899999999999995 0.6433391045291444
3.1999999999999993 0.671091729709874
3.210000000000001 0.7041265133556728
3.2200000000000006 0.7265920073766071
3.2300000000000004 0.7429088174847186
3.24 0.7435231927347565
3.25 0.7360216374165978
3.26 0.721024919125737
3.2699999999999996 0.7005038556427291
3.2799999999999994 0.6825459072551487
3.290000000000001 0.6644898158557322
3.3000000000000007 0.6485506593140873
3.3100000000000005 0.6375475265220873
3.3200000000000003 0.630005350201792
3.33 0.6280375353687884
3.34 0.6286439852574596
3.3499999999999996 0.6350542667484605
3.3599999999999994 0.6438166271468798
3.370000000000001 0.6548715324261813
3.380000000000001 0.6675863620474618
3.3900000000000006 0.6798430051673238
3.4000000000000004 0.6911480432267336
3.41 0.7000571989716438
3.42 0.706961116676803
3.4299999999999997 0.71000650560864
3.4399999999999995 0.710905617964697
3.4499999999999993 0.7084316932715206
3.460000000000001 0.7047199621787311
3.4700000000000006 0.6994673399390606
3.4800000000000004 0.6939579858551249
3.49 0.6886372088368747
3.5 0.683581195099482
3.51 0.680286423869424
3.5199999999999996 0.6790142943147653
3.5299999999999994 0.6792685090376269
3.540000000000001 0.6817152557518039
3.5500000000000007 0.6863971431328653
3.5600000000000005 0.6926606536667461
3.5700000000000003 0.6997463617400224
3.58 0.7071619459196457
3.59 0.7130554351579846
3.5999999999999996 0.7180412744795946
3.6099999999999994 0.7211734678354526
3.620000000000001 0.7216144354023715
3.630000000000001 0.7216841429164638
3.6400000000000006 0.7209662780389142
3.6500000000000004 0.7194051676723052
3.66 0.7163149237034597
3.67 0.7135739800319582
3.6799999999999997 0.7117156775906487
3.6899999999999995 0.7107671168076632
3.6999999999999993 0.7110029583666455
3.710000000000001 0.7121764344096879
3.7200000000000006 0.7140924868866774
3.7300000000000004 0.7170660368515089
3.74 0.7221446656505396
3.75 0.7276986202443534
3.76 0.7303380660009553
3.7699999999999996 0.7311059760121298
3.7799999999999994 0.7317709163046487
3.790000000000001 0.7323671279408224
3.8000000000000007 0.7330404458542815
3.8100000000000005 0.7333364540919023
3.8200000000000003 0.7338659729487171
3.83 0.7344163910897475
3.84 0.7358668690128605
3.8499999999999996 0.7377156528207061
3.8599999999999994 0.7397099675131187
3.870000000000001 0.7412755076068678
3.880000000000001 0.7426822166124545
3.8900000000000006 0.744886322795962
3.9000000000000004 0.7469774562397531
3.91 0.7486077847318605
3.92 0.7489095595536122
3.9299999999999997 0.7498636667144115
3.9399999999999995 0.7497625994172794
3.9499999999999993 0.7491174688492127
3.960000000000001 0.7486198342865151
3.9700000000000006 0.7479042283371203
3.9800000000000004 0.7477581437747317
3.99 0.7475874833425579
4.0 0.7481896994827935
4.01 0.749066237279598
4.02 0.7498826362194819
4.029999999999999 0.7515074935555389
4.040000000000001 0.7529400711916473
4.050000000000001 0.75718489395105
4.0600000000000005 0.7610631906148857
4.07 0.7642865309220486
4.08 0.7667979533573316
4.09 0.7676317468041789
4.1 0.7677340691359023
4.109999999999999 0.7663137539000522
4.120000000000001 0.7641549985910336
4.130000000000001 0.7612912405461142
4.140000000000001 0.7559344573167779
4.15 0.7506071424718623
4.16 0.7463343763915384
4.17 0.7433665533478444
4.18 0.7427112001174447
4.1899999999999995 0.7439528817835283
4.199999999999999 0.7466553188554543
4.210000000000001 0.7509270880560323
4.220000000000001 0.755326837892164
4.23 0.763849370877848
4.24 0.7712315170074182
4.25 0.776147412205293
4.26 0.7793685613859732
4.27 0.7801022204557579
4.279999999999999 0.7792741411719168
4.290000000000001 0.776405949440391
4.300000000000001 0.7724974992749746
4.3100000000000005 0.7678373902845171
4.32 0.7630817227032034
4.33 0.7605462573847855
4.34 0.7579844907332647
4.35 0.7566546073149654
4.359999999999999 0.7563356290409593
4.370000000000001 0.7569230084240415
4.380000000000001 0.7594421110147695
4.390000000000001 0.7619868826849571
4.4 0.7646601845664242
4.41 0.7647506936541175
4.42 0.7599798275740529
4.43 0.7477488638045613
4.4399999999999995 0.7276211927953167
4.449999999999999 0.7005766634977025
4.460000000000001 0.6681324454764078
4.470000000000001 0.6320398624618618
4.48 0.593717862836842
4.49 0.5538181648943011
4.5 0.5121632457205681
4.51 0.46971805381891485
4.52 0.42610889716166833
4.529999999999999 0.38064069457619576
4.540000000000001 0.3319248071743957
4.550000000000001 0.2797884204596193
4.5600000000000005 0.2270372563728007
4.57 0.1781460562147017
4.58 0.14607932771225335
4.59 0.1474616539497832
4.6 0.1858901994749949
4.609999999999999 0.23646648988094174
4.620000000000001 0.28547312845392375
4.630000000000001 0.32546286277098924
4.640000000000001 0.3551351582311056
4.65 0.37368646755213825
4.66 0.3817383971162317
4.67 0.38183691030987127
4.68 0.3757401273042519
4.6899999999999995 0.3664518652570935
4.699999999999999 0.35684399890728274
4.710000000000001 0.34948726305326966
4.720000000000001 0.3469687023485009
4.73 0.34735463822388146
4.74 0.34672984683592734
4.75 0.3418938257427876
4.76 0.33217492880110744
4.77 0.31843925829671865
4.779999999999999 0.2999119601983737
4.790000000000001 0.27751824190991564
4.800000000000001 0.2524898487571008
4.8100000000000005 0.22792229680612053
4.82 0.20553585698020563
4.83 0.187982679090389
4.84 0.17528776548284444
4.85 0.1679848248416623
4.859999999999999 0.16500353463869274
4.870000000000001 0.1664970749973644
4.880000000000001 0.17204194385762614
4.890000000000001 0.18070654074665782
4.9 0.19186700173330265
4.91 0.2020443618191328
4.92 0.20938221004798135
4.93 0.21353537096382064
4.9399999999999995 0.20594587299432915
4.949999999999999 0.1935511138350334
4.960000000000001 0.1773519813915013
4.970000000000001 0.15967607338502518
4.98 0.1406784406230165
4.99 0.12159499799300195
5.0 0.10371893927944571
5.01 0.08781657021905595
5.02 0.07462137209703024
5.029999999999999 0.06421746538989061
5.040000000000001 0.05678747545070623
5.050000000000001 0.05237221020651878
5.0600000000000005 0.050819938411385754
5.07 0.05131306348993603
5.08 0.052773845797021234
5.09 0.054315603321989384
5.1 0.05555749393312104
5.109999999999999 0.05586170679466079
5.120000000000001 0.055111525530233005
5.130000000000001 0.053572033192423346
5.140000000000001 0.05067291156313209
5.15 0.046335322904764706
5.16 0.04168961347116169
5.17 0.03724811917715842
5.18 0.03419952286226862
5.1899999999999995 0.03327315212127885
5.199999999999999 0.035319482304958114
5.210000000000001 0.0384753591989342
5.220000000000001 0.04193084381628707
5.23 0.04501807734060503
5.24 0.04772848961009248
5.25 0.04983039946484757
5.26 0.05156951895372839
5.27 0.05247988518060743
5.279999999999999 0.05322650833297029
5.290000000000001 0.054031114408007126
5.300000000000001 0.055249378504125604
5.3100000000000005 0.056578019745463795
5.32 0.058784495041010854
5.33 0.062004336587718964
5.34 0.06528617645768406
5.35 0.06855860635763071
5.359999999999999 0.07282012272180925
5.370000000000001 0.07675362181807918
5.380000000000001 0.08046895103658
5.390000000000001 0.08478789014914041
5.4 0.08863843705019582
5.41 0.0928508785489341
5.420000000000002 0.09663536356121559
5.43 0.0996080086013566
5.440000000000001 0.10237320620499632
5.449999999999999 0.10432420883874685
5.460000000000001 0.10599865280472795
5.469999999999999 0.10736063925606953
5.48 0.10886521691600508
5.489999999999998 0.10994240289699259
5.5 0.11124052482428876
5.510000000000002 0.11233662943447931
5.52 0.1132762831352458
5.530000000000001 0.11480914388526342
5.539999999999999 0.1167760916648997
5.550000000000001 0.11896298557064477
5.559999999999999 0.12079998535378654
5.57 0.12287477077153244
5.580000000000002 0.12497001484312693
5.59 0.12713690137846922
5.600000000000001 0.1294382102784239
5.609999999999999 0.13135687736418733
5.620000000000001 0.13309391211763558
5.629999999999999 0.1342730597358992
5.640000000000001 0.1351347323883391
5.649999999999999 0.13583348586662103
5.66 0.1366509435831319
5.670000000000002 0.13730878744807884
5.68 0.13826785072692357
5.690000000000001 0.13937769005913112
5.699999999999999 0.14036245831896815
5.710000000000001 0.141016159694354
5.719999999999999 0.13976813522470458
5.73 0.1285762145396559
5.739999999999998 0.11896992047229486
5.75 0.1122859194892714
5.760000000000002 0.10823905623538976
5.77 0.10764377874241642
5.780000000000001 0.10912991364740006
5.789999999999999 0.11280880510948779
5.800000000000001 0.11810963989450589
5.809999999999999 0.1238655066575149
5.82 0.13051047929189563
5.830000000000002 0.1364553473988603
5.84 0.1418314133177562
5.850000000000001 0.14559663346565802
5.859999999999999 0.14726087401704538
5.870000000000001 0.14724638271718588
5.879999999999999 0.14512128566474844
5.890000000000001 0.1415972142304265
5.899999999999999 0.13656694937525662
5.91 0.13117648450126196
5.920000000000002 0.12540691756345246
5.93 0.12070420474771526
5.940000000000001 0.1170530588755208
5.949999999999999 0.11444807818018159
5.960000000000001 0.11334464520282399
5.969999999999999 0.11267772701231822
5.98 0.11279458085958206
5.989999999999998 0.1131849965405506
6.0 0.1137952768615083
6.010000000000002 0.1143082573795938
6.02 0.11513901605341467
6.030000000000001 0.11376846048697206
6.039999999999999 0.11258520638771663
6.050000000000001 0.11457669052360592
6.059999999999999 0.1157131520992476
6.07 0.11575030970199608
6.080000000000002 0.11462745511049412
6.09 0.11239727473504234
6.100000000000001 0.11023004115922984
6.109999999999999 0.10745115523819784
6.120000000000001 0.10433043387740878
6.129999999999999 0.1010579042444814
6.140000000000001 0.09692601697986152
6.149999999999999 0.09246530801305111
6.16 0.08854013672823284
6.170000000000002 0.08482247358395595
6.18 0.08209319592917039
6.190000000000001 0.08013856701450192
6.199999999999999 0.07878955198283169
6.210000000000001 0.07830570744591966
6.219999999999999 0.07654550640680254
6.23 0.07468531362554376
6.239999999999998 0.0736245965310643
6.25 0.07277976241963215
6.260000000000002 0.07194619762905895
6.27 0.07136142040379387
6.280000000000001 0.07055461584632369
6.289999999999999 0.06964820203401542
6.300000000000001 0.06819497982687604
6.309999999999999 0.0664547052181799
6.32 0.06449898675275306
6.330000000000002 0.06245193307299569
6.34 0.05993361297235601
6.350000000000001 0.05570373199795152
6.359999999999999 0.0517647572487316
6.370000000000001 0.0484166316556758
6.379999999999999 0.04724631666323792
6.390000000000001 0.046278312402309604
6.399999999999999 0.045040625958334586
6.41 0.043865356566060595
6.420000000000002 0.04281176006540887
6.43 0.04177201839960582
6.440000000000001 0.040150646367586806
6.449999999999999 0.03871297371493153
6.460000000000001 0.03721512779637897
6.469999999999999 0.035801962647980426
6.48 0.034125617786925355
6.489999999999998 0.03257105183934998
6.5 0.030974289373363648
6.510000000000002 0.028977332133280374
6.52 0.026845584715820516
6.530000000000001 0.024779233781812418
6.539999999999999 0.02318225727089858
6.550000000000001 0.021410670003225017
6.559999999999999 0.018283522397604123
6.57 0.01657247635074339
6.580000000000002 0.015356694411306002
6.59 0.015001846333801893
6.600000000000001 0.014507002904812378
6.609999999999999 0.014729064953928539
6.620000000000001 0.015708277066385147
6.629999999999999 0.01637088942839411
6.640000000000001 0.01652165805929276
6.649999999999999 0.01711236767504073
6.66 0.016767487171508052
6.670000000000002 0.018845703464852127
6.68 0.020846583814431743
6.690000000000001 0.02183481112860862
6.699999999999999 0.0207525113280018
6.710000000000001 0.018007902564320954
6.719999999999999 0.014398052207820988
6.73 0.010252456610833125
6.739999999999998 0.006444719799677708
6.75 0.00598874959305076
6.760000000000002 0.0083164210860758
6.77 0.01147306880906591
6.780000000000001 0.013780885105509361
6.789999999999999 0.014988841694090593
6.800000000000001 0.015632302927743695
6.809999999999999 0.016921954570169043
6.82 0.0181716930524436
6.830000000000002 0.01939647418828272
6.84 0.020760987013569522
6.850000000000001 0.02156040338182119
6.859999999999999 0.021851737397670455
6.870000000000001 0.021529911047102855
6.879999999999999 0.02097843888632386
6.890000000000001 0.01979815524892276
6.899999999999999 0.0183642533247814
6.91 0.016986556749474604
6.920000000000002 0.015318047872171359
6.93 0.014175034651455816
6.940000000000001 0.01373268758103362
6.949999999999999 0.013684875062622856
6.960000000000001 0.014209309124061712
6.969999999999999 0.01541213160658157
6.98 0.01691954854610978
6.989999999999998 0.017694064244169083
7.0 0.01854709684354936
7.010000000000002 0.01938783009922047
7.02 0.019877955241677507
7.030000000000001 0.02016009451702878
7.039999999999999 0.020126955385353345
7.050000000000001 0.020007509274488428
7.059999999999999 0.01957153474028192
7.07 0.01895195306185317
7.080000000000002 0.018264926054282593
7.09 0.017727467958711784
7.100000000000001 0.0174697907147853
7.109999999999999 0.01702577679782232
7.120000000000001 0.016672097929119167
7.129999999999999 0.016315895758055095
7.140000000000001 0.015294519019548607
7.149999999999999 0.015667012508672074
7.16 0.01636443200059706
7.170000000000002 0.017179603904877928
7.18 0.017892827092562957
7.190000000000001 0.017832986513580795
7.199999999999999 0.01790216827250883
7.210000000000001 0.017665198122592388
7.219999999999999 0.017703256351641147
7.23 0.017648969374752563
7.239999999999998 0.017949224135709492
7.25 0.01821797353338881
7.260000000000002 0.018538878867053053
7.27 0.018843103835704714
7.280000000000001 0.018645745780937188
7.289999999999999 0.01872584951512714
7.300000000000001 0.01890355013617075
7.309999999999999 0.01927264074136102
7.32 0.020217144303796834
7.330000000000002 0.02117737895139529
7.34 0.022137976225653937
7.350000000000001 0.022889015204520767
7.359999999999999 0.023756032225035195
7.370000000000001 0.024710104335698087
7.379999999999999 0.025239660155938256
7.390000000000001 0.02561578039646042
7.399999999999999 0.02586539764025889
7.41 0.025947758198503614
7.420000000000002 0.02638366953949826
7.43 0.02670150295281846
7.440000000000001 0.027624716502083525
7.449999999999999 0.028717513529333664
7.460000000000001 0.029840591640434816
7.469999999999999 0.031109921057041454
7.48 0.03238444276699669
7.489999999999998 0.03377730303712349
7.5 0.03534780201989801
7.510000000000002 0.03686119142497134
7.52 0.038423179435399565
7.530000000000001 0.03992299279125184
7.539999999999999 0.04126733328361316
7.550000000000001 0.04233484115871406
7.559999999999999 0.043351011828798844
7.57 0.044478733653064505
7.580000000000002 0.04518167289195683
7.59 0.04591901343377089
7.600000000000001 0.04699133997637142
7.609999999999999 0.048067809243811134
7.620000000000001 0.049310717188409486
7.629999999999999 0.050059041025245145
7.640000000000001 0.05135835290834623
7.649999999999999 0.05269051404292817
7.66 0.05348881757495577
7.670000000000002 0.05500890584182315
7.68 0.056543584762032646
7.690000000000001 0.058159168851209794
7.699999999999999 0.059493492675750916
7.710000000000001 0.06109447836633936
7.719999999999999 0.06227312960725286
7.73 0.06303523029850124
7.739999999999998 0.06363760961715659
7.75 0.06450207624891645
7.760000000000002 0.06535212257928212
7.77 0.06543794943812772
7.780000000000001 0.06583587499116848
7.789999999999999 0.0663304027559656
7.800000000000001 0.06687850754242183
7.809999999999999 0.06698242060089359
7.82 0.0668312501647574
7.830000000000002 0.06757761980037026
7.84 0.06865884679753737
7.850000000000001 0.0694559084189333
7.859999999999999 0.07009909547893345
7.870000000000001 0.0708188696216312
7.879999999999999 0.0713430822364992
7.890000000000001 0.07173810969653814
7.899999999999999 0.0726150578437656
7.91 0.07293868016006248
7.920000000000002 0.07338358837620773
7.93 0.07379821762751558
7.940000000000001 0.07444572153269542
7.949999999999999 0.07530727499855842
7.960000000000001 0.07628208524362635
7.969999999999999 0.07570439974199962
7.98 0.07528704097650935
7.989999999999998 0.06929674552814082
8.0 0.06469988758202835
8.010000000000002 0.061521587862178755
8.02 0.06032495997153446
8.030000000000001 0.06097265327696252
8.04 0.06301583126965946
8.05 0.06691306661910777
8.059999999999999 0.07063464010547145
8.07 0.07468278610976714
8.080000000000002 0.07925698015239602
8.09 0.08271091846869394
8.100000000000001 0.08566575514147116
8.11 0.08785097012335727
8.120000000000001 0.08908134567684696
8.129999999999999 0.08946191019272103
8.14 0.0893190877299308
8.149999999999999 0.08760531199192405
8.16 0.08583842266943002
8.170000000000002 0.08347401289070833
8.18 0.08105842291423355
8.190000000000001 0.07910818525261931
8.2 0.07757816100127807
8.21 0.07660998938439888
8.219999999999999 0.07617558506703025
8.23 0.07604873149613309
8.239999999999998 0.07676936407092781
8.25 0.07780438077771556
8.260000000000002 0.07881589610370165
8.27 0.08060837429693973
8.280000000000001 0.08178665936023011
8.29 0.08298237073528851
8.3 0.0839712170034666
8.309999999999999 0.0841544901901358
8.32 0.08391572818216012
8.330000000000002 0.08385172062303975
8.34 0.08302367819460518
8.350000000000001 0.08165423417493696
8.36 0.08020042778445068
8.370000000000001 0.07871960720879946
8.379999999999999 0.07739250841325583
8.39 0.07637427086935199
8.399999999999999 0.07540065883818371
8.41 0.07464902451464182
8.420000000000002 0.07416684662907692
8.43 0.07351731963418555
8.440000000000001 0.07375849474384705
8.45 0.07342650555610072
8.46 0.07376801371703347
8.469999999999999 0.07395668797906729
8.48 0.0738674262975724
8.489999999999998 0.07391471356566792
8.5 0.07387463270398048
8.510000000000002 0.07402590608107183
8.52 0.0733970563633826
8.530000000000001 0.07312895153714241
8.54 0.07244573288175854
8.55 0.07148264613778313
8.559999999999999 0.07129578991916682
8.57 0.07156305525732923
8.580000000000002 0.07150003729701898
8.59 0.07049678465450565
8.600000000000001 0.06953434433389104
8.61 0.06851954325014152
8.620000000000001 0.06771754073961976
8.629999999999999 0.06624035725111786
8.64 0.06478580934993416
8.649999999999999 0.0635607577474126
8.66 0.0623865177499901
8.670000000000002 0.061867853144849376
8.68 0.06116659977137885
8.690000000000001 0.06074000031159019
8.7 0.06088575621886521
8.71 0.060824555821701216
8.719999999999999 0.06042115830786603
8.73 0.06016667360010197
8.739999999999998 0.05965103084551252
8.75 0.05945787686557503
8.760000000000002 0.05924763385914592
8.77 0.058676091076077255
8.780000000000001 0.0578350086291899
8.79 0.05723335486183691
8.8 0.056901928905309276
8.809999999999999 0.056159804116261584
8.82 0.05481194250404948
8.830000000000002 0.05377151049733744
8.84 0.05299177916962695
8.850000000000001 0.05208866740443456
8.86 0.05152230322010941
8.870000000000001 0.05048795347527854
8.879999999999999 0.049488557919964385
8.89 0.04868943156356475
8.899999999999999 0.04796924669981648
8.91 0.04700683995189899
8.920000000000002 0.04673043356199506
8.93 0.04609546355538094
8.940000000000001 0.045038698366923015
8.95 0.044522606411897744
8.96 0.04445912182834606
8.969999999999999 0.04460838514801313
8.98 0.04436838394909255
8.989999999999998 0.043839381987647315
9.0 0.04379150393127617
9.010000000000002 0.04319022003813992
9.02 0.042913397570150426
9.030000000000001 0.04289163518727069
9.04 0.04269867146454938
9.05 0.04174923981659253
9.059999999999999 0.04140852704958715
9.07 0.04106265692031403
9.080000000000002 0.040714584260910014
9.09 0.040085695056105715
9.100000000000001 0.039561763923787276
9.11 0.03956789684542528
9.120000000000001 0.03935607557837225
9.129999999999999 0.03868823085662496
9.14 0.037883001134510534
9.149999999999999 0.037263713482816936
9.16 0.03708214863699527
9.170000000000002 0.03687215672241609
9.18 0.03687066644384776
9.190000000000001 0.03718685808313776
9.2 0.03714020763716033
9.21 0.03793725057893253
9.219999999999999 0.03830590737226327
9.23 0.03832293255848391
9.239999999999998 0.0385056258648148
9.25 0.03801644562860533
9.260000000000002 0.03707153618451508
9.27 0.03698631065731163
9.280000000000001 0.03687250276745327
9.29 0.03637370688730216
9.3 0.036061058609841413
9.309999999999999 0.035441461026947056
9.32 0.035053286740347064
9.330000000000002 0.03487757655962742
9.34 0.03530603638742958
9.350000000000001 0.035883802190543
9.36 0.03616587501599793
9.370000000000001 0.03599672049767453
9.379999999999999 0.03581670855493855
9.39 0.03563238398466408
9.399999999999999 0.035217397557933475
9.41 0.03547845586304311
9.420000000000002 0.03547470245850438
9.43 0.03514142880663306
9.440000000000001 0.03462980024631098
9.45 0.03441473618778003
9.46 0.03424977033688761
9.469999999999999 0.03452773611281178
9.48 0.035023328795634426
9.489999999999998 0.03548061583100245
9.5 0.03594873918466778
9.510000000000002 0.03647732178458893
9.52 0.03694189590380104
9.530000000000001 0.03720950147724752
9.54 0.03727466629480538
9.55 0.03719578551151448
9.559999999999999 0.03714929339398689
9.57 0.03742702197354559
9.580000000000002 0.03741326119732822
9.59 0.036946235934722134
9.600000000000001 0.03696364692842398
9.61 0.03702850200515525
9.620000000000001 0.03682796773463923
9.629999999999999 0.0364775290899528
9.64 0.036321963049966766
9.649999999999999 0.036479696065224027
9.66 0.036875896203767466
9.670000000000002 0.03714212132479704
9.68 0.03743308501432909
9.690000000000001 0.037599078819927675
9.7 0.037777715503320985
9.71 0.03813003485926431
9.719999999999999 0.03846452457623448
9.73 0.03902164835608887
9.739999999999998 0.03954181547600082
9.75 0.03989407204887553
9.760000000000002 0.04026295059138173
9.77 0.04028937873493059
9.780000000000001 0.0405448427660565
9.79 0.04082431796031391
9.8 0.040901934249531084
9.809999999999999 0.04100373025825854
9.82 0.040994381621615776
9.830000000000002 0.0410705175245713
9.84 0.04119354827277049
9.850000000000001 0.041694518774277996
9.86 0.04183533005288907
9.870000000000001 0.04200967448400534
9.879999999999999 0.042511249920185984
9.89 0.04270719061993959
9.899999999999999 0.042973261039222305
9.91 0.04350734067940471
9.920000000000002 0.043926687904560134
9.93 0.04436862551303293
9.940000000000001 0.04456484923826839
9.95 0.04508627313272486
9.96 0.04502792927499623
9.969999999999999 0.04523482005471428
9.98 0.04522249608686554
9.989999999999998 0.04589638937180468
10.0 0.04630117951035612
10.010000000000002 0.047270737296665144
10.02 0.047580922683539285
10.030000000000001 0.04800176318036526
10.04 0.04859880835249175
10.05 0.04889817293166526
10.059999999999999 0.049137744417641634
10.07 0.0491085657472666
10.080000000000002 0.04931086031921686
10.09 0.04964352456381315
10.100000000000001 0.049910369163513636
10.11 0.050548966570665606
10.120000000000001 0.05131535659225466
10.129999999999999 0.051071323220605966
10.14 0.05146401625346061
10.149999999999999 0.05200339586329136
10.16 0.05254107508360318
10.170000000000002 0.05255295296771868
10.18 0.05314007448473932
10.190000000000001 0.0533311340382133
10.2 0.052932266758633675
10.21 0.05312910755716604
10.219999999999999 0.05358822074621119
10.23 0.054622037679622606
10.239999999999998 0.055735475126138974
10.25 0.057174837516451554
10.260000000000002 0.0579672986321086
10.27 0.058678909035029224
10.280000000000001 0.05947875518934709
10.29 0.05978359778282922
10.3 0.06000974327775585
10.309999999999999 0.06020195456082009
10.32 0.0598743991992224
10.330000000000002 0.059886542621115334
10.34 0.05985665671283411
10.350000000000001 0.06003206364592471
10.36 0.060148724746853614
10.370000000000001 0.06009886506906399
10.379999999999999 0.06041246716348008
10.39 0.06072384592115331
10.399999999999999 0.06108083658484252
10.41 0.06156182001789874
10.420000000000002 0.06199989860915942
10.43 0.06227386059489241
10.440000000000001 0.06239172565857702
10.45 0.06249330412994477
10.46 0.061912469786882314
10.469999999999999 0.06196820035890974
10.48 0.0627981106349003
10.489999999999998 0.06320545130866997
10.5 0.06308944096788027
10.510000000000002 0.06349419859509318
10.52 0.06419572774513442
10.530000000000001 0.06472976078566604
10.54 0.06496573870082342
10.55 0.06516967146758389
10.559999999999999 0.06509258169941505
10.57 0.06480947210441472
10.580000000000002 0.064332907368308
10.59 0.0639583598988579
10.600000000000001 0.06411238778043633
10.61 0.06405784204945775
10.620000000000001 0.06449099252869317
10.629999999999999 0.06479467633934012
10.64 0.06516056458540603
10.649999999999999 0.06489065621862859
10.66 0.06436562551781513
10.670000000000002 0.06443104555272752
10.68 0.06445949671939023
10.690000000000001 0.06472738013835115
10.7 0.06476073075908258
10.71 0.06464898630247004
10.719999999999999 0.06491826127720773
10.73 0.0656825801614907
10.739999999999998 0.06575419855364208
10.75 0.06618202989070711
10.760000000000002 0.06740353724839517
10.77 0.06830796352164828
10.780000000000001 0.06883662983023064
10.79 0.06845038290876493
10.8 0.06792288759038421
10.809999999999999 0.06773702871864494
10.82 0.06706716440692412
10.830000000000002 0.06598066571905266
10.84 0.06544160476191062
10.850000000000001 0.06444391407569364
10.86 0.06348310372914383
10.870000000000001 0.06297966712100977
10.879999999999999 0.0628795766307084
10.89 0.06290274417725483
10.899999999999999 0.06338237010765958
10.91 0.06377695101750717
10.920000000000002 0.06424293903494452
10.93 0.06406332676522439
10.940000000000001 0.06410813280295763
10.95 0.06377611811409334
10.96 0.06280474285421199
10.969999999999999 0.06277118855953422
10.98 0.06282419647492811
10.989999999999998 0.06274751308272122
11.0 0.06194891570519144
11.010000000000002 0.06165701779732522
11.02 0.060869332875459724
11.030000000000001 0.05961475422315699
11.04 0.05929169330288509
11.05 0.0593856717967401
11.059999999999999 0.05908180690317268
11.07 0.058125312526957656
11.080000000000002 0.05865936625399343
11.09 0.058463196671215516
11.100000000000001 0.058080095087665574
11.11 0.05884645650517559
11.120000000000001 0.058832600367953854
11.129999999999999 0.05914630847772421
11.14 0.059773654082206876
11.149999999999999 0.059323990302644604
11.16 0.059103534009330855
11.170000000000002 0.05924173051935052
11.18 0.059411020665506194
11.190000000000001 0.05938103705268515
11.2 0.05884617477751068
11.21 0.05865771994948486
11.219999999999999 0.05783298554839105
11.23 0.056861511960330555
11.239999999999998 0.05619249597779801
11.25 0.05521197893736066
11.260000000000002 0.05423216575430134
11.27 0.0536423889834783
11.280000000000001 0.05341824001469071
11.29 0.05341967945521184
11.3 0.053568282448040926
11.309999999999999 0.053564753007575384
11.32 0.05447501103946627
11.330000000000002 0.05513226285807552
11.34 0.05554500760139143
11.350000000000001 0.05576543874720119
11.36 0.05471488866367141
11.370000000000001 0.053605574102422074
11.379999999999999 0.05249171090327304
11.39 0.05192548983021556
11.399999999999999 0.0509995144730276
11.41 0.05024680210533389
11.420000000000002 0.049853366838518605
11.43 0.04943653016617908
11.440000000000001 0.04970933759645215
11.45 0.05024087302281241
11.46 0.05097653337451071
11.469999999999999 0.05090038176330947
11.48 0.051614099370788584
11.489999999999998 0.051615644907687795
11.5 0.05094889460165017
11.510000000000002 0.050533620560629516
11.52 0.049977580683909666
11.530000000000001 0.049467891003026475
11.54 0.04868226347044292
11.55 0.047656405673493336
11.559999999999999 0.04795390400306219
11.57 0.047607134047851773
11.580000000000002 0.047517070908242705
11.59 0.047685562524554886
11.600000000000001 0.04684838206034441
11.61 0.04736134992184672
11.620000000000001 0.0470721638848057
11.629999999999999 0.0479271254038698
11.64 0.04884492546361006
11.649999999999999 0.0495862555752887
11.66 0.04869769924426832
11.670000000000002 0.049151120772040376
11.68 0.049749547716474184
11.690000000000001 0.04972048765091659
11.7 0.04884782804882043
11.71 0.04818925936648572
11.719999999999999 0.048219268195204064
11.73 0.04840137101367185
11.739999999999998 0.048526881653929745
11.75 0.047464661047549477
11.760000000000002 0.04696710408885265
11.77 0.04757052331741701
11.780000000000001 0.04721146356016862
11.79 0.046890368298658405
11.8 0.0480220276251963
11.809999999999999 0.048783309419960286
11.82 0.04913056152656927
11.830000000000002 0.048718398568065195
11.84 0.049234637638388846
11.850000000000001 0.04952767761793545
11.86 0.05021838169543485
11.870000000000001 0.05047656168408499
11.879999999999999 0.05013804649507174
11.89 0.050320561923848935
11.899999999999999 0.0502575398050859
11.91 0.04950083491231758
11.920000000000002 0.04949210771535944
11.93 0.04922825144480685
11.940000000000001 0.04883387972366809
11.95 0.049193455078384234
11.96 0.04847457824874339
11.969999999999999 0.048565843245196215
11.98 0.04869474083215863
11.989999999999998 0.04873633717749672
12.0 0.04853854998543068
12.010000000000002 0.049145799697502046
12.02 0.04958946046563679
12.030000000000001 0.05003435389715525
12.04 0.05044805830029199
12.05 0.04890454020148824
12.059999999999999 0.04939882995951184
12.07 0.04821259464645828
12.080000000000002 0.04920892674062524
12.09 0.04876278561505191
12.100000000000001 0.04861731913743986
12.11 0.04862045994115931
12.120000000000001 0.04872453062055099
12.129999999999999 0.04931380866629967
12.14 0.049986871736591845
12.149999999999999 0.05075808123725024
12.16 0.052020149826799186
12.170000000000002 0.053404094295870265
12.18 0.05444029152465032
12.190000000000001 0.05499141755904424
12.2 0.055720481333674556
12.21 0.055960662597268326
12.219999999999999 0.05593149345202759
12.23 0.055752555043232
12.239999999999998 0.055329875481786896
12.25 0.054732983144374525
12.260000000000002 0.05444669406501581
12.27 0.0537277443066766
12.280000000000001 0.05351575944705637
12.29 0.053203350227446655
12.3 0.05336911893970332
12.309999999999999 0.05353236560335323
12.32 0.05362354491023009
12.330000000000002 0.054067253142542605
12.34 0.05455415976539555
12.350000000000001 0.05502558285962226
12.36 0.05612582960473842
12.370000000000001 0.05673105201623509
12.379999999999999 0.057086430127810006
12.39 0.05777971735835279
12.399999999999999 0.05799936685196372
12.41 0.05833585090052564
12.420000000000002 0.05843743594511401
12.43 0.05787897001317685
12.440000000000001 0.05740748645475489
12.45 0.0571188755120231
12.46 0.05660347314013148
12.469999999999999 0.056435262597007214
12.48 0.056618108778678976
12.489999999999998 0.05686937584814411
12.5 0.0595296088571119
12.510000000000002 0.061994412344883634
12.52 0.06397867252639329
12.530000000000001 0.06521760722768108
12.54 0.0660221523435797
12.55 0.06545572362242515
12.559999999999999 0.06456641657471046
12.57 0.06290268424502302
12.580000000000002 0.061201901876356664
12.59 0.05958333919921846
12.600000000000001 0.058577208189300255
12.61 0.05758175524040463
12.620000000000001 0.057015010410890625
12.629999999999999 0.05699971943443793
12.64 0.05696978578104789
12.649999999999999 0.057244710214314265
12.66 0.05786522223829988
12.670000000000002 0.05885517477724194
12.68 0.05999596168898269
12.690000000000001 0.06147738190333247
12.7 0.06303147874706753
12.71 0.06419054718603934
12.719999999999999 0.06482872804431825
12.73 0.06510466300903864
12.739999999999998 0.06506013038214592
12.75 0.06453323617646357
12.760000000000002 0.06412287195645071
12.77 0.0632280046377668
12.780000000000001 0.06273978039770703
12.79 0.062429812952115867
12.8 0.06195610039682601
12.809999999999999 0.06164808187338805
12.82 0.061675730236471514
12.830000000000002 0.062225708778080216
12.84 0.06246443506972517
12.850000000000001 0.06294369282469313
12.86 0.06383204449860803
12.870000000000001 0.06431219698554586
12.879999999999999 0.06491173784511999
12.89 0.06586179030396082
12.899999999999999 0.0663617921712054
12.91 0.06685019363791209
12.920000000000002 0.06702923766919497
12.93 0.06694257333681852
12.940000000000001 0.06661082604850907
12.95 0.06618061183890969
12.96 0.06555403375329057
12.969999999999999 0.06505185065730987
12.98 0.06472070245124749
12.989999999999998 0.06430186888334856
13.0 0.06434866013818401
13.010000000000002 0.0642180294346972
13.02 0.06257104689349713
13.030000000000001 0.061721581122181325
13.04 0.060906263601036195
13.05 0.060274249208966506
13.059999999999999 0.060030952571968894
13.07 0.06042693542314884
13.080000000000002 0.061304403733006795
13.09 0.06299719724857955
13.100000000000001 0.06422340006377704
13.11 0.06571674490482222
13.120000000000001 0.06714372998316587
13.129999999999999 0.06833389333353
13.14 0.06928851582587477
13.149999999999999 0.0697627002970561
13.16 0.06968081058240717
13.170000000000002 0.069298171480492
13.18 0.06893485900400638
13.190000000000001 0.06787504681116958
13.2 0.06706352772422738
13.21 0.06633848340379303
13.219999999999999 0.06558672121511334
13.23 0.06504068295750998
13.239999999999998 0.06457556619182833
13.25 0.06454644984380678
13.260000000000002 0.0646764937822445
13.27 0.06529957198416764
13.280000000000001 0.06563501987103834
13.29 0.06606916658308137
13.3 0.06660048004818248
13.309999999999999 0.06723581311506362
13.32 0.06791389207683482
13.330000000000002 0.06855915537170551
13.34 0.06868600804203098
13.350000000000001 0.06863605110090244
13.36 0.06872079059996815
13.370000000000001 0.06850118074323787
13.379999999999999 0.06812031848173657
13.39 0.06778546580180725
13.399999999999999 0.06719324651528384
13.41 0.06681185038014452
13.420000000000002 0.0665465869296872
13.43 0.06582746477964738
13.440000000000001 0.06589168090355181
13.45 0.06558743510068529
13.46 0.0655315402644479
13.469999999999999 0.06559225758830302
13.48 0.06605749267510751
13.489999999999998 0.06644459159188998
13.5 0.0667492094579751
13.510000000000002 0.06691046866275746
13.52 0.0667970875017691
13.530000000000001 0.06652490757122848
13.54 0.0662904517283621
13.55 0.06593690458227239
13.559999999999999 0.06548158032510352
13.57 0.064889917403809
13.580000000000002 0.06427825190459997
13.59 0.06393178349725785
13.600000000000001 0.06364769315861553
13.61 0.06363616751950135
13.620000000000001 0.06362465568065113
13.629999999999999 0.06354009838803966
13.64 0.06318511738409983
13.649999999999999 0.0631859024994648
13.66 0.06328716932169055
13.670000000000002 0.06313399508198357
13.68 0.06311014433535754
13.690000000000001 0.06317983670910651
13.7 0.06292448983079554
13.71 0.06294377998111125
13.719999999999999 0.06302887301044902
13.73 0.06271774039648122
13.739999999999998 0.06035741604629346
13.75 0.058815647648342094
13.760000000000002 0.05805178082540445
13.77 0.05794952997425869
13.780000000000001 0.05809499862077937
13.79 0.05850297775151054
13.8 0.05928185918978972
13.809999999999999 0.05998473734285369
13.82 0.06117625884836258
13.830000000000002 0.06252212273041245
13.84 0.06415848487247147
13.850000000000001 0.06544821411432014
13.86 0.0661932405694414
13.870000000000001 0.06661481533168305
13.879999999999999 0.06612874838849343
13.89 0.06553334303190175
13.899999999999999 0.06453662423732491
13.91 0.06298394767395835
13.920000000000002 0.061745114260868296
13.93 0.06088424957437524
13.940000000000001 0.059875593064356455
13.95 0.059301528105912514
13.96 0.05901798209598583
13.969999999999999 0.05903976254916808
13.98 0.05886024954993843
13.989999999999998 0.05900312143470124
14.0 0.059440859427016886
14.010000000000002 0.0598934911174109
14.02 0.060356044665778964
14.030000000000001 0.06094025818456999
14.04 0.061181611357427064
14.05 0.06147191021118085
14.059999999999999 0.06113583977021566
14.07 0.060859156543258915
14.080000000000002 0.060963969721044224
14.09 0.06070909750162184
14.100000000000001 0.060454348029354295
14.11 0.060096250625317656
14.120000000000001 0.05976990975297391
14.129999999999999 0.05939876630659249
14.14 0.05938707018020612
14.149999999999999 0.05930832060634638
14.16 0.05924482141104615
14.170000000000002 0.059341270401436975
14.18 0.059132549473741226
14.190000000000001 0.05950028960453738
14.2 0.059703481245670695
