%x y
0.0 0.0610983765016366
0.009999999999999787 0.0632704218659359
0.019999999999999574 0.063733165377757
0.02999999999999936 0.061016310292591
0.03999999999999915 0.0611048532465813
0.049999999999998934 0.0613787234203452
0.0600000000000005 0.0607063555738182
0.07000000000000028 0.0614697177356401
0.08000000000000007 0.0605623397185138
0.08999999999999986 0.0604052514419171
0.09999999999999964 0.060801186634236
0.10999999999999943 0.0626142511337096
0.11999999999999922 0.061252332969484
0.129999999999999 0.0583167972464655
0.14000000000000057 0.061145640525273
0.15000000000000036 0.0608605721372239
0.16000000000000014 0.0612275498243889
0.16999999999999993 0.0599874203093142
0.17999999999999972 0.0604645666140496
0.1899999999999995 0.0605646546297134
0.1999999999999993 0.0604232705257186
0.20999999999999908 0.0612007773991222
0.22000000000000064 0.0601949714730838
0.23000000000000043 0.0607258002233181
0.2400000000000002 0.0608515481956566
0.25 0.0603442616471204
0.2599999999999998 0.0599231993866705
0.2699999999999996 0.0588894314192205
0.27999999999999936 0.0595313089222753
0.28999999999999915 0.0607199332097163
0.29999999999999893 0.0608181700545116
0.3100000000000005 0.0589996700294469
0.3200000000000003 0.0607767551124602
0.33000000000000007 0.060523074917234
0.33999999999999986 0.0601795230778547
0.34999999999999964 0.060860493984939
0.35999999999999943 0.0598016872200377
0.3699999999999992 0.0603474031112708
0.379999999999999 0.0614437056235247
0.39000000000000057 0.0622859647264197
0.40000000000000036 0.0615949208878267
0.41000000000000014 0.0612143385961322
0.41999999999999993 0.0624308444922883
0.4299999999999997 0.0631949788186621
0.4399999999999995 0.0637962582660853
0.4499999999999993 0.0627465435890343
0.4599999999999991 0.0634824399181383
0.47000000000000064 0.0648784603890329
0.4800000000000004 0.0648756484705188
0.4900000000000002 0.0660459629333923
0.5 0.0658639801680487
0.5099999999999998 0.0666330389154449
0.5199999999999996 0.0666195397688459
0.5299999999999994 0.0678840819792232
0.5399999999999991 0.0698654104809134
0.5499999999999989 0.0689157143210649
0.5600000000000005 0.0699316726318965
0.5700000000000003 0.071344229759754
0.5800000000000001 0.0717116318844146
0.5899999999999999 0.0722627120380173
0.5999999999999996 0.0713384062062987
0.6099999999999994 0.0739609471306477
0.6199999999999992 0.0747021477518825
0.629999999999999 0.0737474111403376
0.6400000000000006 0.0743707999166624
0.6500000000000004 0.0739072363648274
0.6600000000000001 0.0738541702902069
0.6699999999999999 0.0749652551920536
0.6799999999999997 0.07386724485079
0.6899999999999995 0.0760483985749687
0.6999999999999993 0.075886235411032
0.7099999999999991 0.0755588401732296
0.7200000000000006 0.0744308273377215
0.7300000000000004 0.0755697986785832
0.7400000000000002 0.0764907112036586
0.75 0.0737723653674505
0.7599999999999998 0.073504436459415
0.7699999999999996 0.0742188761367912
0.7799999999999994 0.0747217267329281
0.7899999999999991 0.0758779263643096
0.7999999999999989 0.0744086624480553
0.8100000000000005 0.0740573645827493
0.8200000000000003 0.073654339016732
0.8300000000000001 0.0747081538086032
0.8399999999999999 0.0746463107583341
0.8499999999999996 0.0740957653190088
0.8599999999999994 0.0746836487716318
0.8699999999999992 0.0737699703069597
0.879999999999999 0.0746492536410641
0.8900000000000006 0.0740265968948275
0.9000000000000004 0.0737738331113015
0.9100000000000001 0.0742089872225896
0.9199999999999999 0.0729725749335876
0.9299999999999997 0.0724747651741674
0.9399999999999995 0.0718709478350752
0.9499999999999993 0.0723880810433559
0.9599999999999991 0.0721695841833771
0.9700000000000006 0.0714556465641668
0.9800000000000004 0.0715857958613028
0.9900000000000002 0.0701979724690811
1.0 0.0719033100281636
1.0099999999999998 0.0703457328444533
1.0199999999999996 0.0705913728012254
1.0299999999999994 0.0704696595957124
1.0399999999999991 0.071538136472152
1.049999999999999 0.0710072591212014
1.0600000000000005 0.0711156630861784
1.0700000000000003 0.0706526119106504
1.08 0.0699888724919903
1.0899999999999999 0.06908557969336
1.0999999999999996 0.071230786341119
1.1099999999999994 0.070900933752301
1.1199999999999992 0.0707315011039561
1.129999999999999 0.0698801523075715
1.1400000000000006 0.0691534537682609
1.1500000000000004 0.0692248855732592
1.1600000000000001 0.0693479156842138
1.17 0.0683502364331638
1.1799999999999997 0.067767360226222
1.1899999999999995 0.0680808995229069
1.1999999999999993 0.0681976022756151
1.209999999999999 0.0675664181489866
1.2200000000000006 0.0685789153164625
1.2300000000000004 0.067741938862581
1.2400000000000002 0.067015380062118
1.25 0.0668763956403913
1.2599999999999998 0.0669214166995527
1.2699999999999996 0.0670977919666579
1.2799999999999994 0.0672971159283924
1.2899999999999991 0.0658932643975064
1.299999999999999 0.0644012234266796
1.3100000000000005 0.0654487537854992
1.3200000000000003 0.0645885387511234
1.33 0.0645502726353498
1.3399999999999999 0.0648276389658296
1.3499999999999996 0.0653392644926415
1.3599999999999994 0.0638497444442583
1.3699999999999992 0.0638895084030896
1.379999999999999 0.0641185901896373
1.3900000000000006 0.0647430802223702
1.4000000000000004 0.0649373673812563
1.4100000000000001 0.0634092573244056
1.42 0.0651760921277386
1.4299999999999997 0.0649579726219321
1.4399999999999995 0.0648937120018496
1.4499999999999993 0.0654585411735672
1.459999999999999 0.0655485476471298
1.4700000000000006 0.0663777062871089
1.4800000000000004 0.0664929972749741
1.4900000000000002 0.0655283779016709
1.5 0.0654682636978874
1.5099999999999998 0.0664506351956438
1.5199999999999996 0.0667393499741037
1.5299999999999994 0.0679597038945884
1.5399999999999991 0.0674900165734942
1.549999999999999 0.0661640588192959
1.5600000000000005 0.0671730967616706
1.5700000000000003 0.0695551441757733
1.58 0.0683599302792712
1.5899999999999999 0.0685676452951604
1.5999999999999996 0.0681183782340785
1.6099999999999994 0.0687708697794533
1.6199999999999992 0.0705106601290758
1.629999999999999 0.0709623578864611
1.6400000000000006 0.0708229605106569
1.6500000000000004 0.0694129739197467
1.6600000000000001 0.0702529855626022
1.67 0.0718712883228832
1.6799999999999997 0.07258741685141
1.6899999999999995 0.072633934378389
1.6999999999999993 0.073292680950175
1.709999999999999 0.0724455695110826
1.7200000000000006 0.0727263919191
1.7300000000000004 0.082586716432933
1.7400000000000002 0.0830884958885567
1.75 0.0824861141601862
1.7599999999999998 0.0836925881847902
1.7699999999999996 0.0840124977146888
1.7799999999999994 0.0835921752401069
1.7899999999999991 0.0831671326309034
1.799999999999999 0.0850786326838306
1.8100000000000005 0.0859231311524215
1.8200000000000003 0.0857926060498079
1.83 0.0859074910807447
1.8399999999999999 0.086588227512679
1.8499999999999996 0.085609144464104
1.8599999999999994 0.084813811323525
1.8699999999999992 0.0853442181882753
1.879999999999999 0.0858440035596266
1.8900000000000006 0.0865157474781318
1.9000000000000004 0.0872016678983216
1.9100000000000001 0.0761537345170681
1.92 0.0765559069311836
1.9299999999999997 0.076974468658281
1.9399999999999995 0.0779781083178377
1.9499999999999993 0.0777148747102384
1.959999999999999 0.0784604982815699
1.9700000000000006 0.0780201465925149
1.9800000000000004 0.0780229941956877
1.9900000000000002 0.0742625876425433
2.0 0.0765809898899225
2.01 0.0771021512421268
2.0199999999999996 0.0762161194469386
2.0299999999999994 0.0759567147946966
2.039999999999999 0.0754715961732654
2.049999999999999 0.0705535451884611
2.0600000000000005 0.0719865334518164
2.0700000000000003 0.0697944190079333
2.08 0.0658911999033158
2.09 0.0647894364454895
2.0999999999999996 0.0636560606676929
2.1099999999999994 0.0562437071181511
2.119999999999999 0.0506836960828091
2.129999999999999 0.0450783143339071
2.1400000000000006 0.0383529370256984
2.1500000000000004 0.0326127850940788
2.16 0.0278464873347395
2.17 0.0232678535300201
2.1799999999999997 0.0186679483160851
2.1899999999999995 0.013292243197234
2.1999999999999993 0.0096795250650533
2.209999999999999 0.0043447938224174
2.2200000000000006 -0.0010042700865317
2.2300000000000004 -0.0059821791873017
2.24 -0.0102894801178146
2.25 -0.0142236333032874
2.26 -0.0185105140540687
2.2699999999999996 -0.0223635102697974
2.2799999999999994 -0.0255709733906186
2.289999999999999 -0.0284422156632838
2.299999999999999 -0.0321541909555883
2.3100000000000005 -0.0348078423163374
2.3200000000000003 -0.0384050475760219
2.33 -0.042560407566893
2.34 -0.0487067642334373
2.3499999999999996 -0.0527496919147988
2.3599999999999994 -0.0570954498570697
2.369999999999999 -0.0592374743306968
2.379999999999999 -0.0624623874203303
2.3900000000000006 -0.0676743716919722
2.4000000000000004 -0.0723327323138296
2.41 -0.076807343209749
2.42 -0.0829674610125247
2.4299999999999997 -0.0909235489735293
2.4399999999999995 -0.0958731624543775
2.4499999999999993 -0.101193594246571
2.459999999999999 -0.1038690074698986
2.4700000000000006 -0.1095246101240843
2.4800000000000004 -0.114125897314459
2.49 -0.1191518412164555
2.5 -0.1243157096092049
2.51 -0.1283468773818917
2.5199999999999996 -0.1326071305713151
2.5299999999999994 -0.136810395784643
2.539999999999999 -0.1405915696311503
2.549999999999999 -0.1447126701245557
2.5600000000000005 -0.1485034889673747
2.5700000000000003 -0.1534033234137877
2.58 -0.1573889142720942
2.59 -0.161223268531735
2.5999999999999996 -0.1654447513003923
2.6099999999999994 -0.1685526094399691
2.619999999999999 -0.1731864194525916
2.629999999999999 -0.1775330611484475
2.6400000000000006 -0.1818541763500943
2.6500000000000004 -0.185941528969834
2.66 -0.1901535935809492
2.67 -0.1947807881949801
2.6799999999999997 -0.1998562785860838
2.6899999999999995 -0.2042734949258779
2.6999999999999993 -0.2090046468660604
2.709999999999999 -0.2143542151346127
2.7200000000000006 -0.2191051277032648
2.7300000000000004 -0.2242663837111581
2.74 -0.2293566396366865
2.75 -0.2344057481004997
2.76 -0.2390012564826521
2.7699999999999996 -0.2404902452175639
2.7799999999999994 -0.2456484265660586
2.789999999999999 -0.2503599711000219
2.799999999999999 -0.2580517158085668
2.8100000000000005 -0.2634437926236185
2.8200000000000003 -0.2671463826347264
2.83 -0.2724298797443606
2.84 -0.2773597284735949
2.8499999999999996 -0.2822422824774732
2.8599999999999994 -0.2875496445789219
2.869999999999999 -0.292549342495306
2.879999999999999 -0.2969691979447397
2.8900000000000006 -0.3000653133860836
2.9000000000000004 -0.3060563554172997
2.91 -0.3084573288091067
2.92 -0.3114168932513133
2.9299999999999997 -0.317243856776675
2.9399999999999995 -0.3211349521121362
2.9499999999999993 -0.3245436721301057
2.959999999999999 -0.3280514534718982
2.9700000000000006 -0.3327467836022977
2.9800000000000004 -0.3366848350772427
2.99 -0.3393178913476973
3.0 -0.3431043588523861
3.01 -0.3472894177591629
3.0199999999999996 -0.3522284463359767
3.0299999999999994 -0.3553372100207085
3.039999999999999 -0.3559510757864035
3.049999999999999 -0.3614921764410526
3.0600000000000005 -0.3642408312089915
3.0700000000000003 -0.3673886385003448
3.08 -0.3696863809892136
3.09 -0.3730515352403897
3.0999999999999996 -0.3738629289581414
3.1099999999999994 -0.3784373067126761
3.119999999999999 -0.3813281387592853
3.129999999999999 -0.3825788881460847
3.1400000000000006 -0.3869936941126978
3.1500000000000004 -0.3897680781099091
3.16 -0.3904203865273783
3.17 -0.3946385679787024
3.1799999999999997 -0.3964879951992067
3.1899999999999995 -0.3986652889393092
3.1999999999999993 -0.4015773609260553
3.209999999999999 -0.4035035366489617
3.2200000000000006 -0.4055267274258056
3.2300000000000004 -0.407492660251112
3.24 -0.4081345851947286
3.25 -0.4102235767509114
3.26 -0.4140881917207631
3.2699999999999996 -0.4146132678501794
3.2799999999999994 -0.4166347220373535
3.289999999999999 -0.4199270537817304
3.299999999999999 -0.4225348163125815
3.3100000000000005 -0.4243058800536188
3.3200000000000003 -0.4261978068294167
3.33 -0.428161448035151
3.34 -0.4312728221348662
3.3499999999999996 -0.4325656480663475
3.3599999999999994 -0.4329714302481066
3.369999999999999 -0.4344959876928487
3.379999999999999 -0.4362392298191007
3.3900000000000006 -0.4389322215533274
3.4000000000000004 -0.4399502554101325
3.41 -0.4417691829514361
3.42 -0.4418958992387067
3.4299999999999997 -0.4435982140909654
3.4399999999999995 -0.4419783202660162
3.4499999999999993 -0.4433384586977744
3.459999999999999 -0.4434383799381717
3.4700000000000006 -0.4459552303696681
3.4800000000000004 -0.4450679773164966
3.49 -0.4457799476289799
3.5 -0.4484986537183622
3.51 -0.4463484308881473
3.5199999999999996 -0.4475475381059488
3.5299999999999994 -0.4481595780231601
3.539999999999999 -0.4503154046039231
3.549999999999999 -0.4513526186751299
3.5600000000000005 -0.4527521795991686
3.5700000000000003 -0.4543176801741222
3.58 -0.4546107354157958
3.59 -0.4557894822837741
3.5999999999999996 -0.4566224597982489
3.6099999999999994 -0.4578048025573298
3.619999999999999 -0.4580446318035117
3.629999999999999 -0.4591291586292431
3.6400000000000006 -0.4599029102876485
3.6500000000000004 -0.4598365197051479
3.66 -0.4616595865717692
3.67 -0.4613597928279441
3.6799999999999997 -0.4613852338491133
3.6899999999999995 -0.4618973827387757
3.6999999999999993 -0.4618551595121789
3.709999999999999 -0.4621619487857409
3.7200000000000006 -0.4630224606204575
3.7300000000000004 -0.4628590475039832
3.74 -0.4632782564041827
3.75 -0.4630431027560161
3.76 -0.4627557744097087
3.7699999999999996 -0.4638174521912421
3.7799999999999994 -0.4636757321016014
3.789999999999999 -0.4629238859718279
3.799999999999999 -0.4621931450263051
3.8100000000000005 -0.4619659155691271
3.8200000000000003 -0.4616935364681128
3.83 -0.4604235486409028
3.84 -0.4594467238280545
3.8499999999999996 -0.459089052296393
3.8599999999999994 -0.4584188060637493
3.869999999999999 -0.4577901915180131
3.879999999999999 -0.4570011415960234
3.8900000000000006 -0.4556934047538769
3.9000000000000004 -0.4554293514391988
3.91 -0.4557978947682679
3.92 -0.454593378643465
3.9299999999999997 -0.4535878423891667
3.9399999999999995 -0.4528453889398265
3.9499999999999993 -0.4517133905553029
3.959999999999999 -0.4510249501907828
3.9700000000000006 -0.4503730442809593
3.9800000000000004 -0.4484780703605039
3.99 -0.4499223115472457
4.0 -0.4490379383020305
4.01 -0.4479923718389278
4.02 -0.4470573088441895
4.029999999999999 -0.4461928984244945
4.039999999999999 -0.4449951602464623
4.049999999999999 -0.4436365375197302
4.0600000000000005 -0.4423887926466322
4.07 -0.4401987079585152
4.08 -0.4383759222369048
4.09 -0.4367521239476327
4.1 -0.4351037134414375
4.109999999999999 -0.433668614933225
4.119999999999999 -0.4318252292513548
4.129999999999999 -0.429423571993296
4.140000000000001 -0.4261450092249413
4.15 -0.4235486922072072
4.16 -0.4208901238651445
4.17 -0.4175754964826472
4.18 -0.4142074227616553
4.1899999999999995 -0.4107080095797697
4.199999999999999 -0.4055252445313276
4.209999999999999 -0.3998636981969105
4.220000000000001 -0.3978415564980724
4.23 -0.3980358438611947
4.24 -0.3971281065482563
4.25 -0.3965326755291469
4.26 -0.3961391506662486
4.27 -0.3957839703214104
4.279999999999999 -0.3940983166466423
4.289999999999999 -0.3927356321776604
4.299999999999999 -0.3908954279963497
4.3100000000000005 -0.3889722760926469
4.32 -0.3867039464327848
4.33 -0.3844901491561478
4.34 -0.3826917284944801
4.35 -0.3808860917309233
4.359999999999999 -0.3794403044382695
4.369999999999999 -0.3780842920829236
4.379999999999999 -0.3771489271911966
4.390000000000001 -0.3751235896976663
4.4 -0.3742117119140569
4.41 -0.3724687143750271
4.42 -0.3708480722069082
4.43 -0.3686867408521603
4.4399999999999995 -0.3698258354722224
4.449999999999999 -0.370860861524083
4.459999999999999 -0.3708486071147098
4.470000000000001 -0.3701141916782236
4.48 -0.3709723210650661
4.49 -0.3706296101756522
4.5 -0.3722564153085262
4.51 -0.3732992444000231
4.52 -0.3757694129805888
4.529999999999999 -0.3784826658516566
4.539999999999999 -0.3820522833990489
4.549999999999999 -0.3841899902578435
4.5600000000000005 -0.3874286232192069
4.57 -0.3904055173237808
4.58 -0.3952692655178236
4.59 -0.4020451344481852
4.6 -0.4103160885157851
4.609999999999999 -0.4207202575567572
4.619999999999999 -0.4313338704222796
4.629999999999999 -0.4417628361135738
4.640000000000001 -0.4532472382720795
4.65 -0.462718188719548
4.66 -0.47401388767202
4.67 -0.484497651921534
4.68 -0.4919943813532185
4.6899999999999995 -0.4995217976422776
4.699999999999999 -0.5034604926276025
4.709999999999999 -0.506319626060379
4.720000000000001 -0.512195697699401
4.73 -0.5161604285069968
4.74 -0.51961885942282
4.75 -0.5200760185698973
4.76 -0.5220659237007496
4.77 -0.5240329798348006
4.779999999999999 -0.5237407905642616
4.789999999999999 -0.5249654316148394
4.799999999999999 -0.5245348020427026
4.8100000000000005 -0.5256145313166694
4.82 -0.5245152961255036
4.83 -0.5211289078733272
4.84 -0.5212266264810834
4.85 -0.5238260620807671
4.859999999999999 -0.5240013234748585
4.869999999999999 -0.5231174128158051
4.879999999999999 -0.5231356290318893
4.890000000000001 -0.5217307549024621
4.9 -0.5211194413465784
4.91 -0.5193609907020795
4.92 -0.518587402208913
4.93 -0.5178367614771815
4.9399999999999995 -0.5160998994323615
4.949999999999999 -0.5141295985094846
4.959999999999999 -0.5119168579529457
4.970000000000001 -0.5092549313721298
4.98 -0.5072821758033756
4.99 -0.5049148919235077
5.0 -0.5028437062008648
5.01 -0.5001658122094049
5.02 -0.4980623256589622
5.029999999999999 -0.4950248597931959
5.039999999999999 -0.492743024997572
5.049999999999999 -0.490377603469549
5.0600000000000005 -0.4877738477381338
5.07 -0.4854581110779747
5.08 -0.4829784448851781
5.09 -0.4814673790777465
5.1 -0.4787559239385061
5.109999999999999 -0.4732995678935037
5.119999999999999 -0.4714110447378234
5.129999999999999 -0.4688700916677847
5.140000000000001 -0.4663041566561551
5.15 -0.4639926277282704
5.16 -0.4620788519837419
5.17 -0.4595991771646824
5.18 -0.4573150257569363
5.1899999999999995 -0.4560017429846584
5.199999999999999 -0.4540004137367336
5.209999999999999 -0.4511619119761232
5.220000000000001 -0.4496435500878238
5.23 -0.4466546441551458
5.24 -0.4453298318199912
5.25 -0.4431052627289834
5.26 -0.4408820915893596
5.27 -0.439332992511291
5.279999999999999 -0.4370826286230647
5.289999999999999 -0.4343256605600593
5.299999999999999 -0.431636823854892
5.3100000000000005 -0.4294424568546022
5.32 -0.4269360903184164
5.33 -0.4244888459564283
5.34 -0.421674500796553
5.35 -0.4187076159618135
5.359999999999999 -0.4166153502616502
5.369999999999999 -0.4144784167235809
5.379999999999999 -0.4121376129860052
5.390000000000001 -0.4095425692879923
5.4 -0.4080279879566193
5.41 -0.4055573209795935
5.42 -0.4034003438375448
5.43 -0.4013903235183739
5.4399999999999995 -0.4000651077314084
5.449999999999999 -0.3972102624106857
5.459999999999999 -0.3957408522910437
5.470000000000001 -0.3934128125012736
5.48 -0.3911154534254648
5.49 -0.3889274734736224
5.5 -0.3853636657961469
5.51 -0.3825801286319957
5.520000000000001 -0.3806939547736039
5.529999999999999 -0.3777132581492989
5.540000000000001 -0.3750855578109148
5.549999999999999 -0.3725069459256577
5.5600000000000005 -0.3701550453330104
5.5699999999999985 -0.3673604813413904
5.58 -0.365551766840933
5.589999999999998 -0.3628116776499416
5.6 -0.3607789848738339
5.610000000000001 -0.3590797176273756
5.619999999999999 -0.3568432995268104
5.630000000000001 -0.3547578220873006
5.639999999999999 -0.3531263285706031
5.65 -0.3507257363764164
5.659999999999998 -0.3479898596693267
5.67 -0.3460350364632665
5.6800000000000015 -0.3448748596257895
5.6899999999999995 -0.3413392144581584
5.700000000000001 -0.3388720360889514
5.709999999999999 -0.3359740774032821
5.720000000000001 -0.3334881322521916
5.729999999999999 -0.3306941159153501
5.74 -0.3293244422495539
5.749999999999998 -0.3267133621424536
5.76 -0.3243883657917081
5.770000000000001 -0.3214224978292261
5.779999999999999 -0.3195740090342442
5.790000000000001 -0.3161781955372683
5.799999999999999 -0.3137448431245211
5.8100000000000005 -0.3110399758127687
5.8199999999999985 -0.308880713359921
5.83 -0.3067631050256599
5.839999999999998 -0.3046003149462492
5.85 -0.301867730237833
5.860000000000001 -0.2992041524149958
5.869999999999999 -0.2961628561935311
5.880000000000001 -0.293800871663764
5.889999999999999 -0.2914258582147102
5.9 -0.2883551826212662
5.909999999999998 -0.2862041927794507
5.92 -0.2856030918098079
5.9300000000000015 -0.2826313694015533
5.9399999999999995 -0.28065593962079
5.950000000000001 -0.2777801960282968
5.959999999999999 -0.2749526071239473
5.970000000000001 -0.2731955132405346
5.979999999999999 -0.2705588014947296
5.99 -0.26822173571865
5.999999999999998 -0.2654297723523719
6.01 -0.2625420961952689
6.020000000000001 -0.2600156884545776
6.029999999999999 -0.2564997974437027
6.040000000000001 -0.2537992521191897
6.049999999999999 -0.2513368240596895
6.0600000000000005 -0.2489491350740906
6.0699999999999985 -0.2463892787316575
6.08 -0.2450827093635654
6.089999999999998 -0.2410347166490485
6.1 -0.2395613909450415
6.110000000000001 -0.2376173069583143
6.119999999999999 -0.2352250425662469
6.130000000000001 -0.233361006565213
6.139999999999999 -0.2321607966074616
6.15 -0.2296866423052032
6.159999999999998 -0.2268711186882528
6.17 -0.2253509089254695
6.1800000000000015 -0.2232398479911214
6.1899999999999995 -0.2203956867012102
6.200000000000001 -0.2178771408879219
6.209999999999999 -0.2159907109090765
6.220000000000001 -0.2136822042623105
6.229999999999999 -0.2112604082075936
6.24 -0.2091281660166355
6.249999999999998 -0.2067916184600267
6.26 -0.2041800788944297
6.270000000000001 -0.2019638891750095
6.279999999999999 -0.2027898174743014
6.290000000000001 -0.2007893229303127
6.299999999999999 -0.1986865427044221
6.3100000000000005 -0.1964037829567038
6.3199999999999985 -0.1932524212498367
6.33 -0.1915560688189356
6.339999999999998 -0.1887690817288703
6.35 -0.1861013230054293
6.360000000000001 -0.1836461448681242
6.369999999999999 -0.1818520257529381
6.380000000000001 -0.1786735102814747
6.389999999999999 -0.176121558509647
6.4 -0.1728293660819246
6.409999999999998 -0.1671852085468755
6.42 -0.1677092241857595
6.4300000000000015 -0.166190574945331
6.4399999999999995 -0.1631886118251496
6.450000000000001 -0.1616810837735976
6.459999999999999 -0.1591048691882038
6.470000000000001 -0.1516027385695543
6.479999999999999 -0.1502369333545501
6.49 -0.1457908516657158
6.499999999999998 -0.1439343104576625
6.51 -0.1420058962698618
6.520000000000001 -0.139698532847028
6.529999999999999 -0.1380545763335331
6.540000000000001 -0.135444716067701
6.549999999999999 -0.1322659413556707
6.5600000000000005 -0.1342957015418807
6.5699999999999985 -0.1322920738178208
6.58 -0.1301296273671719
6.589999999999998 -0.1276321733745022
6.6 -0.1264207566808714
6.610000000000001 -0.1234010351277054
6.619999999999999 -0.1218838555237379
6.630000000000001 -0.1205099994183736
6.639999999999999 -0.117929132838631
6.65 -0.117393683391256
6.659999999999998 -0.1149950441805036
6.67 -0.112598576963981
6.6800000000000015 -0.1103029383864749
6.6899999999999995 -0.1096599443318563
6.700000000000001 -0.1078383599575642
6.709999999999999 -0.1069775526919477
6.720000000000001 -0.1046171100658379
6.729999999999999 -0.1032157567830459
6.74 -0.101548793893728
6.749999999999998 -0.0994296335504986
6.76 -0.0975506685549352
6.770000000000001 -0.0945219877238306
6.779999999999999 -0.0927018907426786
6.790000000000001 -0.0906447651515555
6.799999999999999 -0.0886231768080783
6.8100000000000005 -0.0866264047059076
6.8199999999999985 -0.084241598569887
6.83 -0.0819699928865537
6.839999999999998 -0.0793294774734137
6.85 -0.0784740356378296
6.860000000000001 -0.0786169794718004
6.869999999999999 -0.0753567191921901
6.880000000000001 -0.0743968835532209
6.889999999999999 -0.0733306335779189
6.9 -0.0769747383867364
6.909999999999998 -0.0786375654275813
6.92 -0.0784724393127512
6.9300000000000015 -0.0784239395229292
6.9399999999999995 -0.0765197501985481
6.950000000000001 -0.0744575603305064
6.959999999999999 -0.0719908157792091
6.970000000000001 -0.0700583735581034
6.979999999999999 -0.0684301390897056
6.99 -0.0762910427159479
6.999999999999998 -0.0656353080970643
7.01 -0.0646099301354833
7.020000000000001 -0.0633176176397055
7.029999999999999 -0.0625889523131338
7.040000000000001 -0.0584727242213632
7.049999999999999 -0.0583259364421509
7.0600000000000005 -0.0553295647050864
7.0699999999999985 -0.0549963287760891
7.08 -0.0544416759849032
7.089999999999998 -0.0536938322423545
7.1 -0.0529528731245154
7.110000000000001 -0.0523808004555617
7.119999999999999 -0.0509115628792122
7.130000000000001 -0.0499613918230644
7.139999999999999 -0.0486222284295039
7.15 -0.0478096498719134
7.159999999999998 -0.0468114339926671
7.17 -0.0455201072709593
7.1800000000000015 -0.0453035315046591
7.1899999999999995 -0.0438861415553631
7.200000000000001 -0.0432461026113363
7.209999999999999 -0.041270031649841
7.220000000000001 -0.0408556997181975
7.229999999999999 -0.0410017682581002
7.24 -0.0413922369982092
7.249999999999998 -0.0400078572879736
7.26 -0.0393915307613987
7.270000000000001 -0.0393572090975561
7.279999999999999 -0.0389060958923908
7.290000000000001 -0.0388519978009158
7.299999999999999 -0.0391690267494588
7.3100000000000005 -0.0389091066328695
7.3199999999999985 -0.0387754946772133
7.33 -0.0400176994934371
7.339999999999998 -0.0391073357559119
7.35 -0.0391715245125484
7.360000000000001 -0.039249829594376
7.369999999999999 -0.039248034025285
7.380000000000001 -0.0397317152362292
7.389999999999999 -0.0390572888855452
7.4 -0.03876904932433
7.409999999999998 -0.0397212343210016
7.42 -0.0395177952807532
7.4300000000000015 -0.038685558115868
7.4399999999999995 -0.0390605846514095
7.450000000000001 -0.0401660417274247
7.459999999999999 -0.0399183805121927
7.470000000000001 -0.0394125651130299
7.479999999999999 -0.0396017188030151
7.49 -0.0394240086180219
7.499999999999998 -0.0403398308950619
7.51 -0.0405347277969959
7.520000000000001 -0.04100200763769
7.529999999999999 -0.0412291979770239
7.540000000000001 -0.0408394125209529
7.549999999999999 -0.0404771329037081
7.5600000000000005 -0.0408515166418128
7.5699999999999985 -0.0393418687447591
7.58 -0.039901256157323
7.589999999999998 -0.0391742755500451
7.6 -0.0383976410104952
7.610000000000001 -0.0383150656945272
7.619999999999999 -0.0378807196956162
7.630000000000001 -0.0378149750838597
7.639999999999999 -0.0376420306758163
7.65 -0.0368699498561234
7.659999999999998 -0.0370271334362448
7.67 -0.0370867347629518
7.6800000000000015 -0.0377491782379693
7.6899999999999995 -0.0372447833389462
7.700000000000001 -0.0386142049201995
7.709999999999999 -0.0384886836027131
7.720000000000001 -0.0393780460845976
7.729999999999999 -0.0398028161182255
7.74 -0.040089112745762
7.749999999999998 -0.040684190550682
7.76 -0.04079278576031
7.770000000000001 -0.0414228808216578
7.779999999999999 -0.0411810205440254
7.790000000000001 -0.0416756441482034
7.799999999999999 -0.0421799176382997
7.8100000000000005 -0.0427457211044405
7.8199999999999985 -0.042809855348393
7.83 -0.0431480252953907
7.839999999999998 -0.0476072362150046
7.85 -0.0471460850400569
7.860000000000001 -0.0480320374809301
7.869999999999999 -0.0485716164640016
7.880000000000001 -0.0491072047092132
7.889999999999999 -0.0498362607845657
7.9 -0.0476190421191417
7.909999999999998 -0.0478392642309354
7.92 -0.0482680127461471
7.9300000000000015 -0.0481770490578848
7.9399999999999995 -0.0497698015587669
7.950000000000001 -0.0496117254579578
7.959999999999999 -0.0494327184501767
7.970000000000001 -0.0499874311507482
7.979999999999999 -0.0508176757171034
7.99 -0.0504064902875211
7.999999999999998 -0.0509070201525457
8.01 -0.0513290841678186
8.020000000000001 -0.0508822105913297
8.03 -0.0513787693330399
8.040000000000001 -0.0516135661604758
8.049999999999999 -0.0518562023102786
8.06 -0.0513885019188987
8.069999999999999 -0.0511128311106991
8.08 -0.0516192647229391
8.089999999999998 -0.0515119642662498
8.1 -0.0517274960140024
8.110000000000001 -0.0527786000089516
8.12 -0.0539297320959331
8.13 -0.0560893049546087
8.139999999999999 -0.0548096277487753
8.15 -0.0537663625973147
8.159999999999998 -0.0525945344573907
8.17 -0.053261194005819
8.180000000000001 -0.0536547204369315
8.19 -0.05258809470903
8.200000000000001 -0.0528018147608738
8.209999999999999 -0.0528663220814262
8.22 -0.0529356547503663
8.229999999999999 -0.0531498871340461
8.24 -0.0522123644659089
8.249999999999998 -0.0522674016276771
8.26 -0.0525508134189117
8.270000000000001 -0.0516527260759637
8.28 -0.0532875975926666
8.290000000000001 -0.0533073842542889
8.299999999999999 -0.0536021491171561
8.31 -0.0526984427733979
8.319999999999999 -0.052996031484202
8.33 -0.053149487057975
8.339999999999998 -0.05331465194534
8.35 -0.0547243187093451
8.360000000000001 -0.0535715808593299
8.37 -0.053660192494589
8.38 -0.0527966563033418
8.389999999999999 -0.0485577706212731
8.4 -0.0480747602189052
8.409999999999998 -0.047435881226137
8.42 -0.0467701077310529
8.430000000000001 -0.0466703253109139
8.44 -0.0491674467627329
8.450000000000001 -0.0492255550055811
8.459999999999999 -0.0482780637539311
8.47 -0.0473880481463619
8.479999999999999 -0.0471265319851762
8.49 -0.047772421023958
8.499999999999998 -0.0460168387964255
8.51 -0.0457388017217924
8.520000000000001 -0.0447654728299114
8.53 -0.0458857150270924
8.540000000000001 -0.0452802602225136
8.549999999999999 -0.0444819758881202
8.56 -0.0446661374230858
8.569999999999999 -0.0447605208829794
8.58 -0.0443808144263395
8.589999999999998 -0.0457571952000614
8.6 -0.0502722631484094
8.610000000000001 -0.0498368467862224
8.62 -0.0452748564042669
8.63 -0.0454227269608576
8.639999999999999 -0.0448890945660558
8.65 -0.0448156522416445
8.659999999999998 -0.0447409596515717
8.67 -0.0451002527699533
8.680000000000001 -0.0435819040879027
8.69 -0.0431081586198928
8.700000000000001 -0.0440985481985778
8.709999999999999 -0.0423737891091112
8.72 -0.0427485129544847
8.729999999999999 -0.0426299935175899
8.74 -0.0423099674800309
8.749999999999998 -0.0421683229747196
8.76 -0.0423887431338012
8.770000000000001 -0.0415754829696994
8.78 -0.0407268375494607
8.790000000000001 -0.0399149343062113
8.799999999999999 -0.0386661959946877
8.81 -0.038524465433144
8.819999999999999 -0.0385301100364989
8.83 -0.0375142107690743
8.839999999999998 -0.0368428286148071
8.85 -0.0355863618602711
8.860000000000001 -0.033958069958605
8.87 -0.033793275843821
8.88 -0.033349671767126
8.889999999999999 -0.0336066115105071
8.9 -0.0337691878398734
8.909999999999998 -0.0325737925458085
8.92 -0.0325666193147349
8.930000000000001 -0.0331727382336291
8.94 -0.0331223020524446
8.950000000000001 -0.032589460101055
8.959999999999999 -0.033606582931271
8.97 -0.0327073604422381
8.979999999999999 -0.0326390193454182
8.99 -0.0328102444836671
8.999999999999998 -0.0328368125600779
9.01 -0.0319352094145762
9.020000000000001 -0.0327147406732722
9.03 -0.0314783106681356
9.040000000000001 -0.0307024237050198
9.049999999999999 -0.0319935998294512
9.06 -0.0311098321419638
9.069999999999999 -0.030283413238674
9.08 -0.0306449149780857
9.089999999999998 -0.029556541958348
9.1 -0.0284981124467337
9.110000000000001 -0.0286349124641673
9.12 -0.0273562701349375
9.13 -0.0277604536029994
9.139999999999999 -0.0270504003439169
9.15 -0.026840509789837
9.159999999999998 -0.0259371724301816
9.17 -0.0260665670115454
9.180000000000001 -0.0262179847819356
9.19 -0.0348271116483564
9.200000000000001 -0.0349041884528385
9.209999999999999 -0.0345287017746956
9.22 -0.0346249330258133
9.229999999999999 -0.033842974280305
9.24 -0.0339789229566778
9.249999999999998 -0.0340354056126728
9.26 -0.0338574643164111
9.270000000000001 -0.0335231317663146
9.28 -0.0335841446516498
9.290000000000001 -0.0323686391527053
9.299999999999999 -0.0322598506280151
9.31 -0.032376549640578
9.319999999999999 -0.0327932563917236
9.33 -0.0226665455735382
9.339999999999998 -0.0231097455774064
9.35 -0.0234292128634765
9.360000000000001 -0.0234996386801249
9.37 -0.0233167864255641
9.38 -0.0323775233488086
9.389999999999999 -0.0335241333901258
9.4 -0.0340178222091292
9.409999999999998 -0.0345550142653659
9.42 -0.034132870647348
9.430000000000001 -0.0342127237711748
9.44 -0.0343265628418278
9.450000000000001 -0.0339083508033441
9.459999999999999 -0.032626527245381
9.47 -0.0318170370826087
9.479999999999999 -0.0320887157465409
9.49 -0.031427581783289
9.499999999999998 -0.0314220102664086
9.51 -0.0311065852935552
9.520000000000001 -0.0305319388389104
9.53 -0.0296240724797753
9.540000000000001 -0.0299483152122906
9.549999999999999 -0.0300823768047929
9.56 -0.0283677867183561
9.569999999999999 -0.0281734028259125
9.58 -0.0280621003317026
9.589999999999998 -0.0281279679610189
9.6 -0.0273092947300637
9.610000000000001 -0.0282566448254913
9.62 -0.0268931617105186
9.63 -0.0275431834544968
9.639999999999999 -0.0289203453719286
9.65 -0.0281823965730689
9.659999999999998 -0.0286074900010299
9.67 -0.028937958691633
9.680000000000001 -0.0279572065898225
9.69 -0.0158943362591895
9.700000000000001 -0.0284568130296526
9.709999999999999 -0.0295168125089716
9.72 -0.0286569755082162
9.729999999999999 -0.0177837016149844
9.74 -0.0291887935814152
9.749999999999998 -0.0183200446104187
9.76 -0.0307149177409964
9.770000000000001 -0.0291113287631953
9.78 -0.0297994979744898
9.790000000000001 -0.0195215104045818
9.799999999999999 -0.030360616554214
9.81 -0.0193252397831127
9.819999999999999 -0.0305971095198341
9.83 -0.0307638085442998
9.839999999999998 -0.0313435889507827
9.85 -0.0310321440450388
9.860000000000001 -0.0314366964786178
9.87 -0.0206631281764609
9.88 -0.0313565539339344
9.889999999999999 -0.0201864446345007
9.9 -0.0212039208188849
9.909999999999998 -0.0206501630906843
9.92 -0.0208513182312808
9.930000000000001 -0.0216710173497098
9.94 -0.0208466498374086
9.950000000000001 -0.0212542962939772
9.959999999999999 -0.0210227627353245
9.97 -0.0225419550786674
9.979999999999999 -0.0226763980215051
9.99 -0.0231385064782576
9.999999999999998 -0.0230779067827766
10.01 -0.0233893310554924
10.020000000000001 -0.0232760116089448
10.03 -0.0242334679128487
10.040000000000001 -0.0240358855924234
10.049999999999999 -0.0231915919990184
10.06 -0.0229078628009176
10.069999999999999 -0.0237016157222087
10.08 -0.0236523833312734
10.089999999999998 -0.0241281302526926
10.1 -0.023022208605452
10.110000000000001 -0.0239574397852377
10.12 -0.0242122749673361
10.13 -0.0242083478303677
10.139999999999999 -0.0244524862185924
10.15 -0.025508553425949
10.159999999999998 -0.02622903231248
10.17 -0.0247994643077898
10.180000000000001 -0.0260060886257757
10.19 -0.0252297951882152
10.200000000000001 -0.0253130774346867
10.209999999999999 -0.024129181039772
10.22 -0.0245709286041957
10.229999999999999 -0.024191416925116
10.24 -0.0172829751038466
10.249999999999998 -0.0167296635710733
10.26 -0.0169429108683735
10.270000000000001 -0.0173043209261568
10.28 -0.0176455545382816
10.290000000000001 -0.0173633908064665
10.299999999999999 -0.0175176162582933
10.31 -0.0178410955346998
10.319999999999999 -0.0173972803171465
10.33 -0.0179771847342054
10.339999999999998 -0.0169846396478923
10.35 -0.0174437374967539
10.360000000000001 -0.025319103893697
10.37 -0.0262152817544597
10.38 -0.0185976003415539
10.389999999999999 -0.0191012481313407
10.4 -0.01868432728629
10.409999999999998 -0.0268354985807985
10.42 -0.0268365980503416
10.430000000000001 -0.0269630046922965
10.44 -0.0271298512779729
10.450000000000001 -0.0272176825207212
10.459999999999999 -0.027631272799731
10.47 -0.0272744271366756
10.479999999999999 -0.0296689044594196
10.49 -0.0285152738779691
10.499999999999998 -0.0297050560701816
10.51 -0.0292998259338377
10.520000000000001 -0.0298150528315037
10.53 -0.0307318842549775
10.540000000000001 -0.0301363438241662
10.549999999999999 -0.0303144465449032
10.56 -0.0308428802869546
10.569999999999999 -0.0296901136140015
10.58 -0.0307665016651148
10.589999999999998 -0.0310897401255636
10.6 -0.0301237905913302
10.610000000000001 -0.0305370391566245
10.62 -0.0301609447108906
10.63 -0.03090621781876
10.639999999999999 -0.0307116193440212
10.65 -0.0311212406393474
10.659999999999998 -0.0295347025606046
10.67 -0.0290472497734651
10.680000000000001 -0.0287922812010277
10.69 -0.0279733999473849
10.700000000000001 -0.028133198557535
10.709999999999999 -0.028818368682107
10.72 -0.0286858903223529
10.729999999999999 -0.0283973577848669
10.74 -0.0282858817729312
10.749999999999998 -0.0284778870965309
10.76 -0.029342487710583
10.770000000000001 -0.0296666164419679
10.78 -0.0282133268458554
10.790000000000001 -0.028362501895709
10.799999999999999 -0.0272936721388788
10.81 -0.0272889781469073
10.819999999999999 -0.0275217827510617
10.83 -0.0271422860062502
10.839999999999998 -0.028391483669405
10.85 -0.0280132554637095
10.860000000000001 -0.0258419330964309
10.87 -0.0273962278473321
10.88 -0.0272062157465805
10.889999999999999 -0.0268159789993602
10.9 -0.0251500804339189
10.909999999999998 -0.0249862656105202
10.92 -0.0241693508998742
10.930000000000001 -0.0250166848898575
10.94 -0.0242404967531303
10.950000000000001 -0.0242177063643968
10.959999999999999 -0.0230945864167759
10.97 -0.0226950747761527
10.979999999999999 -0.0239276428650103
10.99 -0.0239360400993172
10.999999999999998 -0.0231019446538791
11.01 -0.023572597407319
11.020000000000001 -0.0237856030032657
11.03 -0.0233260878182188
11.040000000000001 -0.0235376740071062
11.049999999999999 -0.0234359122734085
11.06 -0.0238416787971521
11.069999999999999 -0.0235689236258469
11.08 -0.0243690868257083
11.089999999999998 -0.0249915728453139
11.1 -0.0249719560157539
11.110000000000001 -0.0243514667986739
11.12 -0.0237827541545867
11.13 -0.0238052895010742
11.139999999999999 -0.0245377854300001
11.15 -0.0249845755502931
11.159999999999998 -0.0245749728905413
11.17 -0.024376534948721
11.180000000000001 -0.0240990376184333
11.19 -0.0253202931466278
11.200000000000001 -0.0252673408691877
11.209999999999999 -0.0250983096040816
11.22 -0.0242054312609829
11.229999999999999 -0.024210977232456
11.24 -0.0244929395707677
11.249999999999998 -0.0244103207567301
11.26 -0.0240293521443751
11.270000000000001 -0.0239569691004923
11.28 -0.0246837687308913
11.290000000000001 -0.0251221736748757
11.299999999999999 -0.024332768990514
11.31 -0.0243376862245621
11.319999999999999 -0.0227970221644916
11.33 -0.0236122996025351
11.339999999999998 -0.0230213320095062
11.35 -0.0234306298094249
11.360000000000001 -0.0229452765841784
11.37 -0.0220706750136036
11.38 -0.0210185627261928
11.389999999999999 -0.0217471962215328
11.4 -0.0216912330550635
11.409999999999998 -0.0208510369835612
11.42 -0.0211291283847268
11.430000000000001 -0.0215560566057172
11.44 -0.0218784348158016
11.450000000000001 -0.0226107620972631
11.459999999999999 -0.0227845040674954
11.47 -0.0211942937947036
11.479999999999999 -0.0220304492695431
11.49 -0.0230745461965058
11.499999999999998 -0.0222922764433742
11.51 -0.0231488924225811
11.520000000000001 -0.0218861285184642
11.53 -0.0227147416820057
11.540000000000001 -0.0231840746261123
11.549999999999999 -0.0238424865735768
11.56 -0.0234452612096111
11.569999999999999 -0.0234569506409641
11.58 -0.0240925793124117
11.589999999999998 -0.0250332101552523
11.6 -0.0257553476731557
11.610000000000001 -0.0257011337833505
11.62 -0.0260517614507136
11.63 -0.0273084424465004
11.639999999999999 -0.0274754663424571
11.65 -0.0274528896284292
11.659999999999998 -0.0273154673661053
11.67 -0.0278098583384116
11.680000000000001 -0.0279714097919976
11.69 -0.0287437540205909
11.700000000000001 -0.0289170616716515
11.709999999999999 -0.0288920043570629
11.72 -0.0281664565564844
11.729999999999999 -0.0284750614247131
11.74 -0.0286574695671238
11.749999999999998 -0.0292880463322508
11.76 -0.0277016095561784
11.770000000000001 -0.0274406093180148
11.78 -0.0272702012068614
11.790000000000001 -0.0274784441266009
11.799999999999999 -0.0269516566890555
11.81 -0.0277719954957716
11.819999999999999 -0.0257697791241835
11.83 -0.026825254318901
11.839999999999998 -0.0264660521430948
11.85 -0.0269624332235543
11.860000000000001 -0.026455214376981
11.87 -0.0262085107148884
11.88 -0.0257659773879082
11.889999999999999 -0.0256301892042984
11.9 -0.0266737714862252
11.909999999999998 -0.0261564042417482
11.92 -0.0262704998601106
11.930000000000001 -0.025827417879104
11.94 -0.0266968956914459
11.950000000000001 -0.0264107129852222
11.959999999999999 -0.0265073004113893
11.97 -0.0271197013444326
11.979999999999999 -0.0268470907645127
11.99 -0.0266397216648243
11.999999999999998 -0.0269092040435904
12.01 -0.0270450795666331
12.020000000000001 -0.0281474537093765
12.03 -0.0284807482938238
12.040000000000001 -0.0284964809810277
12.049999999999999 -0.0291511409889003
12.06 -0.029748430809513
12.069999999999999 -0.0292783390921574
12.08 -0.0296333268057384
12.089999999999998 -0.0301766968832318
12.1 -0.0297233862804991
12.110000000000001 -0.0297199288983009
12.12 -0.0305219154206051
12.13 -0.0306475711550017
12.139999999999999 -0.0301713153910565
12.15 -0.0303316775019351
12.159999999999998 -0.0304314209809355
12.17 -0.0304718708341507
12.180000000000001 -0.0314651075785708
12.19 -0.0316931506838608
12.200000000000001 -0.0317388626119967
12.209999999999999 -0.0308309316701031
12.22 -0.0309049708973424
12.229999999999999 -0.0302732740540988
12.24 -0.0303923181383657
12.249999999999998 -0.0297332233569684
12.26 -0.0299666195384375
12.270000000000001 -0.0307910902935054
12.28 -0.0302940144589921
12.290000000000001 -0.0303523690480256
12.299999999999999 -0.0302693340535136
12.31 -0.0296337082653316
12.319999999999999 -0.0301787675268739
12.33 -0.0299609483889415
12.339999999999998 -0.0301990154229153
12.35 -0.0297060966689093
12.360000000000001 -0.0306154633584048
12.37 -0.0309051388061743
12.38 -0.0300914030680488
12.389999999999999 -0.0264134461823293
12.4 -0.0257451036273796
12.409999999999998 -0.0269382434814236
12.42 -0.0271751652726395
12.430000000000001 -0.0273739494184044
12.44 -0.0273183940615831
12.450000000000001 -0.0271045668156276
12.459999999999999 -0.0276455589539749
12.47 -0.0276950622207067
12.479999999999999 -0.0270217387066805
12.49 -0.030444477635928
12.499999999999998 -0.0309913332711649
12.51 -0.0315861944607568
12.520000000000001 -0.0317136637316709
12.53 -0.031907688951313
12.540000000000001 -0.0315180205779375
12.549999999999999 -0.0328651392919189
12.56 -0.0327200331461389
12.569999999999999 -0.0322004292982807
12.58 -0.0325100791717742
12.589999999999998 -0.0323733936161061
12.6 -0.0324564578387176
12.610000000000001 -0.0326062651710798
12.62 -0.0318737551366242
12.63 -0.0317007917523469
12.639999999999999 -0.0315561115057452
12.65 -0.031963659926897
12.659999999999998 -0.0230694259520548
12.67 -0.0227206678022549
12.680000000000001 -0.0244605093840234
12.69 -0.0235194977689115
12.700000000000001 -0.0233741006897891
12.709999999999999 -0.0230256737201355
12.72 -0.0224743001755885
12.729999999999999 -0.0313451111187538
12.74 -0.0228910703203748
12.749999999999998 -0.0218493854983181
12.76 -0.0225609777758266
12.770000000000001 -0.0221684388731925
12.78 -0.0225975646880935
12.790000000000001 -0.0206606406389188
12.799999999999999 -0.0212824121646528
12.81 -0.021265365689493
12.819999999999999 -0.0216089182992315
12.83 -0.0204970016855834
12.839999999999998 -0.0205104759907479
12.85 -0.0210334276999281
12.860000000000001 -0.0213970339258361
12.87 -0.0200045667589079
12.88 -0.0199867878869249
12.889999999999999 -0.0199151322789418
12.9 -0.0200702893109962
12.909999999999998 -0.0202533874510382
12.92 -0.0198805920369474
12.930000000000001 -0.0204017253678201
12.94 -0.0202524254920328
12.950000000000001 -0.0205798046774187
12.959999999999999 -0.0197151784909128
12.97 -0.020992697030917
12.979999999999999 -0.0211239848991161
12.99 -0.0208716986335305
12.999999999999998 -0.020170106949108
13.01 -0.0208016060941046
13.020000000000001 -0.0206749769524581
13.03 -0.0199839076978163
13.040000000000001 -0.0202680373434467
13.049999999999999 -0.0206078828243426
13.06 -0.0199195713216
13.069999999999999 -0.0201012294418394
13.08 -0.019589258784845
13.089999999999998 -0.0196300314212857
13.1 -0.0194045490050299
13.110000000000001 -0.0186815960606897
13.12 -0.0191050986690619
13.13 -0.0194101908496334
13.139999999999999 -0.0182753990348539
13.15 -0.0183007914068787
13.159999999999998 -0.0177784261680328
13.17 -0.0186380113070429
13.180000000000001 -0.0185513443657247
13.19 -0.0173440514852569
13.200000000000001 -0.0172463601507541
13.209999999999999 -0.0173270664026523
13.22 -0.0167486610917573
13.229999999999999 -0.016851299287344
13.24 -0.0162145580187502
13.249999999999998 -0.0174351928901506
13.26 -0.0164562183251483
13.270000000000001 -0.0169287088306308
13.28 -0.0165689480244835
13.290000000000001 -0.0161761124790105
13.299999999999999 -0.0154117457736866
13.31 -0.0149054730942799
13.319999999999999 -0.0156640958117415
13.33 -0.015820289229944
13.339999999999998 -0.0154790544394184
13.35 -0.0149731711253115
13.360000000000001 -0.01574703909121
13.37 -0.0151381131813015
13.38 -0.0140089439904315
13.389999999999999 -0.0146073782674644
13.4 -0.0148536650599721
13.409999999999998 -0.0144525555281743
13.42 -0.0151208311626378
13.430000000000001 -0.0149086576756598
13.44 -0.0141202092339116
13.450000000000001 -0.0136843465181262
13.459999999999999 -0.0131060687693198
13.47 -0.0135663288137006
13.479999999999999 -0.0148399929749102
13.49 -0.0143684084581549
13.499999999999998 -0.0142109393490077
13.51 -0.0146130328712524
13.520000000000001 -0.0141093113045791
13.53 -0.0149191014877467
13.540000000000001 -0.0157222056265929
13.549999999999999 -0.0153575700417275
13.56 -0.0144758551274754
13.569999999999999 -0.0153234389965071
13.58 -0.0159965709732007
13.589999999999998 -0.0155177209570511
13.6 -0.0165701838421747
13.610000000000001 -0.0174649864438405
13.62 -0.0176053911818741
13.63 -0.0163449184400985
13.639999999999999 -0.0169703547777188
13.65 -0.017421998983553
13.659999999999998 -0.0179335305316791
13.67 -0.0173506955678151
13.680000000000001 -0.0175922692901472
13.69 -0.0185827188242452
13.700000000000001 -0.0176858056186824
13.709999999999999 -0.0172772202689108
13.72 -0.0178097605439233
13.729999999999999 -0.0183548437281294
13.74 -0.0178966589562778
13.749999999999998 -0.0173221688437558
13.76 -0.0185683695407941
13.770000000000001 -0.0184818119425662
13.78 -0.017123214858309
13.790000000000001 -0.0172116669500543
13.799999999999999 -0.0177363862167291
13.81 -0.0179547725135416
13.819999999999999 -0.0170883283400471
13.83 -0.0177596392469621
13.839999999999998 -0.0175648364886489
13.85 -0.0162970976036192
13.860000000000001 -0.0164479369003569
13.87 -0.0174408151768553
13.88 -0.0168190934956854
13.889999999999999 -0.0167416759050904
13.9 -0.0178805605373866
13.909999999999998 -0.01736713756813
13.92 -0.0161574191513888
13.930000000000001 -0.016231433630961
13.94 -0.0165658073832175
13.950000000000001 -0.0163474653660779
13.959999999999999 -0.0163692935441415
13.97 -0.0170127561530628
13.979999999999999 -0.0174657027167565
13.99 -0.0169852169695378
13.999999999999998 -0.0161007774413196
14.01 -0.0175183328231747
14.020000000000001 -0.0167494329624167
14.03 -0.0098753765131832
14.040000000000001 -0.0101329474187949
14.049999999999999 -0.0097856265792734
14.06 -0.0094366206787917
14.069999999999999 -0.009959460749096
14.08 -0.0098864744825097
14.089999999999998 -0.0102606541612504
14.1 -0.0095511990448607
14.110000000000001 -0.0097509079801647
14.12 -0.0098759375924195
14.13 -0.0108739074275541
14.139999999999999 -0.010015782883112
14.15 -0.0102209933255593
14.159999999999998 -0.0092800164667589
14.17 -0.0096861929333882
14.180000000000001 -0.0093998621229368
14.19 -0.0099785054539082
14.200000000000001 -0.0099336880266432
14.209999999999999 -0.0101870929607415
14.22 -0.0095012239893081
14.229999999999999 -0.009212289790639
14.24 -0.0092970823010934
14.249999999999998 -0.0104909882678764
14.26 -0.0099521659254383
14.270000000000001 -0.0106008297323081
14.28 -0.0104545128937839
14.290000000000001 -0.0106234747151642
14.299999999999999 -0.0104775392130534
14.31 -0.0098710530602579
14.319999999999999 -0.0104412179957116
14.33 -0.0109629287680558
14.339999999999998 -0.0105057450021706
14.35 -0.0102051089282669
14.360000000000001 -0.0105431925890012
14.37 -0.0105150081626597
14.38 -0.01088603220804
14.389999999999999 -0.0104210341544703
14.4 -0.0107944702137333
14.409999999999998 -0.0102782225860864
14.42 -0.0099401993929489
14.430000000000001 -0.0102875130365636
14.44 -0.0110240382125386
14.450000000000001 -0.0117702797054158
14.459999999999999 -0.0104801944640884
14.47 -0.0108371658340525
14.479999999999999 -0.0112072504820386
14.49 -0.0104062281522286
14.499999999999998 -0.0101655731662211
14.51 -0.0108322349203799
14.520000000000001 -0.0105426959672002
14.53 -0.0103685011406501
14.540000000000001 -0.0107331770804517
14.549999999999999 -0.0111516929380664
14.56 -0.0117436826031077
14.569999999999999 -0.0104294528300145
14.58 -0.0102061032909317
14.589999999999998 -0.0110362997452732
14.6 -0.0110380262215358
14.610000000000001 -0.012318263382452
14.62 -0.0119380353264268
14.63 -0.0124254728842887
14.639999999999999 -0.0122672973293402
14.65 -0.012233565789308
14.659999999999998 -0.0122719116620369
14.67 -0.0127875661460355
14.680000000000001 -0.0119056539398721
14.69 -0.013057405822455
14.700000000000001 -0.0129963116997531
14.709999999999999 -0.012888570714948
14.72 -0.0121090334973763
14.729999999999999 -0.0123771607518483
14.74 -0.0124121145521555
14.749999999999998 -0.0119321186298361
14.76 -0.0125542405976518
14.770000000000001 -0.0127373047974548
14.78 -0.0125900072548496
14.790000000000001 -0.0123767816006481
14.799999999999999 -0.0121418701935773
14.81 -0.0129952034727509
14.819999999999999 -0.0130284586329368
14.83 -0.0126787100623588
14.839999999999998 -0.012543388278343
14.85 -0.0123436008756783
14.860000000000001 -0.0117802350790319
14.87 -0.0127309520070113
14.88 -0.0117260582470442
14.889999999999999 -0.0127542285098132
14.9 -0.0118097013627317
14.909999999999998 -0.0118818457694601
14.92 -0.0118765920016814
14.930000000000001 -0.0118295535991149
14.94 -0.0124901895191873
14.950000000000001 -0.0134535800864118
14.959999999999999 -0.0133173775509707
14.97 -0.0131440278794423
14.979999999999999 -0.0129872515760594
14.99 -0.0125579262679808
14.999999999999998 -0.0121104056114395
15.01 -0.0127605207368641
15.020000000000001 -0.0121891578157838
15.03 -0.0123679648241988
15.040000000000001 -0.0118012431094044
15.049999999999999 -0.0116779102764051
15.06 -0.0122938097898994
15.069999999999999 -0.0116837466158363
15.08 -0.0118820627745468
15.089999999999998 -0.0106248160719062
15.1 -0.0100295832378171
15.110000000000001 -0.0126961316578825
15.12 -0.0114352173572249
15.13 -0.010815827685534
15.139999999999999 -0.0109385011636555
15.15 -0.0178740429841028
15.159999999999998 -0.0107298608207692
15.17 -0.0162457119883759
15.180000000000001 -0.0134498571246475
15.19 -0.0161753402752334
15.200000000000001 -0.0137009479891733
15.209999999999999 -0.0160739791791669
15.22 -0.0162120841566149
15.229999999999999 -0.0161135390676118
15.24 -0.0153063760056796
15.249999999999998 -0.0146282206106255
15.26 -0.0145285286599476
15.270000000000001 -0.0155049636070525
15.28 -0.0138591573291746
15.290000000000001 -0.0142792491500216
15.299999999999999 -0.0143819845676955
15.31 -0.0148131485042089
15.319999999999999 -0.013489929610944
15.33 -0.0136226068741709
15.339999999999998 -0.013481342286673
15.35 -0.0152904940401375
15.360000000000001 -0.0158245978800749
15.37 -0.0157245230121618
15.38 -0.0156223413101056
15.389999999999999 -0.0176167856888769
15.4 -0.0181172212038628
15.409999999999998 -0.0131029716764001
15.42 -0.0126997892313869
15.430000000000001 -0.0192764532090689
15.44 -0.0133901993388678
15.450000000000001 -0.013592339292628
15.459999999999999 -0.0197554331883825
15.47 -0.019773772066194
15.479999999999999 -0.020119315976601
15.49 -0.0211038679267577
15.499999999999998 -0.0209231050369828
15.51 -0.0212652876922538
15.520000000000001 -0.0211982391656316
15.53 -0.0188715741783978
15.540000000000001 -0.0191138982191931
15.549999999999999 -0.0187837460630445
15.56 -0.0202498936927592
15.569999999999999 -0.019023321160324
15.58 -0.0195755433209632
15.589999999999998 -0.0189311598914131
15.6 -0.0195369081058067
15.610000000000001 -0.0191666166734856
15.62 -0.0194669855450253
15.63 -0.0191992436297838
15.639999999999999 -0.0190232217821852
15.65 -0.0206327716215855
15.659999999999998 -0.0206337327639034
15.67 -0.0207447087709139
15.680000000000001 -0.0205844467116203
15.69 -0.0190521646192936
15.700000000000001 -0.0190460744355041
