%x y
0.0 -0.0135679029906746
0.010000000000001563 -0.0135282442333996
0.02000000000000135 -0.0134590976973126
0.030000000000001137 -0.0133267633640722
0.040000000000000924 -0.0130885004874289
0.05000000000000071 -0.013001068885016
0.0600000000000005 -0.0126914406146114
0.07000000000000028 -0.0125315603097275
0.08000000000000007 -0.0126833328890676
0.09000000000000163 -0.0127358264425137
0.10000000000000142 -0.0126527690953298
0.11000000000000121 -0.012711867534952
0.120000000000001 -0.011606657906031
0.13000000000000078 -0.0115884940882261
0.14000000000000057 -0.0124413744040835
0.15000000000000036 -0.0116450161497603
0.16000000000000014 -0.0115646315662105
0.1700000000000017 -0.0116781008632688
0.1800000000000015 -0.0122482593635596
0.19000000000000128 -0.0109946962627661
0.20000000000000107 -0.0109582815610327
0.21000000000000085 -0.0109491271654469
0.22000000000000064 -0.0109375585419379
0.23000000000000043 -0.0109076237166673
0.2400000000000002 -0.0108738219909957
0.25 -0.010808266386651
0.26000000000000156 -0.0108039579309004
0.27000000000000135 -0.0106955580937031
0.28000000000000114 -0.010729957682407
0.2900000000000009 -0.0107482734973908
0.3000000000000007 -0.0107766236036777
0.3100000000000005 -0.010756910777489
0.3200000000000003 -0.010707621982669
0.33000000000000007 -0.0107631739478571
0.34000000000000163 -0.0105767395425683
0.3500000000000014 -0.0106487457556015
0.3600000000000012 -0.0105388392056232
0.370000000000001 -0.0105645389733211
0.3800000000000008 -0.0105787969268396
0.39000000000000057 -0.0106580127209723
0.40000000000000036 -0.0108219337176571
0.41000000000000014 -0.0108964358749135
0.4200000000000017 -0.01105075456393
0.4300000000000015 -0.0111017745670136
0.4400000000000013 -0.0112641248761414
0.45000000000000107 -0.0114176315915314
0.46000000000000085 -0.0115076727510133
0.47000000000000064 -0.0116443328292355
0.4800000000000004 -0.0117129848323455
0.4900000000000002 -0.0118411829852246
0.5 -0.0116846760718224
0.5100000000000016 -0.011762037389305
0.5200000000000014 -0.011644683910201
0.5300000000000011 -0.0117541623637347
0.5400000000000009 -0.0116797055812513
0.5500000000000007 -0.0117818331502724
0.5600000000000005 -0.0117114957664348
0.5700000000000003 -0.0118948264676192
0.5800000000000001 -0.0118656203991351
0.5900000000000016 -0.0118765486031447
0.6000000000000014 -0.0118127654562337
0.6100000000000012 -0.0125212235444612
0.620000000000001 -0.0118549423960779
0.6300000000000008 -0.0119104160878198
0.6400000000000006 -0.0119894060931582
0.6500000000000004 -0.0118156378786907
0.6600000000000001 -0.011908326169352
0.6700000000000017 -0.0119185240624635
0.6800000000000015 -0.0118705486136741
0.6900000000000013 -0.0117049150904734
0.7000000000000011 -0.0118665152558088
0.7100000000000009 -0.0116813774551779
0.7200000000000006 -0.0117206208921083
0.7300000000000004 -0.011735591724641
0.7400000000000002 -0.0117678541677233
0.75 -0.0117761832610449
0.7600000000000016 -0.0119343728052465
0.7700000000000014 -0.0118149688373052
0.7800000000000011 -0.0119536801195306
0.7900000000000009 -0.0121474702530454
0.8000000000000007 -0.0122266306931593
0.8100000000000005 -0.0121804511370127
0.8200000000000003 -0.0124331598126436
0.8300000000000001 -0.0125849614013119
0.8400000000000016 -0.012611750572871
0.8500000000000014 -0.0126821811202126
0.8600000000000012 -0.0127622347571107
0.870000000000001 -0.0128097837914999
0.8800000000000008 -0.0129113292896754
0.8900000000000006 -0.0128884687373231
0.9000000000000004 -0.0129646451246814
0.9100000000000001 -0.0129740145404644
0.9200000000000017 -0.0130497392665877
0.9300000000000015 -0.0130312757631882
0.9400000000000013 -0.0129125043126847
0.9500000000000011 -0.0130298318995796
0.9600000000000009 -0.0128547897520489
0.9700000000000006 -0.0129386708181366
0.9800000000000004 -0.0130322825704146
0.9900000000000002 -0.0129092681937463
1.0 -0.0130121977247202
1.0100000000000016 -0.0130184557648096
1.0200000000000014 -0.0128559663980609
1.0300000000000011 -0.0128994112122189
1.040000000000001 -0.0128900995890696
1.0500000000000007 -0.0128996438316804
1.0600000000000005 -0.0130870119766565
1.0700000000000003 -0.0129824054144818
1.08 -0.0131538765484039
1.0900000000000016 -0.0136377973824221
1.1000000000000014 -0.0135108338385029
1.1100000000000012 -0.0134449900210766
1.120000000000001 -0.0135311414987167
1.1300000000000008 -0.0133220732312381
1.1400000000000006 -0.0133885594103853
1.1500000000000004 -0.0135270954762148
1.1600000000000001 -0.0132561381710417
1.1700000000000017 -0.0133489374528366
1.1800000000000015 -0.0129706964676215
1.1900000000000013 -0.0129396762892509
1.200000000000001 -0.01300178840529
1.2100000000000009 -0.0131450037448444
1.2200000000000006 -0.0131173704458222
1.2300000000000004 -0.0131144024355505
1.2400000000000002 -0.0131707071416928
1.25 -0.0132872505025291
1.2600000000000016 -0.0132597867669793
1.2700000000000014 -0.0131664265804199
1.2800000000000011 -0.0131262676375241
1.290000000000001 -0.0134108036565068
1.3000000000000007 -0.0132622686447941
1.3100000000000005 -0.0132459513382348
1.3200000000000003 -0.0130131274454443
1.33 -0.0131275172228124
1.3400000000000016 -0.013048950297463
1.3500000000000014 -0.0130486000880586
1.3600000000000012 -0.0128610935846355
1.370000000000001 -0.0127380544990317
1.3800000000000008 -0.0127348251801186
1.3900000000000006 -0.0124354875445731
1.4000000000000004 -0.0123695451873812
1.4100000000000001 -0.0122852846593479
1.4200000000000017 -0.01221063073618
1.4300000000000015 -0.0121508591898333
1.4400000000000013 -0.0119794111119981
1.450000000000001 -0.0119845983670766
1.4600000000000009 -0.0119730798229526
1.4700000000000006 -0.0118525640024791
1.4800000000000004 -0.011741193240696
1.4900000000000002 -0.0116931533544339
1.5 -0.011535881682038
1.5100000000000016 -0.0113267865634626
1.5200000000000014 -0.011199777011951
1.5300000000000011 -0.0110914987746574
1.540000000000001 -0.010940221873353
1.5500000000000007 -0.0108320002599623
1.5600000000000005 -0.0106933019667498
1.5700000000000003 -0.0104186853007483
1.58 -0.0101789742915164
1.5900000000000016 -0.0099969808652965
1.6000000000000014 -0.0097330623260884
1.6100000000000012 -0.0094601660848054
1.620000000000001 -0.0091028597012289
1.6300000000000008 -0.0088786084258502
1.6400000000000006 -0.0085543317879137
1.6500000000000004 -0.0081917363727834
1.6600000000000001 -0.0081287802382033
1.6700000000000017 -0.0080052322074469
1.6800000000000015 -0.0077120920005026
1.6900000000000013 -0.0076436200607126
1.700000000000001 -0.0074915535878395
1.7100000000000009 -0.0073432634569004
1.7200000000000006 -0.0072395343718089
1.7300000000000004 -0.0070357201204434
1.7400000000000002 -0.0069321114742687
1.75 -0.0069313197897305
1.7600000000000016 -0.0068460780846152
1.7700000000000014 -0.006649219910969
1.7800000000000011 -0.0066029976670608
1.790000000000001 -0.0064160512458114
1.8000000000000007 -0.006429098570037
1.8100000000000005 -0.0064121102987443
1.8200000000000003 -0.0062921986568961
1.83 -0.0063406212937844
1.8400000000000016 -0.0062448944816352
1.8500000000000014 -0.0061023131380005
1.8600000000000012 -0.0060565481120633
1.870000000000001 -0.0061726032310357
1.8800000000000008 -0.0060612621743649
1.8900000000000006 -0.0061105095039338
1.9000000000000004 -0.0060661290985147
1.9100000000000001 -0.0058127452654464
1.9200000000000017 -0.0058136544286992
1.9300000000000015 -0.0057591026022693
1.9400000000000013 -0.0057951634647129
1.950000000000001 -0.005707550727778
1.9600000000000009 -0.0057749882306351
1.9700000000000006 -0.0058381302968974
1.9800000000000004 -0.0058358920201429
1.9900000000000002 -0.0058306097803997
2.0 -0.0056546980344799
2.0100000000000016 -0.0058155754536803
2.0200000000000014 -0.005768974909177
2.030000000000001 -0.0056815404802836
2.040000000000001 -0.0057547107093262
2.0500000000000007 -0.005777892300064
2.0600000000000005 -0.0058114960976769
2.0700000000000003 -0.0058274752398348
2.08 -0.0058698636582078
2.0900000000000016 -0.0059875685862804
2.1000000000000014 -0.0059379783671434
2.110000000000001 -0.0060542306669727
2.120000000000001 -0.0061846650959273
2.130000000000001 -0.0062295087629457
2.1400000000000006 -0.0063900769853676
2.1500000000000004 -0.0065119000104507
2.16 -0.0065405045551038
2.1700000000000017 -0.0066275914356933
2.1800000000000015 -0.0070637602492546
2.1900000000000013 -0.0072192505263559
2.200000000000001 -0.0074926266873422
2.210000000000001 -0.0079215378337311
2.2200000000000006 -0.0079712709415095
2.2300000000000004 -0.0084536400381973
2.24 -0.008728842080959
2.25 -0.0090314557635064
2.2600000000000016 -0.0093213095080706
2.2700000000000014 -0.0095824096785871
2.280000000000001 -0.0099354337435147
2.290000000000001 -0.0101768782537513
2.3000000000000007 -0.0105743634625261
2.3100000000000005 -0.010864145743985
2.3200000000000003 -0.011190820729031
2.33 -0.0116455209023314
2.3400000000000016 -0.0119927396343234
2.3500000000000014 -0.0123543789060127
2.360000000000001 -0.0126438773610927
2.370000000000001 -0.0129978846998464
2.380000000000001 -0.0132609505840938
2.3900000000000006 -0.0136022579835833
2.4000000000000004 -0.0139964924145045
2.41 -0.0143200322973297
2.4200000000000017 -0.0146559563943783
2.4300000000000015 -0.0148348447845565
2.4400000000000013 -0.0151390188847413
2.450000000000001 -0.0151378529718666
2.460000000000001 -0.0153375581379797
2.4700000000000006 -0.0153646107122616
2.4800000000000004 -0.0154203591089342
2.49 -0.0154434427370313
2.5 -0.015436946419208
2.5100000000000016 -0.0155555787648948
2.5200000000000014 -0.015854230550828
2.530000000000001 -0.0158398447649958
2.540000000000001 -0.0159747350636622
2.5500000000000007 -0.016250897295264
2.5600000000000005 -0.0162763744843104
2.5700000000000003 -0.0164601568483064
2.58 -0.0165022725609146
2.5900000000000016 -0.0165679473516926
2.6000000000000014 -0.0164671251860982
2.610000000000001 -0.0166341659081871
2.620000000000001 -0.0166171357266848
2.630000000000001 -0.0166061248005848
2.6400000000000006 -0.0162996430689954
2.6500000000000004 -0.0162463819452863
2.66 -0.0161153196970717
2.6700000000000017 -0.0158480291334048
2.6800000000000015 -0.0157372555890015
2.6900000000000013 -0.015686540828009
2.700000000000001 -0.0152129776416972
2.710000000000001 -0.0150385728860582
2.7200000000000006 -0.0147085615164499
2.7300000000000004 -0.0144213356618537
2.74 -0.0140355506857311
2.75 -0.0135410286693353
2.7600000000000016 -0.0135691058007766
2.7700000000000014 -0.0131389041412234
2.780000000000001 -0.0129216864269194
2.790000000000001 -0.0124463114195666
2.8000000000000007 -0.0111715784379693
2.8100000000000005 -0.0104536711866964
2.8200000000000003 -0.0102005848053394
2.83 -0.0097304388858375
2.8400000000000016 -0.0097545286093761
2.8500000000000014 -0.0093805506222249
2.860000000000001 -0.0089747325109691
2.870000000000001 -0.0086470484893097
2.880000000000001 -0.0081714743800276
2.8900000000000006 -0.0077146182264644
2.9000000000000004 -0.0069570887271165
2.91 -0.007119033233162
2.9200000000000017 -0.00669567507398
2.9300000000000015 -0.006228424089974
2.9400000000000013 -0.0060259593394724
2.950000000000001 -0.0050568094962114
2.960000000000001 -0.0049134868207792
2.9700000000000006 -0.0040969420673343
2.9800000000000004 -0.0040600042045938
2.99 -0.0036855592981252
3.0 -0.0029262181452145
3.0100000000000016 -0.0024879073818557
3.0200000000000014 -0.0020239882957762
3.030000000000001 -0.0018049692568936
3.040000000000001 -0.0011684336936527
3.0500000000000007 -0.0007305972022311
3.0600000000000005 -0.0007160785878818
3.0700000000000003 -0.0001264510234497
3.08 0.0001521204292923
3.0900000000000016 0.0008263916532159
3.1000000000000014 0.001086689742765
3.110000000000001 0.0013702317601601
3.120000000000001 0.0017129568625729
3.130000000000001 0.0017904610774472
3.1400000000000006 0.0021439941261145
3.1500000000000004 0.002553860070359
3.16 0.0016955378588139
3.1700000000000017 0.0016907664906374
3.1800000000000015 0.0021471292332799
3.1900000000000013 0.0024202695533109
3.200000000000001 0.0027930860955604
3.210000000000001 0.0030073073764149
3.2200000000000024 0.0033650986540457
3.2300000000000004 0.0036401225804005
3.240000000000002 0.0039696173772649
3.25 0.0042582163770578
3.2600000000000016 0.004659227292778
3.2699999999999996 0.0048415715087929
3.280000000000001 0.0054389583037165
3.289999999999999 0.0056372846596399
3.3000000000000007 0.0058000419500118
3.3100000000000023 0.0060715581511077
3.3200000000000003 0.0064501449534636
3.330000000000002 0.0064994144151193
3.34 0.0071886114771228
3.3500000000000014 0.0074334135918313
3.3599999999999994 0.0074499493907758
3.370000000000001 0.007856761032505
3.3800000000000026 0.0080268020836941
3.3900000000000006 0.0080237279225449
3.400000000000002 0.0084482349838058
3.41 0.0089496790928092
3.4200000000000017 0.0090335607041515
3.4299999999999997 0.0095531259373298
3.4400000000000013 0.0097418426261962
3.4499999999999993 0.0102714382975338
3.460000000000001 0.0105171463157764
3.4700000000000024 0.0108754143202471
3.4800000000000004 0.0111178224169755
3.490000000000002 0.0111987818133023
3.5 0.0117971302421297
3.5100000000000016 0.0121158345542145
3.5199999999999996 0.0123783897959599
3.530000000000001 0.0127749262514031
3.539999999999999 0.0132624752536976
3.5500000000000007 0.0136770033688223
3.5600000000000023 0.0140119631862532
3.5700000000000003 0.0143506240436454
3.580000000000002 0.0146826447723241
3.59 0.0152510130192521
3.6000000000000014 0.0156836400005973
3.6099999999999994 0.0163328232273366
3.620000000000001 0.016696181586094
3.6300000000000026 0.0169750025793717
3.6400000000000006 0.017639319046052
3.650000000000002 0.0181415510716126
3.66 0.0187149429185125
3.6700000000000017 0.019510788815465
3.6799999999999997 0.0200636519313739
3.6900000000000013 0.0206818541281374
3.6999999999999993 0.0212398483826081
3.710000000000001 0.0218426067561252
3.7200000000000024 0.0224876891157029
3.7300000000000004 0.0230729231540645
3.740000000000002 0.023496093757442
3.75 0.0244095428887013
3.7600000000000016 0.0246910700305864
3.7699999999999996 0.0252924131268129
3.780000000000001 0.0259520665556468
3.789999999999999 0.026476055714705
3.8000000000000007 0.0271279550076373
3.8100000000000023 0.0277643237249051
3.8200000000000003 0.0283672727412965
3.830000000000002 0.028921851271397
3.84 0.030035440869084
3.8500000000000014 0.0308923017113128
3.8599999999999994 0.0315123622740456
3.870000000000001 0.0324246699685255
3.8800000000000026 0.0328875259195454
3.8900000000000006 0.0338235712989062
3.900000000000002 0.0346349205127974
3.91 0.0352999110686706
3.9200000000000017 0.036071198128537
3.9299999999999997 0.037186313143155
3.9400000000000013 0.0379242882075515
3.9499999999999993 0.0387202866518864
3.960000000000001 0.0393816322004538
3.9700000000000024 0.0404139085055482
3.9800000000000004 0.0412289453300205
3.990000000000002 0.0421379018697147
4.0 0.0427581573790509
4.010000000000002 0.0436539124833488
4.02 0.0443375702610472
4.030000000000001 0.0448876133471146
4.039999999999999 0.0457793653474602
4.050000000000001 0.0466308216745478
4.060000000000002 0.0472421424562639
4.07 0.0480567044448282
4.080000000000002 0.0487248411350519
4.09 0.0494990041965985
4.100000000000001 0.0504199796543106
4.109999999999999 0.0509076496722654
4.120000000000001 0.051778373870305
4.130000000000003 0.0526198613386262
4.140000000000001 0.0533464145341707
4.150000000000002 0.0544147693071817
4.16 0.0548771330536555
4.170000000000002 0.0555940830440725
4.18 0.0564095239211415
4.190000000000001 0.0570377853554615
4.199999999999999 0.0575924340359996
4.210000000000001 0.058268866022053
4.220000000000002 0.0592123310602305
4.23 0.0597046881430368
4.240000000000002 0.060664426453493
4.25 0.0615405734352463
4.260000000000002 0.0621634619690153
4.27 0.063174808075695
4.280000000000001 0.0639705859644121
4.289999999999999 0.064971292901713
4.300000000000001 0.0652638754540393
4.310000000000002 0.0663457446325485
4.32 0.0667217813757212
4.330000000000002 0.0676397852879211
4.34 0.0684394681736065
4.350000000000001 0.0695072371483249
4.359999999999999 0.0704011239946329
4.370000000000001 0.0713295370180722
4.380000000000003 0.0722996163759081
4.390000000000001 0.0728360868155584
4.400000000000002 0.0726994096015613
4.41 0.0736612036500542
4.420000000000002 0.073949781879418
4.43 0.0746312727169937
4.440000000000001 0.074771329503024
4.449999999999999 0.075461671339061
4.460000000000001 0.0752182114864099
4.470000000000002 0.0750218235801093
4.48 0.0757612936488262
4.490000000000002 0.0758775106704584
4.5 0.0755328287379335
4.510000000000002 0.0755967962657264
4.52 0.0747199207246916
4.530000000000001 0.0741421837374425
4.539999999999999 0.0727183861845435
4.550000000000001 0.0717534702096223
4.560000000000002 0.0702350879850161
4.57 0.0688873055993028
4.580000000000002 0.0669946452566285
4.59 0.0647558251193553
4.600000000000001 0.0625141327588014
4.609999999999999 0.060134607379591
4.620000000000001 0.0575971262214566
4.630000000000003 0.0549226370296256
4.640000000000001 0.0520982475098387
4.650000000000002 0.0496323333263863
4.66 0.0463561592474589
4.670000000000002 0.0443201512101837
4.68 0.0416944058550377
4.690000000000001 0.0397533777362069
4.699999999999999 0.0372836431454764
4.710000000000001 0.0350839548432362
4.720000000000002 0.0337802317638695
4.73 0.0315190930640945
4.740000000000002 0.0299802582772563
4.75 0.0283289384261245
4.760000000000002 0.0265125619879454
4.77 0.0255615602237631
4.780000000000001 0.0248662005345003
4.789999999999999 0.0243143600433961
4.800000000000001 0.0230730867117876
4.810000000000002 0.0222898416042507
4.82 0.0210695836741975
4.830000000000002 0.0201170859622296
4.84 0.0188400641316841
4.850000000000001 0.0180345085686115
4.859999999999999 0.017375035576388
4.870000000000001 0.01700449682809
4.880000000000003 0.0166831229247255
4.890000000000001 0.0160162947823641
4.900000000000002 0.0155784365255151
4.91 0.0150274113486469
4.920000000000002 0.014531508931923
4.93 0.0143673826962878
4.940000000000001 0.0143603897386034
4.949999999999999 0.0138248626615413
4.960000000000001 0.0138428596835073
4.970000000000002 0.0138089612150354
4.98 0.013624536228276
4.990000000000002 0.0138325508775762
5.0 0.0141373297375215
5.010000000000002 0.0141984442033104
5.02 0.014664515634784
5.030000000000001 0.0146903774184079
5.039999999999999 0.0147607178768908
5.050000000000001 0.0147904207708235
5.060000000000002 0.0152769259941035
5.07 0.0153013063419405
5.080000000000002 0.0154496699891949
5.09 0.0158211194901956
5.100000000000001 0.0158760616708266
5.109999999999999 0.0163364493153841
5.120000000000001 0.0162188433683456
5.130000000000003 0.0162358311112905
5.140000000000001 0.0163631765667147
5.150000000000002 0.0164080108308398
5.16 0.0167587119615793
5.170000000000002 0.0169682624442622
5.18 0.0169735205272649
5.190000000000001 0.0171484755402525
5.199999999999999 0.0172324627578992
5.210000000000001 0.0176116765287926
5.220000000000002 0.0180131491292125
5.23 0.0183004196905272
5.240000000000002 0.0184073304778621
5.25 0.0186981594264676
5.260000000000002 0.0187044667691258
5.27 0.0188428003322362
5.280000000000001 0.0190149474736154
5.289999999999999 0.019547892469457
5.300000000000001 0.0193589428914796
5.310000000000002 0.0202246264977597
5.32 0.0201509988779112
5.330000000000002 0.0202862551660121
5.34 0.0202155484374935
5.350000000000001 0.0201539437565427
5.359999999999999 0.0204108887851988
5.370000000000001 0.0203687911906804
5.380000000000003 0.0203482642886804
5.390000000000001 0.0205571428888629
5.400000000000002 0.0204123899345689
5.41 0.0206921848218584
5.420000000000002 0.0209156205742678
5.43 0.0207516167792396
5.440000000000001 0.0200021089516289
5.449999999999999 0.0203708655677875
5.460000000000001 0.0204882404716581
5.470000000000002 0.0203308879756689
5.48 0.0205452155100903
5.490000000000002 0.0206624572512223
5.5 0.0205254554011792
5.510000000000002 0.0209133046071592
5.52 0.0213320533787117
5.530000000000001 0.0215359808967616
5.539999999999999 0.0215644980851869
5.550000000000001 0.0218234229598371
5.560000000000002 0.0219897593918988
5.57 0.0218599384405516
5.580000000000002 0.0222118601781013
5.59 0.022139707801662
5.600000000000001 0.0225626157067076
5.609999999999999 0.0227899408714791
5.620000000000001 0.0227889209752884
5.630000000000003 0.0231650305387265
5.640000000000001 0.023346315174787
5.650000000000002 0.0232363977294628
5.66 0.0233317056797073
5.670000000000002 0.0239894845087366
5.68 0.0238203022764105
5.690000000000001 0.0237442128500641
5.699999999999999 0.0242790409430241
5.710000000000001 0.0242470970592511
5.720000000000002 0.0247689494710176
5.73 0.0248746790719623
5.740000000000002 0.0244171943170182
5.75 0.0243871849756199
5.760000000000002 0.024542360531196
5.77 0.0249126052145727
5.780000000000001 0.025058560352395
5.789999999999999 0.0248911702475241
5.800000000000001 0.024947179173096
5.810000000000002 0.0250400332361924
5.82 0.0248617411907303
5.830000000000002 0.0251880019985868
5.84 0.0252728626044246
5.850000000000001 0.0252484953666554
5.859999999999999 0.0254896767173977
5.870000000000001 0.0254408098292998
5.880000000000003 0.025501962621591
5.890000000000001 0.0253152244766438
5.900000000000002 0.0254358827137144
5.91 0.0254094085641859
5.920000000000002 0.0241332538572439
5.93 0.0238575656892181
5.940000000000001 0.0236903649109748
5.949999999999999 0.0236182330850424
5.960000000000001 0.023488049314478
5.970000000000002 0.0231305687481089
5.98 0.0231535581358209
5.990000000000002 0.0227741872132764
6.0 0.0228492491725999
6.010000000000002 0.0225567928079128
6.02 0.0240521061225677
6.030000000000001 0.0242304893647579
6.039999999999999 0.0242642274310492
6.050000000000001 0.0242248719624887
6.060000000000002 0.0238584560770375
6.07 0.0239600327563171
6.080000000000002 0.0239239697799714
6.09 0.0237430730091679
6.100000000000001 0.023383703178447
6.109999999999999 0.0236100059933836
6.120000000000001 0.0236957942312828
6.130000000000003 0.0238789404362844
6.140000000000001 0.0241736520349112
6.150000000000002 0.0247253029238353
6.16 0.0248416255596116
6.170000000000002 0.0245692122305424
6.18 0.0246990313057184
6.190000000000001 0.0246066472336533
6.199999999999999 0.024731961680442
6.210000000000001 0.0246897338765076
6.220000000000002 0.0244909996742946
6.23 0.0244734613260881
6.240000000000002 0.0247314640319272
6.25 0.0249487704334717
6.260000000000002 0.0249133405249363
6.27 0.0244314020752394
6.280000000000001 0.0251656219906234
6.289999999999999 0.0249047631989051
6.300000000000001 0.0249437096278821
6.310000000000002 0.0249084578218723
6.32 0.0250865493885945
6.330000000000002 0.0252203126960713
6.34 0.0253946996109992
6.350000000000001 0.0250898657877983
6.359999999999999 0.0250214973517081
6.370000000000001 0.0251399876384357
6.380000000000003 0.0252229477784374
6.390000000000001 0.0258186086704552
6.400000000000002 0.0260369522502442
6.41 0.0259842420260008
6.420000000000002 0.0260659391222505
6.43 0.0263162821903541
6.440000000000001 0.0266166753636657
6.449999999999999 0.0266121688462058
6.460000000000001 0.0268089783849312
6.470000000000002 0.0269391204458018
6.48 0.0267397264554597
6.490000000000002 0.0267713392684243
6.5 0.0267877211291249
6.510000000000002 0.0265705245426234
6.52 0.0264967615111897
6.530000000000001 0.0263954909104023
6.539999999999999 0.026499684652243
6.550000000000001 0.0265112075161851
6.560000000000002 0.0264088648068163
6.57 0.0265009107690347
6.580000000000002 0.0265618105797238
6.59 0.0264283904583321
6.600000000000001 0.0261857909595845
6.609999999999999 0.0263366218859884
6.620000000000001 0.0264567398416751
6.630000000000003 0.0264365205674597
6.640000000000001 0.0264748256367391
6.650000000000002 0.0266278931896744
6.66 0.0265017556259224
6.670000000000002 0.0264744544213896
6.68 0.0264163808509337
6.690000000000001 0.0262741626243968
6.699999999999999 0.026018939244041
6.710000000000001 0.0260900573870123
6.720000000000002 0.0259662074791544
6.73 0.0259035840189005
6.740000000000002 0.025680689279397
6.75 0.0259666142431977
6.760000000000002 0.0256679077850058
6.77 0.0258142422592292
6.780000000000001 0.0255035694043295
6.789999999999999 0.0255310957189463
6.800000000000001 0.0255132804105398
6.810000000000002 0.0256295510135687
6.82 0.0255565582760538
6.830000000000002 0.0257176341231528
6.84 0.0256703971952133
6.850000000000001 0.0256928507134435
6.859999999999999 0.0257815871121784
6.870000000000001 0.0255839152332812
6.880000000000003 0.0257244071131116
6.890000000000001 0.0258083595369395
6.900000000000002 0.0255809488354545
6.91 0.0253823373456222
6.920000000000002 0.0252381570365292
6.93 0.0251124246175303
6.940000000000001 0.0251771862584314
6.949999999999999 0.0249674310456085
6.960000000000001 0.0250809767060755
6.970000000000002 0.0250697246555207
6.98 0.0247552701184935
6.990000000000002 0.0247333647998166
7.0 0.0243450537945038
7.010000000000002 0.0243793611624361
7.02 0.0243782575142341
7.030000000000001 0.0241213057173284
7.039999999999999 0.0241780290305446
7.050000000000001 0.0239370037378536
7.060000000000002 0.0239409046718968
7.07 0.0239496374005804
7.080000000000002 0.0237343672236169
7.09 0.023812520480544
7.100000000000001 0.0234867322958377
7.109999999999999 0.0235538186183622
7.120000000000001 0.0235110248630394
7.130000000000003 0.0233305528920169
7.140000000000001 0.0233163782739866
7.150000000000002 0.0231254756267937
7.16 0.0230826158246605
7.170000000000002 0.0230402882849606
7.18 0.0228750742977599
7.190000000000001 0.0228388758063498
7.199999999999999 0.0226835563577129
7.210000000000001 0.0229474284459644
7.220000000000002 0.0227299117640907
7.23 0.0225783086871629
7.240000000000002 0.0225975645845139
7.25 0.0226318400789738
7.260000000000002 0.0225120424073109
7.27 0.0224912872951986
7.280000000000001 0.0224140599540815
7.289999999999999 0.0225932266999819
7.300000000000001 0.0227748658920828
7.310000000000002 0.0226032313489348
7.32 0.0225860960456542
7.330000000000002 0.022525494758371
7.34 0.0225542148056772
7.350000000000001 0.0226616989175849
7.359999999999999 0.022624125008132
7.370000000000001 0.0228100843957564
7.380000000000003 0.0227314221347365
7.390000000000001 0.0227134298930376
7.400000000000002 0.0229032806318561
7.41 0.0230059963371224
7.420000000000002 0.0230417821215239
7.43 0.0230506382099531
7.440000000000001 0.0232763796335864
7.449999999999999 0.0231888225383724
7.460000000000001 0.0229588667633855
7.470000000000002 0.02319900185165
7.48 0.0230974742152177
7.490000000000002 0.0233421531590246
7.5 0.0233858267413694
7.510000000000002 0.0232517549574358
7.52 0.0237076573290989
7.530000000000001 0.0237035853378599
7.539999999999999 0.0237975687992132
7.550000000000001 0.0240555367472398
7.560000000000002 0.0239931110110143
7.57 0.0239885524701646
7.580000000000002 0.0241485252818851
7.59 0.0243938458580239
7.600000000000001 0.0242494823084656
7.609999999999999 0.0246220880736896
7.620000000000001 0.0246486437137863
7.630000000000003 0.02461540086198
7.640000000000001 0.0251273958540582
7.650000000000002 0.0253465002300923
7.66 0.0253506532911915
7.670000000000002 0.0257541571123856
7.68 0.025907486523566
7.690000000000001 0.0260848852767594
7.699999999999999 0.0262022403581389
7.710000000000001 0.026292677957735
7.720000000000002 0.0266049568721201
7.73 0.0265169539387105
7.740000000000002 0.026883613209546
7.75 0.0268894724845948
7.760000000000002 0.0270116072872434
7.77 0.0275417521088748
7.780000000000001 0.0275303450046447
7.789999999999999 0.0276629641926552
7.800000000000001 0.0279857089893799
7.810000000000002 0.0280789673609656
7.82 0.028296906771395
7.830000000000002 0.0280282417480859
7.84 0.0283731176351065
7.850000000000001 0.0282979727146563
7.859999999999999 0.0283539971629538
7.870000000000001 0.028366972012421
7.880000000000003 0.0283918833398378
7.890000000000001 0.028477062783515
7.900000000000002 0.0285675581814123
7.91 0.0287106819885398
7.920000000000002 0.0287566287508588
7.93 0.0289212186214168
7.940000000000001 0.0289901804116446
7.949999999999999 0.029171694423362
7.960000000000001 0.0292041798766024
7.970000000000002 0.029286729226423
7.98 0.0292927472272577
7.990000000000002 0.0292938477652775
8.0 0.0294051745405911
8.010000000000002 0.0297837162922399
8.02 0.030119031957687
8.030000000000001 0.0300383483724291
8.04 0.0299705712130208
8.05 0.0300169410968849
8.060000000000002 0.0301894580832428
8.07 0.0304050638120988
8.080000000000002 0.0302615165201077
8.09 0.0305915776455508
8.100000000000001 0.030103716445152
8.11 0.0303337588660468
8.120000000000001 0.0307053918436416
8.130000000000003 0.030575704386085
8.14 0.0302823735635885
8.150000000000002 0.0302452035449676
8.16 0.0304811619061783
8.170000000000002 0.030457189547473
8.18 0.0305304472052373
8.190000000000001 0.0306935769468146
8.2 0.0304463380146323
8.21 0.0305673761149195
8.220000000000002 0.0306116552293122
8.23 0.0306359118117134
8.240000000000002 0.0307410761138276
8.25 0.0308078735219957
8.260000000000002 0.0307911243449848
8.27 0.0307382179194648
8.280000000000001 0.0306064570316592
8.29 0.0305140429190312
8.3 0.0304756810564575
8.310000000000002 0.0311209853044562
8.32 0.0313314903765912
8.330000000000002 0.0313225357687114
8.34 0.0308762963730292
8.350000000000001 0.0307689003172837
8.36 0.0311365713268196
8.370000000000001 0.0307912169152159
8.380000000000003 0.0308838076291939
8.39 0.0304768262058116
8.400000000000002 0.0309264569007601
8.41 0.0305465938545908
8.420000000000002 0.0308043234763991
8.43 0.0307773681632157
8.440000000000001 0.0308527185581121
8.45 0.0300120288805987
8.46 0.0302880839333485
8.470000000000002 0.0299936306551092
8.48 0.0298610873185237
8.490000000000002 0.0303410541684782
8.5 0.0297623973605718
8.510000000000002 0.0301244671997263
8.52 0.0294853224221538
8.530000000000001 0.0293059376475851
8.54 0.0293377616647603
8.55 0.0291451742103468
8.560000000000002 0.0289586358105309
8.57 0.0287794635906543
8.580000000000002 0.0287181081621073
8.59 0.0292545936292875
8.600000000000001 0.0290275308521775
8.61 0.0289697370026473
8.620000000000001 0.0288234787765744
8.630000000000003 0.0288658265102029
8.64 0.0288955893585557
8.650000000000002 0.0287299972236657
8.66 0.0285163807238111
8.670000000000002 0.0285119559683673
8.68 0.028382397008346
8.690000000000001 0.0283568389360601
8.7 0.0284590211488953
8.71 0.0284157057629515
8.720000000000002 0.0284951132533175
8.73 0.0282169629271581
8.740000000000002 0.02833553620243
8.75 0.0282013576294831
8.760000000000002 0.0281230288756558
8.77 0.0277592217637485
8.780000000000001 0.0278600198804907
8.79 0.0279200364437913
8.8 0.0278613559395605
