%x y
0.0 -0.023806736964724
0.009999999999999787 -0.023876794799504
0.019999999999999574 -0.023649433026736
0.02999999999999936 -0.0238624569383573
0.03999999999999915 -0.0238619316335616
0.049999999999998934 -0.0238813829271067
0.05999999999999872 -0.0239477609508832
0.07000000000000028 -0.0240187230275844
0.08000000000000007 -0.0241256057915382
0.08999999999999986 -0.0241838736079819
0.09999999999999964 -0.024157247566369
0.10999999999999943 -0.0243699718505696
0.11999999999999922 -0.024292012938516
0.129999999999999 -0.0242960486681511
0.1399999999999988 -0.0244843555635339
0.14999999999999858 -0.0244143463225357
0.16000000000000014 -0.0244078368942766
0.16999999999999993 -0.0243117911688152
0.17999999999999972 -0.0242523930039831
0.1899999999999995 -0.0243515013159747
0.1999999999999993 -0.0243505523175863
0.20999999999999908 -0.024222340843992
0.21999999999999886 -0.0241188438084052
0.22999999999999865 -0.0241041445695868
0.2400000000000002 -0.0239563811968071
0.25 -0.0241073894518334
0.2599999999999998 -0.0241333885890216
0.2699999999999996 -0.0240332795944669
0.27999999999999936 -0.0238731168359714
0.28999999999999915 -0.0238419042615069
0.29999999999999893 -0.0237176507662762
0.3099999999999987 -0.0237925897747094
0.3200000000000003 -0.0237742771355268
0.33000000000000007 -0.0234619325479447
0.33999999999999986 -0.0233774322152232
0.34999999999999964 -0.0233851216363739
0.35999999999999943 -0.0232472190167832
0.3699999999999992 -0.0232098240966194
0.379999999999999 -0.0231094573443095
0.3899999999999988 -0.0229097957152617
0.3999999999999986 -0.0228668155812391
0.41000000000000014 -0.0227831926599562
0.41999999999999993 -0.0226679620931513
0.4299999999999997 -0.0225703994187528
0.4399999999999995 -0.0223612461548548
0.4499999999999993 -0.0222750802548742
0.4599999999999991 -0.0222332751959382
0.46999999999999886 -0.0221790456299399
0.47999999999999865 -0.0220349151535437
0.4900000000000002 -0.0220960472920523
0.5 -0.0219913991560672
0.5099999999999998 -0.0217145463239945
0.5199999999999996 -0.0216001739889889
0.5299999999999994 -0.0215974096360443
0.5399999999999991 -0.0214531905841747
0.5499999999999989 -0.0211581107460853
0.5599999999999987 -0.0211106328166278
0.5700000000000003 -0.0209744609063444
0.5800000000000001 -0.0208069601006132
0.5899999999999999 -0.0206732333429255
0.5999999999999996 -0.0204665847578331
0.6099999999999994 -0.0203272217245672
0.6199999999999992 -0.0201952563884796
0.629999999999999 -0.0200638692766633
0.6399999999999988 -0.0201351897516812
0.6499999999999986 -0.0200627220339437
0.6600000000000001 -0.0199409002685386
0.6699999999999999 -0.0198417594632658
0.6799999999999997 -0.0198648876179778
0.6899999999999995 -0.0199050731020953
0.6999999999999993 -0.0199861383717696
0.7099999999999991 -0.0199482757357171
0.7199999999999989 -0.0199662752055732
0.7299999999999986 -0.0199244125574668
0.7400000000000002 -0.0196575775614866
0.75 -0.0196139407922949
0.7599999999999998 -0.0194589837615163
0.7699999999999996 -0.0191877735681643
0.7799999999999994 -0.0192322137496501
0.7899999999999991 -0.0192237702879982
0.7999999999999989 -0.0191318165274944
0.8099999999999987 -0.0190434519716228
0.8200000000000003 -0.0189562287588276
0.8300000000000001 -0.0188808770395672
0.8399999999999999 -0.0188425056731595
0.8499999999999996 -0.0188119844343318
0.8599999999999994 -0.0188124318298771
0.8699999999999992 -0.0187510823815448
0.879999999999999 -0.018946889106176
0.8899999999999988 -0.0185443641268095
0.8999999999999986 -0.0185870296087477
0.9100000000000001 -0.0184542836894861
0.9199999999999999 -0.0184673400655961
0.9299999999999997 -0.0184600672196067
0.9399999999999995 -0.0183820111492099
0.9499999999999993 -0.0183588704738308
0.9599999999999991 -0.0186266332159827
0.9699999999999989 -0.0186977882862953
0.9799999999999986 -0.018498209300992
0.9900000000000002 -0.0184201370242884
1.0 -0.0183133941133896
1.0099999999999998 -0.0184112044773348
1.0199999999999996 -0.0183682227101381
1.0299999999999994 -0.0183004601388285
1.0399999999999991 -0.0183629234102023
1.049999999999999 -0.0182273986623699
1.0599999999999987 -0.0181876558800949
1.0700000000000003 -0.0180956713960608
1.08 -0.0180569007297777
1.0899999999999999 -0.0180040241623539
1.0999999999999996 -0.0178896972041937
1.1099999999999994 -0.0178058551194751
1.120000000000001 -0.0178227960234393
1.129999999999999 -0.0179451221924976
1.1400000000000006 -0.0179616849848165
1.1499999999999986 -0.017942557658087
1.1600000000000001 -0.0178955880809898
1.1699999999999982 -0.0180387487846228
1.1799999999999997 -0.0181261858913335
1.1899999999999977 -0.0183084592061193
1.1999999999999993 -0.0184186070762223
1.2100000000000009 -0.0183577996518004
1.2199999999999989 -0.0186287149607552
1.2300000000000004 -0.0189291067255408
1.2399999999999984 -0.0190576807489288
1.25 -0.0191308684938991
1.259999999999998 -0.0192450988532486
1.2699999999999996 -0.0194394758269341
1.2800000000000011 -0.0195631557813446
1.2899999999999991 -0.019632871982169
1.3000000000000007 -0.0199495676857843
1.3099999999999987 -0.019631049190686
1.3200000000000003 -0.0196586979396988
1.3299999999999983 -0.0195003322749208
1.3399999999999999 -0.0196004806525305
1.3499999999999979 -0.0195850886189982
1.3599999999999994 -0.019759642534209
1.370000000000001 -0.019582999361405
1.379999999999999 -0.0199664839343944
1.3900000000000006 -0.0199301353517517
1.3999999999999986 -0.0200091018078337
1.4100000000000001 -0.0202548049119326
1.4199999999999982 -0.0202057893856086
1.4299999999999997 -0.0202614369335283
1.4399999999999977 -0.0202055342500468
1.4499999999999993 -0.0202497272302319
1.4600000000000009 -0.0204613351631992
1.4699999999999989 -0.0203066855263471
1.4800000000000004 -0.0204024470758146
1.4899999999999984 -0.0204691498687748
1.5 -0.020496314138884
1.509999999999998 -0.0204634117113308
1.5199999999999996 -0.0204348346670119
1.5300000000000011 -0.0205612095007672
1.5399999999999991 -0.0204928773788216
1.5500000000000007 -0.0205927125585562
1.5599999999999987 -0.0204824778409675
1.5700000000000003 -0.0206503970089436
1.5799999999999983 -0.0204112473558139
1.5899999999999999 -0.0204816204750543
1.5999999999999979 -0.0204765816052074
1.6099999999999994 -0.0206273683347893
1.620000000000001 -0.0206339127949749
1.629999999999999 -0.0204812118422467
1.6400000000000006 -0.0207035323066284
1.6499999999999986 -0.0206591852679476
1.6600000000000001 -0.0210507865504102
1.6699999999999982 -0.0212484445848921
1.6799999999999997 -0.0212584513632467
1.6899999999999977 -0.0210612047376538
1.6999999999999993 -0.021161211716508
1.7100000000000009 -0.0212559719635507
1.7199999999999989 -0.0214840675976668
1.7300000000000004 -0.0215106890571513
1.7399999999999984 -0.0214151345696939
1.75 -0.0215068064122664
1.759999999999998 -0.021597431922681
1.7699999999999996 -0.0217224593376167
1.7800000000000011 -0.0218491599645965
1.7899999999999991 -0.0218380080791295
1.8000000000000007 -0.0218224515174488
1.8099999999999987 -0.0219375677958837
1.8200000000000003 -0.0219101163971653
1.8299999999999983 -0.0220362147565712
1.8399999999999999 -0.0221480742804622
1.8499999999999979 -0.0219396346494438
1.8599999999999994 -0.0219818998898823
1.870000000000001 -0.0220191434908583
1.879999999999999 -0.0221501733613803
1.8900000000000006 -0.0221626761915218
1.8999999999999986 -0.022073834409479
1.9100000000000001 -0.0220727526865722
1.9199999999999982 -0.0220691922455998
1.9299999999999997 -0.022202185823126
1.9399999999999977 -0.0222210030199109
1.9499999999999993 -0.0220329643757758
1.9600000000000009 -0.0220973552098219
1.9699999999999989 -0.0220467224845935
1.9800000000000004 -0.0223122774016228
1.9899999999999984 -0.0223504593931275
2.0 -0.0221642564369234
2.009999999999998 -0.0221159067324317
2.0199999999999996 -0.0222825215696661
2.030000000000001 -0.0223441176351062
2.039999999999999 -0.0222295556591355
2.0500000000000007 -0.0222167783452981
2.0599999999999987 -0.0222410948744143
2.0700000000000003 -0.022420050116521
2.0799999999999983 -0.0225624129174484
2.09 -0.022522191811593
2.099999999999998 -0.0226420536489634
2.1099999999999994 -0.0227810253670601
2.120000000000001 -0.0230271300054194
2.129999999999999 -0.0232805792767064
2.1400000000000006 -0.0234911320045953
2.1499999999999986 -0.0239126657181279
2.16 -0.0244063665017684
2.169999999999998 -0.0247915199541714
2.1799999999999997 -0.0255249530422349
2.1899999999999977 -0.0267628451663885
2.1999999999999993 -0.0279647564865001
2.210000000000001 -0.0295146840744879
2.219999999999999 -0.031299774685921
2.2300000000000004 -0.0332490745575337
2.2399999999999984 -0.0354255045320625
2.25 -0.0376627543402338
2.259999999999998 -0.0400268928513934
2.2699999999999996 -0.0423599336721337
2.280000000000001 -0.0448018706373051
2.289999999999999 -0.0472361247600987
2.3000000000000007 -0.049813624891775
2.3099999999999987 -0.0523984238438577
2.3200000000000003 -0.0546891047825132
2.3299999999999983 -0.0570953272352016
2.34 -0.0595738116469207
2.349999999999998 -0.061947515079467
2.3599999999999994 -0.0642888916826698
2.370000000000001 -0.0667092466522772
2.379999999999999 -0.0690242583787118
2.3900000000000006 -0.0716163727819899
2.3999999999999986 -0.0737056784174396
2.41 -0.0760932338493499
2.419999999999998 -0.0785227554733992
2.4299999999999997 -0.0808415234558912
2.4399999999999977 -0.0831492197995589
2.4499999999999993 -0.0854726092454435
2.460000000000001 -0.0876532961804862
2.469999999999999 -0.0901501678372587
2.4800000000000004 -0.0923753926471211
2.4899999999999984 -0.0945530240679167
2.5 -0.0969948519028248
2.509999999999998 -0.0988743661408002
2.5199999999999996 -0.100948018797646
2.530000000000001 -0.1030656888424469
2.539999999999999 -0.1053395858079448
2.5500000000000007 -0.1074303183507797
2.5599999999999987 -0.1094083701291723
2.5700000000000003 -0.1114029561557112
2.5799999999999983 -0.1135186021469122
2.59 -0.1143821626112739
2.599999999999998 -0.1148820819870696
2.6099999999999994 -0.1156586135720888
2.620000000000001 -0.117636292493633
2.629999999999999 -0.1227222727767855
2.6400000000000006 -0.1248673539384228
2.6499999999999986 -0.1231505060678825
2.66 -0.1250910468729166
2.669999999999998 -0.1270454235460857
2.6799999999999997 -0.1289601196720404
2.6899999999999977 -0.1306584883820725
2.6999999999999993 -0.1322270571299068
2.710000000000001 -0.1337876080237697
2.719999999999999 -0.1351651219322683
2.7300000000000004 -0.1365289072479825
2.7399999999999984 -0.1378407297033909
2.75 -0.139269324291545
2.759999999999998 -0.1409153218127007
2.7699999999999996 -0.1422369484279496
2.780000000000001 -0.1436995222242236
2.789999999999999 -0.1449513021115537
2.8000000000000007 -0.1463090369258974
2.8099999999999987 -0.1476275273646113
2.8200000000000003 -0.1503797391575894
2.8299999999999983 -0.1499953257786728
2.84 -0.1513680509388744
2.849999999999998 -0.152211467335735
2.8599999999999994 -0.1535411759501366
2.870000000000001 -0.1546796308097169
2.879999999999999 -0.1570628633786408
2.8900000000000006 -0.1567351812929394
2.8999999999999986 -0.1577916937984509
2.91 -0.1585962416251946
2.919999999999998 -0.1597855627108374
2.9299999999999997 -0.1618720334801199
2.9399999999999977 -0.161777818066375
2.9499999999999993 -0.1627694190629372
2.960000000000001 -0.1645977115588628
2.969999999999999 -0.1645259977149814
2.9800000000000004 -0.165437310144578
2.9899999999999984 -0.1663248736885172
3.0 -0.1680804355869359
3.009999999999998 -0.1690153214704777
3.0199999999999996 -0.1689973707455266
3.030000000000001 -0.1700607886222884
3.039999999999999 -0.1708969910108268
3.0500000000000007 -0.1718318993282029
3.0599999999999987 -0.1734797565661152
3.0700000000000003 -0.1736485646815133
3.0799999999999983 -0.1749474249243814
3.09 -0.1757218159697827
3.099999999999998 -0.1760148867543441
3.1099999999999994 -0.1768646697767022
3.120000000000001 -0.1775701459805953
3.129999999999999 -0.1783614966597722
3.1400000000000006 -0.1795714937649548
3.1499999999999986 -0.1800088280629468
3.16 -0.1808776954726746
3.169999999999998 -0.1815662806065142
3.1799999999999997 -0.1824029165171687
3.1899999999999977 -0.1830282905092204
3.1999999999999993 -0.1840748316245624
3.210000000000001 -0.1850634731194347
3.219999999999999 -0.1853734592744258
3.2300000000000004 -0.185943186360804
3.2399999999999984 -0.1864609139316064
3.25 -0.1874264535088869
3.259999999999998 -0.1877874517345018
3.2699999999999996 -0.188425592643382
3.280000000000001 -0.1891778927966754
3.289999999999999 -0.1898916672008019
3.3000000000000007 -0.1906811501449948
3.3099999999999987 -0.1912359606862405
3.3200000000000003 -0.1919514902374876
3.3299999999999983 -0.1926612908831306
3.34 -0.1930479073771433
3.349999999999998 -0.1939188399328199
3.3599999999999994 -0.1943109056112179
3.370000000000001 -0.1947378345448173
3.379999999999999 -0.1952886110549391
3.3900000000000006 -0.1957873120122056
3.3999999999999986 -0.19631398005909
3.41 -0.1968898374955147
3.419999999999998 -0.1974449157395479
3.4299999999999997 -0.1980165984259828
3.4399999999999977 -0.1985399117135785
3.4499999999999993 -0.1989628179085266
3.460000000000001 -0.1995169411390473
3.469999999999999 -0.2000054710400994
3.4800000000000004 -0.2006496275875842
3.4899999999999984 -0.2010145098261683
3.5 -0.2016897148857274
3.509999999999998 -0.2018574819574449
3.5199999999999996 -0.2023219246574634
3.530000000000001 -0.2025882452030406
3.539999999999999 -0.2028592526336134
3.5500000000000007 -0.2034112698526452
3.5599999999999987 -0.2037192355922517
3.5700000000000003 -0.2040449899685531
3.5799999999999983 -0.2045706625607898
3.59 -0.20484727688097
3.599999999999998 -0.2052728224791456
3.6099999999999994 -0.2056136523571417
3.620000000000001 -0.2059248999669678
3.629999999999999 -0.2063525326322092
3.6400000000000006 -0.2065845867566924
3.6499999999999986 -0.2069226280334621
3.66 -0.2073028903098956
3.669999999999998 -0.2073881794437255
3.6799999999999997 -0.2075839216069306
3.6899999999999977 -0.2077493783667388
3.6999999999999993 -0.2079143649980475
3.710000000000001 -0.208300327870272
3.719999999999999 -0.2084232056468291
3.7300000000000004 -0.2086604772372129
3.7399999999999984 -0.2089330790616722
3.75 -0.2089346229985046
3.759999999999998 -0.2089835814133097
3.7699999999999996 -0.2090258611895435
3.780000000000001 -0.2091362471559696
3.789999999999999 -0.2092793693596574
3.8000000000000007 -0.2093267305755312
3.8099999999999987 -0.2094596085754893
3.8200000000000003 -0.2095859033296448
3.8299999999999983 -0.2095901731613166
3.84 -0.2095640041148982
3.849999999999998 -0.2094589539842055
3.8599999999999994 -0.2095381348259349
3.870000000000001 -0.2093378225657732
3.879999999999999 -0.2092840600305989
3.8900000000000006 -0.2092460055587745
3.8999999999999986 -0.2090765913962547
3.91 -0.2090204622702642
3.919999999999998 -0.2087957235105572
3.9299999999999997 -0.2087062825161246
3.9399999999999977 -0.2085124047740143
3.9499999999999993 -0.2082740851129881
3.960000000000001 -0.208053778324552
3.969999999999999 -0.2078163623266814
3.9800000000000004 -0.2074324485764409
3.9899999999999984 -0.2071469329871895
4.0 -0.2069316759854576
4.009999999999998 -0.2065362848953462
4.02 -0.2061910953076779
4.030000000000001 -0.2058343483724097
4.039999999999999 -0.20548713840657
4.050000000000001 -0.2050831255201081
4.059999999999999 -0.2046994634648721
4.07 -0.2042164969856871
4.079999999999998 -0.2038440086007607
4.09 -0.2033992221846516
4.099999999999998 -0.2027080150059162
4.109999999999999 -0.2022693100635567
4.120000000000001 -0.2017709823613068
4.129999999999999 -0.2010447141323071
4.140000000000001 -0.2003989057119973
4.149999999999999 -0.1998753817982229
4.16 -0.1992711951683753
4.169999999999998 -0.1985179517119266
4.18 -0.1978708387210002
4.189999999999998 -0.1969894624355757
4.199999999999999 -0.196238551893872
4.210000000000001 -0.1955396811214925
4.219999999999999 -0.1946411506051399
4.23 -0.1937134167471007
4.239999999999998 -0.1929840438328087
4.25 -0.1919706039346216
4.259999999999998 -0.1909354838830022
4.27 -0.1899945922428711
4.280000000000001 -0.1891327482583052
4.289999999999999 -0.1880007885534603
4.300000000000001 -0.1870040604891695
4.309999999999999 -0.1858912508777969
4.32 -0.1847748204691977
4.329999999999998 -0.1836659383116367
4.34 -0.1824195502723435
4.349999999999998 -0.1812835072021791
4.359999999999999 -0.1800145880759812
4.370000000000001 -0.1787415872603057
4.379999999999999 -0.1774420927432037
4.390000000000001 -0.1761006180693213
4.399999999999999 -0.1746785804044904
4.41 -0.1734104606162923
4.419999999999998 -0.17192742046073
4.43 -0.1704372529018389
4.439999999999998 -0.1691001953764229
4.449999999999999 -0.1676466793672936
4.460000000000001 -0.1660132815212163
4.469999999999999 -0.1646978394257344
4.48 -0.162958924828852
4.489999999999998 -0.1616278333483486
4.5 -0.1599429535762239
4.509999999999998 -0.1584807471900496
4.52 -0.1569870934473667
4.530000000000001 -0.1555697591039215
4.539999999999999 -0.1539908109436195
4.550000000000001 -0.1526786145581662
4.559999999999999 -0.1512486355473571
4.57 -0.1500079430224521
4.579999999999998 -0.1487914075863728
4.59 -0.1476389905697424
4.599999999999998 -0.1463939392355581
4.609999999999999 -0.145409411719256
4.620000000000001 -0.1444235911363716
4.629999999999999 -0.1434530007513229
4.640000000000001 -0.1426987865260414
4.649999999999999 -0.141652314025883
4.66 -0.1407789191714139
4.669999999999998 -0.1396652806165897
4.68 -0.1388997262415773
4.689999999999998 -0.1379137425841725
4.699999999999999 -0.1370025456624598
4.710000000000001 -0.1360645407563762
4.719999999999999 -0.135100954638091
4.73 -0.1341874535655931
4.739999999999998 -0.1331741790784039
4.75 -0.132131663869917
4.759999999999998 -0.13101990942896
4.77 -0.1300005514392996
4.780000000000001 -0.128882175566868
4.789999999999999 -0.1277795505995448
4.800000000000001 -0.1265726812146591
4.809999999999999 -0.1254294330941358
4.82 -0.1243292945549342
4.829999999999998 -0.1230887467381953
4.84 -0.1218942897267724
4.849999999999998 -0.120765322784804
4.859999999999999 -0.1195852724739014
4.870000000000001 -0.1183906131764869
4.879999999999999 -0.1172049068077105
4.890000000000001 -0.1159276760389772
4.899999999999999 -0.1147705775532765
4.91 -0.1136427636133898
4.919999999999998 -0.1124456393016185
4.93 -0.1112095680853356
4.939999999999998 -0.1100327139352973
4.949999999999999 -0.1088405697281715
4.960000000000001 -0.1076483944111538
4.969999999999999 -0.1064861409932789
4.98 -0.1053989229490626
4.989999999999998 -0.1042555040037174
5.0 -0.1030431071820709
5.009999999999998 -0.1018434872259438
5.02 -0.1007545976759124
5.030000000000001 -0.099591317725186
5.039999999999999 -0.0985450023004193
5.050000000000001 -0.0974343945988482
5.059999999999999 -0.0963622355757913
5.07 -0.0953833696253801
5.079999999999998 -0.0942361042826574
5.09 -0.0930623895324178
5.099999999999998 -0.091969293110477
5.109999999999999 -0.0909049137058597
5.120000000000001 -0.0898601738334777
5.129999999999999 -0.088846970840888
5.140000000000001 -0.0878189494129454
5.149999999999999 -0.0868151693753813
5.16 -0.0857125586909816
5.169999999999998 -0.0847161885567009
5.18 -0.0837458107362445
5.189999999999998 -0.0826019677555548
5.199999999999999 -0.081705336383038
5.210000000000001 -0.0807220932279355
5.219999999999999 -0.0796773359330998
5.23 -0.0787376624616499
5.239999999999998 -0.0776989574545201
5.25 -0.0768483738948178
5.259999999999998 -0.0758956278949143
5.27 -0.0749332947822978
5.280000000000001 -0.0740176529224112
5.289999999999999 -0.0730975794646232
5.300000000000001 -0.0721352476921758
5.309999999999999 -0.0713425700187108
5.32 -0.0704533592821415
5.329999999999998 -0.0696308421724996
5.34 -0.0687008399345631
5.349999999999998 -0.0679301051915758
5.359999999999999 -0.0670655845046909
5.370000000000001 -0.0662404260641408
5.379999999999999 -0.0656228110403928
5.390000000000001 -0.0648522114713864
5.399999999999999 -0.0640725164849013
5.41 -0.0634365417164781
5.419999999999998 -0.0626297207444187
5.43 -0.0619389582209608
5.439999999999998 -0.0612258440342592
5.449999999999999 -0.0605330762195983
5.460000000000001 -0.0599187102062904
5.469999999999999 -0.05922013195481
5.48 -0.0586078423081488
5.489999999999998 -0.0579820303056909
5.5 -0.0573061455732679
5.509999999999998 -0.0568300986353409
5.52 -0.0563335461109286
5.530000000000001 -0.0557646019284628
5.539999999999999 -0.0551448143145837
5.550000000000001 -0.0546788321849756
5.559999999999999 -0.0542315998996855
5.57 -0.0536753088074173
5.579999999999998 -0.0531686390568434
5.59 -0.0530208233767875
5.599999999999998 -0.0524063776158536
5.609999999999999 -0.0518114724124116
5.620000000000001 -0.0512664263598752
5.629999999999999 -0.0508764337972968
5.640000000000001 -0.0517310155280539
5.649999999999999 -0.0513042091278569
5.66 -0.0510259925334161
5.669999999999998 -0.0505642325123591
5.68 -0.0501733423162485
5.689999999999998 -0.0497730989119876
5.699999999999999 -0.049550738163502
5.710000000000001 -0.049175081502976
5.719999999999999 -0.0490704797314007
5.73 -0.0486043392621865
5.739999999999998 -0.0482503926384079
5.75 -0.0480932543144724
5.759999999999998 -0.0478890518768193
5.77 -0.0476346905049544
5.780000000000001 -0.0474386924702226
5.789999999999999 -0.0472756571837411
5.800000000000001 -0.0469769917534344
5.809999999999999 -0.0468008837784587
5.82 -0.0466993907767631
5.829999999999998 -0.0464248424781958
5.84 -0.0461975052882876
5.849999999999998 -0.0461052509247398
5.859999999999999 -0.0460782449693551
5.870000000000001 -0.045972025773421
5.879999999999999 -0.0457718672490694
5.890000000000001 -0.0456083211648989
5.899999999999999 -0.0455462826213391
5.91 -0.0454748311708149
5.919999999999998 -0.0454644866530192
5.93 -0.045404106361226
5.939999999999998 -0.0454258005059757
5.949999999999999 -0.0453601858505044
5.960000000000001 -0.0452428099485328
5.969999999999999 -0.0452537416881838
5.98 -0.0453400096466948
5.989999999999998 -0.0453566935641198
6.0 -0.0453673756911699
6.009999999999998 -0.045394812611834
6.02 -0.0453150960046094
6.030000000000001 -0.0452805816602058
6.039999999999999 -0.0452739419515009
6.050000000000001 -0.0453372191531085
6.059999999999999 -0.0454850839429594
6.07 -0.0455151836154425
6.079999999999998 -0.0455932158935988
6.09 -0.0456033909842865
6.099999999999998 -0.0456533833501264
6.109999999999999 -0.0456740842925806
6.120000000000001 -0.0456955604028586
6.129999999999999 -0.0457622973356665
6.140000000000001 -0.0457947313199536
6.149999999999999 -0.0459735370441735
6.16 -0.0461571453759578
6.169999999999998 -0.0461937353902692
6.18 -0.0461867238862468
6.189999999999998 -0.0462590123791149
6.199999999999999 -0.0463021912617408
6.210000000000001 -0.0464511401787738
6.219999999999999 -0.0465226650051719
6.23 -0.046558008845331
6.239999999999998 -0.0467259718386364
6.25 -0.0469351117714032
6.259999999999998 -0.0469632993262759
6.27 -0.0470129006355485
6.280000000000001 -0.0469738501581385
6.289999999999999 -0.0470979308304376
6.300000000000001 -0.0470803001248291
6.309999999999999 -0.047150306502999
6.32 -0.0472779721983117
6.329999999999998 -0.0474893406026291
6.34 -0.0475756038355823
6.349999999999998 -0.0475987512650227
6.359999999999999 -0.0477838420859202
6.370000000000001 -0.0480501963345053
6.379999999999999 -0.0481096725621704
6.390000000000001 -0.0481963767918737
6.399999999999999 -0.0482761589925468
6.41 -0.0483506295359345
6.419999999999998 -0.0484544240852063
6.43 -0.0484093744207625
6.439999999999998 -0.0484997689536001
6.449999999999999 -0.0485906791660636
6.460000000000001 -0.0487043504649246
6.469999999999999 -0.0488720923433108
6.48 -0.0489608176433685
6.489999999999998 -0.0490502078687939
6.5 -0.0491690172258893
6.509999999999998 -0.0492300194766322
6.52 -0.0493850158921151
6.530000000000001 -0.0494350641001282
6.539999999999999 -0.0495253118826364
6.550000000000001 -0.0496349646053498
6.559999999999999 -0.0497695087769175
6.57 -0.0497583970849675
6.579999999999998 -0.0498677510516485
6.59 -0.0499653284396209
6.599999999999998 -0.0499273842678403
6.609999999999999 -0.0501427445657171
6.620000000000001 -0.0501532272743072
6.629999999999999 -0.050201384946323
6.640000000000001 -0.0502193238476351
6.649999999999999 -0.0503080756653588
6.66 -0.050330134032127
6.669999999999998 -0.050341489328287
6.68 -0.0504377036326169
6.689999999999998 -0.050509875051922
6.699999999999999 -0.0504160061565373
6.710000000000001 -0.0504268848273332
6.719999999999999 -0.0503920351750696
6.73 -0.0504644757915427
6.739999999999998 -0.050329181526845
6.75 -0.0504833732987732
6.759999999999998 -0.0504290538390945
6.77 -0.0504876769751505
6.780000000000001 -0.0506095557178618
6.789999999999999 -0.0506457130589209
6.800000000000001 -0.0498476150861469
6.809999999999999 -0.050117423261716
6.82 -0.0507954503461134
6.829999999999998 -0.0507288391812642
6.84 -0.0508389684350086
6.849999999999998 -0.0506377818597032
6.859999999999999 -0.0506448130805329
6.870000000000001 -0.0506132116347509
6.879999999999999 -0.0506600777766068
6.890000000000001 -0.0506787742714299
6.899999999999999 -0.050635031594558
6.91 -0.0506046366450855
6.919999999999998 -0.0507350402821747
6.93 -0.0498561272103152
6.939999999999998 -0.0496880300255353
6.949999999999999 -0.0495157186293702
6.960000000000001 -0.050531909251634
6.969999999999999 -0.0504491273747246
6.98 -0.0502904342133984
6.989999999999998 -0.0503931151523643
7.0 -0.0503315346611318
7.009999999999998 -0.050516391426864
7.02 -0.0505379542074726
7.030000000000001 -0.0503915903084449
7.039999999999999 -0.0497400598738819
7.050000000000001 -0.0504525416407767
7.059999999999999 -0.0502496914001762
7.07 -0.0495799673567759
7.079999999999998 -0.0502225096319532
7.09 -0.0503293737722247
7.099999999999998 -0.0504090771235309
7.109999999999999 -0.0503989155406631
7.120000000000001 -0.0502659078217773
7.129999999999999 -0.0502455619697883
7.140000000000001 -0.0502512466662474
7.149999999999999 -0.0502073343237298
7.16 -0.0501511765930278
7.169999999999998 -0.0500943468805044
7.18 -0.049940069133059
7.189999999999998 -0.0499221232918404
7.199999999999999 -0.0500972086103423
7.210000000000001 -0.0494575464238434
7.219999999999999 -0.0494235528809712
7.23 -0.0494269995511957
7.239999999999998 -0.0501251448190052
7.25 -0.0501813614260207
7.259999999999998 -0.0501767231730461
7.27 -0.0501414358229334
7.280000000000001 -0.0501118384540597
7.289999999999999 -0.0500460931846302
7.300000000000001 -0.0500342891667741
7.309999999999999 -0.0500819853086095
7.32 -0.0500647270179846
7.329999999999998 -0.0501383351500693
7.34 -0.0501610883377021
7.349999999999998 -0.0502169279467439
7.359999999999999 -0.0502609270740757
7.370000000000001 -0.0501924553787744
7.379999999999999 -0.0502179190343814
7.390000000000001 -0.0502784812734323
7.399999999999999 -0.0503205625073302
7.41 -0.0503434790017976
7.419999999999998 -0.050372600784136
7.43 -0.0503202187371544
7.439999999999998 -0.0504636133906068
7.449999999999999 -0.0504509989997737
7.460000000000001 -0.0504647922048779
7.469999999999999 -0.0505619435582627
7.48 -0.0505605220228947
7.489999999999998 -0.0506593824750992
7.5 -0.0506466470656827
7.509999999999998 -0.0507820932152084
7.52 -0.0509163844233512
7.530000000000001 -0.0509271503519735
7.539999999999999 -0.0511236839752977
7.550000000000001 -0.0512772912311021
7.559999999999999 -0.0512874538665076
7.57 -0.0512709248044029
7.579999999999998 -0.0516229578704408
7.59 -0.051491770071479
7.599999999999998 -0.051788633662219
7.609999999999999 -0.0518413909389429
7.620000000000001 -0.0517058707577754
7.629999999999999 -0.0517132878228355
7.640000000000001 -0.0517622566970549
7.649999999999999 -0.0518380458015719
7.66 -0.051936126177644
7.669999999999998 -0.0517202462369954
7.68 -0.0521559328328612
7.689999999999998 -0.0523261865246389
7.699999999999999 -0.052236009601972
7.710000000000001 -0.052425966477307
7.719999999999999 -0.052513504673593
7.73 -0.052323536655566
7.739999999999998 -0.0526926742885487
7.75 -0.0526451126345034
7.759999999999998 -0.0527701141564724
7.77 -0.0528979278859646
7.780000000000001 -0.0530025137945451
7.789999999999999 -0.0530532403706658
7.800000000000001 -0.0532119275608001
7.809999999999999 -0.0533419096235689
7.82 -0.0534062116628567
7.829999999999998 -0.0534824958602326
7.84 -0.0535201760242708
7.849999999999998 -0.0536662921620725
7.859999999999999 -0.0537273708694464
7.870000000000001 -0.0538214809890577
7.879999999999999 -0.0538710983762796
7.890000000000001 -0.0539067206435282
7.899999999999999 -0.0541244110458487
7.91 -0.0543401600936877
7.919999999999998 -0.0544934276302367
7.93 -0.0545559531515826
7.939999999999998 -0.0546576145120711
7.949999999999999 -0.0548927955769218
7.960000000000001 -0.0549398377591279
7.969999999999999 -0.0550512720091512
7.98 -0.0550251863863303
7.989999999999998 -0.0550084134282116
8.0 -0.0546932714961401
8.009999999999998 -0.0544856926827667
8.02 -0.0543698109558048
8.030000000000001 -0.0544747666734196
8.04 -0.0549156378739511
8.05 -0.0550699236652022
8.059999999999999 -0.0553110616445496
8.07 -0.0555110986421288
8.079999999999998 -0.0555956211168861
8.09 -0.0556697971097148
8.099999999999998 -0.0557929340135005
8.11 -0.0558988469065417
8.120000000000001 -0.0559282667411778
8.129999999999999 -0.0559896229883771
8.14 -0.0561283807358061
8.149999999999999 -0.0559213637357913
8.16 -0.0562510201029199
8.169999999999998 -0.0563350176666353
8.18 -0.0561098135209446
8.189999999999998 -0.0560562367356419
8.2 -0.0564272276152567
8.21 -0.0564446021015284
8.219999999999999 -0.0565214016592994
8.23 -0.0561599645270524
8.239999999999998 -0.0562338565764701
8.25 -0.0557185360294207
8.259999999999998 -0.0558250857839652
8.27 -0.0557819164775609
8.280000000000001 -0.055841296965776
8.29 -0.0563610399752409
8.3 -0.0560473081538584
8.309999999999999 -0.0560662038155857
8.32 -0.0566670581981629
8.329999999999998 -0.0564161876453671
8.34 -0.0568059812118483
8.349999999999998 -0.0567509478761656
8.36 -0.0569459944088321
8.370000000000001 -0.0573838408601382
8.379999999999999 -0.0573655197545743
8.39 -0.0571919019326189
8.399999999999999 -0.0574964645902575
8.41 -0.0571789487975986
8.419999999999998 -0.0575581572022769
8.43 -0.0574421832319145
8.439999999999998 -0.0575782568249189
8.45 -0.0575643497106813
8.46 -0.0574903222254123
8.469999999999999 -0.0575904624441161
8.48 -0.0575358074778903
8.489999999999998 -0.0574040360269625
8.5 -0.0574978190562331
8.509999999999998 -0.0575149920267759
8.52 -0.0576526073177204
8.530000000000001 -0.0575627067952974
8.54 -0.0575350148771064
8.55 -0.0575780507415224
8.559999999999999 -0.0575196578020972
8.57 -0.0574130044801999
8.579999999999998 -0.0574137181303299
8.59 -0.0574165372777303
8.599999999999998 -0.0574879522400931
8.61 -0.0574145123935797
8.620000000000001 -0.0573236263825241
8.629999999999999 -0.0572273955705982
8.64 -0.0573389433328492
8.649999999999999 -0.0573036193186155
8.66 -0.0571499016937716
8.669999999999998 -0.0572158503161051
8.68 -0.0572335253291579
8.689999999999998 -0.057248769382278
8.7 -0.0571575428407391
8.71 -0.0571107062108158
8.719999999999999 -0.057163523067682
8.73 -0.0570929276206008
8.739999999999998 -0.057090101813841
8.75 -0.0570625640703344
8.759999999999998 -0.0571073949502216
8.77 -0.0570242322981365
8.780000000000001 -0.0566288346407165
8.79 -0.0569972742055965
8.8 -0.0570114569025232
8.809999999999999 -0.0569370776846619
8.82 -0.0569277141099872
8.829999999999998 -0.0569357728322659
8.84 -0.0568651972648516
8.849999999999998 -0.0568494308790617
8.86 -0.0567358822631889
8.870000000000001 -0.0566481740584076
8.879999999999999 -0.0562166950808847
8.89 -0.0559077574620506
8.899999999999999 -0.0558892470816127
8.91 -0.0557557199543635
8.919999999999998 -0.0556291308312575
8.93 -0.0555398973705705
8.939999999999998 -0.0555308964553544
8.95 -0.0555913725211365
8.96 -0.0560532748733488
8.969999999999999 -0.056365066118852
8.98 -0.0562647176472754
8.989999999999998 -0.0563274574754874
9.0 -0.0561467949346431
9.009999999999998 -0.0561201569106544
9.02 -0.0561188151196671
9.030000000000001 -0.0561222184064982
9.04 -0.0560718718768621
9.05 -0.0560282543856593
9.059999999999999 -0.0553794404341422
9.07 -0.055441188339
9.079999999999998 -0.0553983801373354
9.09 -0.0552011871308844
9.099999999999998 -0.0559245611078394
9.11 -0.0557646318993349
9.120000000000001 -0.0558241960707117
9.129999999999999 -0.0556504320013825
9.14 -0.0555952482696094
9.149999999999999 -0.0555618796885827
9.16 -0.0553297499094346
9.169999999999998 -0.0551646371453896
9.18 -0.0550453737970754
9.189999999999998 -0.0550679957350537
9.2 -0.0551702256570765
9.21 -0.055460761813523
9.219999999999999 -0.05524364845772
9.23 -0.0550271761249444
9.239999999999998 -0.0549739718164583
9.25 -0.0551327650438199
9.259999999999998 -0.0551506421127904
9.27 -0.0554233569512848
9.280000000000001 -0.055384814401406
9.29 -0.0550635962593215
9.3 -0.0551230064976456
9.309999999999999 -0.0549242121483444
9.32 -0.0549504592049088
9.329999999999998 -0.054974034226345
9.34 -0.0545225533298706
9.349999999999998 -0.0543051885137477
9.36 -0.0545095001949435
9.370000000000001 -0.0542894908223463
9.379999999999999 -0.0541601992189138
9.39 -0.0542323709407022
9.399999999999999 -0.0538980750996731
9.41 -0.0544190291792822
9.419999999999998 -0.0543403798082019
9.43 -0.0543072005644851
9.439999999999998 -0.0542500254612815
9.45 -0.0539005021900129
9.46 -0.0538721416104071
9.469999999999999 -0.0540701971510192
9.48 -0.0539818671849034
9.489999999999998 -0.0540252757306256
9.5 -0.0536714801367379
9.509999999999998 -0.0537039547662588
9.52 -0.0539423074108897
9.530000000000001 -0.0537658637088556
9.54 -0.0538594403370323
9.55 -0.0538772327312692
9.559999999999999 -0.0534193056629286
9.57 -0.053231516287687
9.579999999999998 -0.0537312163713697
9.59 -0.0537306576233424
9.599999999999998 -0.0537905721867796
