%x y
0.0 0.0646910935171752
0.009999999999999787 0.0668686573116465
0.019999999999999574 0.0668229253467398
0.02999999999999936 0.0675488327190226
0.040000000000000924 0.0665390725171256
0.05000000000000071 0.0633236481654342
0.0600000000000005 0.0620438954015199
0.07000000000000028 0.0617088551264074
0.08000000000000007 0.0643716843883489
0.08999999999999986 0.0635776503773438
0.09999999999999964 0.0616451066996535
0.10999999999999943 0.0620652739457662
0.120000000000001 0.0587040406634356
0.13000000000000078 0.0578064948462128
0.14000000000000057 0.059305927367596
0.15000000000000036 0.0596806695560319
0.16000000000000014 0.0598172596910389
0.16999999999999993 0.0611550789096476
0.17999999999999972 0.0597676321030156
0.1899999999999995 0.0586530948261522
0.1999999999999993 0.0555512832149319
0.21000000000000085 0.0556667138453109
0.22000000000000064 0.0593136809528484
0.23000000000000043 0.0592030356269176
0.2400000000000002 0.0573721520641773
0.25 0.0579366155707861
0.2599999999999998 0.0573378790352669
0.2699999999999996 0.0550977220422087
0.27999999999999936 0.0560725543101295
0.2900000000000009 0.0574648260476994
0.3000000000000007 0.0540931088823296
0.3100000000000005 0.0561102521910251
0.3200000000000003 0.0538820756806809
0.33000000000000007 0.0532444094909398
0.33999999999999986 0.0507464829102535
0.34999999999999964 0.0553243846175513
0.35999999999999943 0.0565091878573972
0.370000000000001 0.0546782325309347
0.3800000000000008 0.0538124770309503
0.39000000000000057 0.0514191805511179
0.40000000000000036 0.0507852887704733
0.41000000000000014 0.0547931929830205
0.41999999999999993 0.0562309655080932
0.4299999999999997 0.0535016330519638
0.4399999999999995 0.0544043488965701
0.4499999999999993 0.0534536915700222
0.46000000000000085 0.0546730361730388
0.47000000000000064 0.0528633077782938
0.4800000000000004 0.0530758580035884
0.4900000000000002 0.0566794598720967
0.5 0.0551952105341334
0.5099999999999998 0.0529022825596509
0.5199999999999996 0.052624281601968
0.5299999999999994 0.0523810529627156
0.5400000000000009 0.0552182964771342
0.5500000000000007 0.0554590937266404
0.5600000000000005 0.0570254487409931
0.5700000000000003 0.0539861748680973
0.5800000000000001 0.0523177912413492
0.5899999999999999 0.053568841772797
0.5999999999999996 0.0536150921220612
0.6099999999999994 0.0556263495459055
0.620000000000001 0.0552250006570258
0.6300000000000008 0.0548874681950225
0.6400000000000006 0.0538640828080552
0.6500000000000004 0.0531057649154501
0.6600000000000001 0.0529693231481448
0.6699999999999999 0.0543395630658439
0.6799999999999997 0.0558188351365071
0.6899999999999995 0.056218865009468
0.6999999999999993 0.0535083763869349
0.7100000000000009 0.0531439210113298
0.7200000000000006 0.0528585955045226
0.7300000000000004 0.0519400711886219
0.7400000000000002 0.0561850881400242
0.75 0.0562008100755926
0.7599999999999998 0.056300748989837
0.7699999999999996 0.05524203992341
0.7799999999999994 0.0530702241630813
0.7900000000000009 0.0539290272379113
0.8000000000000007 0.0526854648623428
0.8100000000000005 0.0560770761291367
0.8200000000000003 0.0578174342718103
0.8300000000000001 0.0556884342078802
0.8399999999999999 0.0541420175115989
0.8499999999999996 0.0542620942032298
0.8599999999999994 0.052619721190575
0.870000000000001 0.0567873549814347
0.8800000000000008 0.0542686695458541
0.8900000000000006 0.054855344229183
0.9000000000000004 0.0567421982611487
0.9100000000000001 0.0555940266487362
0.9199999999999999 0.0564382346383989
0.9299999999999997 0.0558080491522998
0.9399999999999995 0.0554993260692296
0.9499999999999993 0.0552076065928991
0.9600000000000009 0.058965150259447
0.9700000000000006 0.0581721208935467
0.9800000000000004 0.0570249230008914
0.9900000000000002 0.0580278167849604
1.0 0.0571869423722567
1.0099999999999998 0.0612953062086017
1.0199999999999996 0.0608631935275932
1.0299999999999994 0.0605001885708949
1.040000000000001 0.0577353515326017
1.0500000000000007 0.0577701450510442
1.0600000000000005 0.0594522353163037
1.0700000000000003 0.0605459523654481
1.08 0.0589202754301735
1.0899999999999999 0.0612377760701122
1.0999999999999996 0.060611615284227
1.1099999999999994 0.0605749028997891
1.120000000000001 0.0597672210261076
1.1300000000000008 0.0597496516596135
1.1400000000000006 0.0611058943813642
1.1500000000000004 0.0615169256104314
1.1600000000000001 0.0623783480982771
1.17 0.0602521846103152
1.1799999999999997 0.0597164711255707
1.1899999999999995 0.0640690168072156
1.1999999999999993 0.0648083274870442
1.2100000000000009 0.059302749545991
1.2200000000000006 0.06047275138416
1.2300000000000004 0.0604734949407729
1.2400000000000002 0.0606598878028823
1.25 0.064136720181706
1.2599999999999998 0.0639103765326438
1.2699999999999996 0.0639252449445731
1.2799999999999994 0.0613492861383085
1.290000000000001 0.0615015131360838
1.3000000000000007 0.0609976968024324
1.3100000000000005 0.0654657626793501
1.3200000000000003 0.0633954446621449
1.33 0.0641434110931668
1.3399999999999999 0.0679035501590169
1.3499999999999996 0.0661738892677457
1.3599999999999994 0.0503779626014276
1.370000000000001 0.0670298597494115
1.3800000000000008 0.06762989243645
1.3900000000000006 0.0674401370664563
1.4000000000000004 0.0704378206472893
1.4100000000000001 0.0693488467966377
1.42 0.0678130870258328
1.4299999999999997 0.0586458837911845
1.4399999999999995 0.0697396580847933
1.4499999999999993 0.0708578463706797
1.4600000000000009 0.070662251255846
1.4700000000000006 0.0751789007097404
1.4800000000000004 0.0754775574484833
1.4900000000000002 0.0735856141331009
1.5 0.0722119653362828
1.5099999999999998 0.0716560136897802
1.5199999999999996 0.0745855658821705
1.5299999999999994 0.0739081272244492
1.540000000000001 0.0768580440661872
1.5500000000000007 0.0809344371799619
1.5600000000000005 0.0799745147061525
1.5700000000000003 0.0774144740323919
1.58 0.0777757032802674
1.5899999999999999 0.0788403183426146
1.5999999999999996 0.0800191959888617
1.6099999999999994 0.0800590993313908
1.620000000000001 0.0849461193929167
1.6300000000000008 0.0841677492127131
1.6400000000000006 0.084104460755319
1.6500000000000004 0.0846963396839908
1.6600000000000001 0.0826480706874608
1.67 0.0822211209974577
1.6799999999999997 0.0835292186283479
1.6899999999999995 0.0847056449971308
1.6999999999999993 0.0858250905986279
1.7100000000000009 0.08661148792289
1.7200000000000006 0.087188221699972
1.7300000000000004 0.0872196987643033
1.7400000000000002 0.0908877380639253
1.75 0.0913745951785917
1.7599999999999998 0.0918803248914253
1.7699999999999996 0.092692910899163
1.7799999999999994 0.0933029194993003
1.790000000000001 0.089328479828026
1.8000000000000007 0.0901360055717542
1.8100000000000005 0.0897806361693275
1.8200000000000003 0.0903399783242762
1.83 0.0899184730788637
1.8399999999999999 0.095957453192224
1.8499999999999996 0.0928113475660652
1.8599999999999994 0.0933361052918062
1.870000000000001 0.0928356245890398
1.8800000000000008 0.0963049547553144
1.8900000000000006 0.0959479312807775
1.9000000000000004 0.0961593983475008
1.9100000000000001 0.0954062308920661
1.92 0.098334880860956
1.9299999999999997 0.0954355845003458
1.9399999999999995 0.0950051406324612
1.9499999999999993 0.0939569184294008
1.9600000000000009 0.0945530973992531
1.9700000000000006 0.0942380276502999
1.9800000000000004 0.0937776995963642
1.9900000000000002 0.0950681845282843
2.0 0.0993866711023854
2.01 0.0990437267228031
2.0199999999999996 0.0988506468982093
2.0299999999999994 0.0981705491830259
2.040000000000001 0.0981021881129109
2.0500000000000007 0.0985719215988291
2.0600000000000005 0.0988587164993003
2.0700000000000003 0.0989485689425905
2.08 0.0996668920549182
2.09 0.0963130783021257
2.0999999999999996 0.0941498647058321
2.1099999999999994 0.0930000265801612
2.120000000000001 0.0925729805174286
2.130000000000001 0.0906940201621203
2.1400000000000006 0.0894595253333313
2.1500000000000004 0.0918310287112708
2.16 0.0896839811790493
2.17 0.0868130190992311
2.1799999999999997 0.0834781884221441
2.1899999999999995 0.0775055337547347
2.1999999999999993 0.0740372740847109
2.210000000000001 0.066358204181194
2.2200000000000006 0.050665567201485
2.2300000000000004 0.0407222880495565
2.24 0.02138972965854
2.25 0.0109616959924479
2.26 -0.0122377736567787
2.2699999999999996 -0.0232515206914171
2.2799999999999994 -0.0425174238727073
2.290000000000001 -0.0586173553797364
2.3000000000000007 -0.0748566344893606
2.3100000000000005 -0.0920409405124752
2.3200000000000003 -0.1118880340388634
2.33 -0.1236091162143592
2.34 -0.1385545047949224
2.3499999999999996 -0.15328198370173
2.3599999999999994 -0.1681795688669153
2.370000000000001 -0.186496807229732
2.380000000000001 -0.1963380795890548
2.3900000000000006 -0.2101758623360761
2.4000000000000004 -0.2224286175859327
2.41 -0.2365022800537258
2.42 -0.2488719975139485
2.4299999999999997 -0.2627385601782915
2.4399999999999995 -0.2721915442057673
2.4499999999999993 -0.2833912799118334
2.460000000000001 -0.293823038478115
2.4700000000000006 -0.3049188126412208
2.4800000000000004 -0.3149866084088493
2.49 -0.3248896264494074
2.5 -0.3349881916299495
2.51 -0.3449580798496252
2.5199999999999996 -0.3538222353772831
2.5299999999999994 -0.3636783714637711
2.540000000000001 -0.3725444149617357
2.5500000000000007 -0.3812796389295894
2.5600000000000005 -0.3903639535780913
2.5700000000000003 -0.3996469249017055
2.58 -0.4086824672422442
2.59 -0.4179628918904386
2.5999999999999996 -0.4265874238014239
2.6099999999999994 -0.4365828772381304
2.620000000000001 -0.4526984272901845
2.630000000000001 -0.4617419917374493
2.6400000000000006 -0.4724233595389316
2.6500000000000004 -0.4798493855771977
2.66 -0.4882341196806437
2.67 -0.4957676009716724
2.6799999999999997 -0.5029005036287786
2.6899999999999995 -0.5095985179671306
2.6999999999999993 -0.5167155073990077
2.710000000000001 -0.5228218894553399
2.7200000000000006 -0.5282391981094892
2.7300000000000004 -0.5336330818327556
2.74 -0.5389381993491272
2.75 -0.5444366690876523
2.76 -0.5480609025531832
2.7699999999999996 -0.5531563395942922
2.7799999999999994 -0.5577058342710354
2.790000000000001 -0.5625205099415843
2.8000000000000007 -0.5672354207052303
2.8100000000000005 -0.5712763832090683
2.8200000000000003 -0.5754119665262704
2.83 -0.5795926784808246
2.84 -0.583287216383326
2.8499999999999996 -0.5884615091159965
2.8599999999999994 -0.5918856849207051
2.870000000000001 -0.5945728658138131
2.880000000000001 -0.5974689262418945
2.8900000000000006 -0.6006866316436291
2.9000000000000004 -0.60358675421686
2.91 -0.6063402928496532
2.92 -0.6091808972380597
2.9299999999999997 -0.6117626163250183
2.9399999999999995 -0.6145209628468751
2.9499999999999993 -0.6169343827869592
2.960000000000001 -0.6193725090996852
2.9700000000000006 -0.6216531273211067
2.9800000000000004 -0.6242244110845975
2.99 -0.6253335842346582
3.0 -0.6275878401515914
3.01 -0.6315433749441441
3.0199999999999996 -0.6337516883082216
3.0299999999999994 -0.6357060144876369
3.040000000000001 -0.6370203649813849
3.0500000000000007 -0.6391518562417183
3.0600000000000005 -0.6410121927816481
3.0700000000000003 -0.6430635097196654
3.08 -0.6449785315562012
3.09 -0.646741137061732
3.0999999999999996 -0.6485330687472579
3.1099999999999994 -0.6502553478687131
3.120000000000001 -0.6519790402452937
3.130000000000001 -0.6534862966086055
3.1400000000000006 -0.6551662492340994
3.1500000000000004 -0.656852945830588
3.16 -0.6580801289853663
3.17 -0.6593071901018365
3.1799999999999997 -0.6607266705755268
3.1899999999999995 -0.6621538898781507
3.1999999999999993 -0.6643742867218146
3.210000000000001 -0.6659593271290766
3.2200000000000006 -0.6673454515320246
3.2300000000000004 -0.6692429954672319
3.24 -0.6702952284572412
3.25 -0.6719373180686455
3.26 -0.6730739271648121
3.2699999999999996 -0.6744100138266707
3.2799999999999994 -0.6759206896443855
3.290000000000001 -0.6773396804979979
3.3000000000000007 -0.6786220864864873
3.3100000000000005 -0.6799690033241744
3.3200000000000003 -0.6811360751934691
3.33 -0.6825131600883292
3.34 -0.6836830716123132
3.3499999999999996 -0.68494707208474
3.3599999999999994 -0.6861677328796575
3.370000000000001 -0.6828103896599601
3.380000000000001 -0.6840535432781051
3.3900000000000006 -0.6852516028352575
3.4000000000000004 -0.6863883683140288
3.41 -0.6877093790824286
3.42 -0.6888028773685972
3.4299999999999997 -0.6899243191218715
3.4399999999999995 -0.6910775619106955
3.4499999999999993 -0.6921559054983987
3.460000000000001 -0.6932253985746052
3.4700000000000006 -0.6941999589807976
3.4800000000000004 -0.6951753774660383
3.49 -0.6962620442145068
3.5 -0.6973440531531738
3.51 -0.6982025142198006
3.5199999999999996 -0.6990958846441027
3.5299999999999994 -0.7001000373233487
3.540000000000001 -0.7010957335376392
3.5500000000000007 -0.7020603850683123
3.5600000000000005 -0.7029927803400027
3.5700000000000003 -0.7037468395979588
3.58 -0.7082649504256384
3.59 -0.7091497022513101
3.5999999999999996 -0.7099110786090704
3.6099999999999994 -0.7107343734763572
3.620000000000001 -0.7113723413963896
3.630000000000001 -0.7122136992334831
3.6400000000000006 -0.7129372184343077
3.6500000000000004 -0.7137293923321864
3.66 -0.7143188747765389
3.67 -0.7151203317622199
3.6799999999999997 -0.7157993632264096
3.6899999999999995 -0.716487883510477
3.6999999999999993 -0.7172674222111985
3.710000000000001 -0.7178592034578754
3.7200000000000006 -0.7186117098664898
3.7300000000000004 -0.7192893055311402
3.74 -0.7199782909416569
3.75 -0.7206625373256328
3.76 -0.7212185740511409
3.7699999999999996 -0.7218290896829431
3.7799999999999994 -0.7224108071995866
3.790000000000001 -0.7229910749027981
3.8000000000000007 -0.7236068319520277
3.8100000000000005 -0.7241212304716611
3.8200000000000003 -0.7247021760264618
3.83 -0.7252578268452173
3.84 -0.7257266799506712
3.8499999999999996 -0.7262384346659461
3.8599999999999994 -0.7267630350752466
3.870000000000001 -0.7272684016063111
3.880000000000001 -0.7276850170229866
3.8900000000000006 -0.72810526103621
3.9000000000000004 -0.7258958451810099
3.91 -0.7264080826882776
3.92 -0.7267938037739151
3.9299999999999997 -0.7272924447130759
3.9399999999999995 -0.7275748077553246
3.9499999999999993 -0.7279862191218153
3.960000000000001 -0.7283723078139217
3.9700000000000006 -0.7286695946718039
3.9800000000000004 -0.7289852458886799
3.99 -0.7292832487774201
4.0 -0.7295471567420502
4.01 -0.7298022756421485
4.02 -0.7300748483912638
4.029999999999999 -0.7304168796957748
4.040000000000001 -0.7305586106474974
4.050000000000001 -0.7307888175744406
4.0600000000000005 -0.7309789994617644
4.07 -0.7311731597119243
4.08 -0.7314221310663536
4.09 -0.7314600454637576
4.1 -0.731726108487131
4.109999999999999 -0.7317606806991429
4.120000000000001 -0.7318901423013529
4.130000000000001 -0.7320257386215717
4.140000000000001 -0.7321097267829129
4.15 -0.7321496539668229
4.16 -0.7323085540036256
4.17 -0.7324344964529641
4.18 -0.7324322849951338
4.1899999999999995 -0.7325944149419562
4.199999999999999 -0.7325999622757853
4.210000000000001 -0.7326097555519824
4.220000000000001 -0.7327120158654808
4.23 -0.7326212269028853
4.24 -0.7327028506655274
4.25 -0.7325567220064313
4.26 -0.7324806425063894
4.27 -0.7324564735492164
4.279999999999999 -0.7324453219652406
4.290000000000001 -0.7322960691943831
4.300000000000001 -0.732343858520831
4.3100000000000005 -0.7322537550146075
4.32 -0.7317867732232786
4.33 -0.7317032053061439
4.34 -0.731581752732934
4.35 -0.7315293588475754
4.359999999999999 -0.7314279190661228
4.370000000000001 -0.7313730892138203
4.380000000000001 -0.7312389389810974
4.390000000000001 -0.7310994747903232
4.4 -0.7309639392078752
4.41 -0.7308690863031924
4.42 -0.73065322128441
4.43 -0.7308238382144427
4.4399999999999995 -0.7306060847259965
4.449999999999999 -0.730219194437795
4.460000000000001 -0.729902728832367
4.470000000000001 -0.7295381556254344
4.48 -0.7290783534172651
4.49 -0.7286068577243279
4.5 -0.7281615100022013
4.51 -0.7276205713602097
4.52 -0.7270765662351413
4.529999999999999 -0.7264641789644288
4.540000000000001 -0.7257740169867134
4.550000000000001 -0.725048340339026
4.5600000000000005 -0.7242169895895411
4.57 -0.7232964194258684
4.58 -0.7222434673092157
4.59 -0.7212427683098983
4.6 -0.7201940645055287
4.609999999999999 -0.7190424785819385
4.620000000000001 -0.717875311429267
4.630000000000001 -0.7166425888021043
4.640000000000001 -0.7154708387212988
4.65 -0.71417791141265
4.66 -0.7127886124683912
4.67 -0.7114093533871618
4.68 -0.7100168982514251
4.6899999999999995 -0.7084936238308918
4.699999999999999 -0.7070193604968087
4.710000000000001 -0.7054673394604578
4.720000000000001 -0.7038448428412234
4.73 -0.7021527857007811
4.74 -0.7005190150522148
4.75 -0.6988518162112228
4.76 -0.6968824956371419
4.77 -0.6953126824125669
4.779999999999999 -0.6937464589866572
4.790000000000001 nan
4.800000000000001 nan
4.8100000000000005 nan
4.82 nan
4.83 nan
4.84 nan
4.85 nan
4.859999999999999 nan
4.870000000000001 nan
4.880000000000001 nan
4.890000000000001 nan
4.9 nan
4.91 nan
4.92 nan
4.93 nan
4.9399999999999995 nan
4.949999999999999 nan
4.960000000000001 nan
4.970000000000001 nan
4.98 nan
4.99 nan
5.0 nan
5.01 nan
5.02 nan
5.029999999999999 nan
5.040000000000001 nan
5.050000000000001 nan
5.0600000000000005 nan
5.07 nan
5.08 nan
5.09 nan
5.1 nan
5.109999999999999 nan
5.120000000000001 nan
5.130000000000001 -0.6461884798962303
5.140000000000001 -0.6452680346884628
5.15 -0.644287227819881
5.16 -0.643256074356981
5.17 -0.6422984881600331
5.18 -0.6412042265728365
5.1899999999999995 -0.6403002231986613
5.199999999999999 nan
5.210000000000001 nan
5.220000000000001 nan
5.23 nan
5.24 nan
5.25 nan
5.26 nan
5.27 nan
5.279999999999999 nan
5.290000000000001 nan
5.300000000000001 nan
5.3100000000000005 nan
5.32 nan
5.33 nan
5.34 nan
5.35 nan
5.359999999999999 nan
5.370000000000001 nan
5.380000000000001 nan
5.390000000000001 nan
5.4 nan
5.41 nan
5.420000000000002 nan
5.43 nan
5.440000000000001 nan
5.449999999999999 nan
5.460000000000001 nan
5.469999999999999 nan
5.48 nan
5.489999999999998 nan
5.5 nan
5.510000000000002 nan
5.52 nan
5.530000000000001 nan
5.539999999999999 nan
5.550000000000001 nan
5.559999999999999 nan
5.57 nan
5.580000000000002 nan
5.59 nan
5.600000000000001 nan
5.609999999999999 nan
5.620000000000001 nan
5.629999999999999 nan
5.640000000000001 nan
5.649999999999999 nan
5.66 nan
5.670000000000002 nan
5.68 nan
5.690000000000001 nan
5.699999999999999 nan
5.710000000000001 nan
5.719999999999999 nan
5.73 nan
5.739999999999998 nan
5.75 nan
5.760000000000002 nan
5.77 nan
5.780000000000001 nan
5.789999999999999 nan
5.800000000000001 nan
5.809999999999999 nan
5.82 nan
5.830000000000002 -0.5709735033840023
5.84 -0.5698363464823877
5.850000000000001 -0.5685330555898974
5.859999999999999 -0.5673719812221207
5.870000000000001 -0.5661900289386606
5.879999999999999 -0.5649253840741458
5.890000000000001 -0.5636410011713417
5.899999999999999 -0.5623743510246448
5.91 -0.5611747717256087
5.920000000000002 -0.5598786065876193
5.93 -0.5587075641027361
5.940000000000001 -0.5575138786955535
5.949999999999999 -0.556256084053529
5.960000000000001 -0.5550269539553938
5.969999999999999 -0.5537497310168921
5.98 -0.5525017731822132
5.989999999999998 -0.5513195196268036
6.0 -0.5500588518050205
6.010000000000002 -0.5488484713623951
6.02 -0.5475803799092875
6.030000000000001 -0.5463152710714765
6.039999999999999 -0.5450268865403638
6.050000000000001 -0.5438858259579591
6.059999999999999 -0.542575754950165
6.07 -0.5412894204234654
6.080000000000002 nan
6.09 -0.5387987588398805
6.100000000000001 -0.5375313464387468
6.109999999999999 -0.5362554542315423
6.120000000000001 -0.5350123965224176
6.129999999999999 -0.5338095125349015
6.140000000000001 -0.532594199684151
6.149999999999999 -0.5312646372013314
6.16 -0.5300224814132903
6.170000000000002 -0.5287973777342013
6.18 -0.5275301106071415
6.190000000000001 -0.5263401355451331
6.199999999999999 -0.5248662045380912
6.210000000000001 -0.5236297052162241
6.219999999999999 -0.5223676371145477
6.23 -0.52110047522807
6.239999999999998 -0.5197410190765724
6.25 -0.5184663593858955
6.260000000000002 -0.5172344802661184
6.27 -0.5159008607252653
6.280000000000001 -0.5145933993654104
6.289999999999999 -0.513267054527729
6.300000000000001 -0.5118739345626337
6.309999999999999 -0.5105904283302675
6.32 -0.509142673248752
6.330000000000002 -0.5078758631541819
6.34 -0.5064797448763532
6.350000000000001 -0.5051605761789278
6.359999999999999 -0.503765559476902
6.370000000000001 -0.502337305498575
6.379999999999999 -0.5009354105294028
6.390000000000001 -0.4995160195723342
6.399999999999999 -0.4981313164947734
6.41 -0.4968144139823533
6.420000000000002 -0.4954020146450485
6.43 -0.4940089604460611
6.440000000000001 -0.4925766004838667
6.449999999999999 -0.4911527821863334
6.460000000000001 -0.4897462202995335
6.469999999999999 -0.4882804358015636
6.48 -0.4868507837104774
6.489999999999998 -0.4854518296182502
6.5 -0.4839692554681345
6.510000000000002 -0.4825896762797237
6.52 -0.4811482061625121
6.530000000000001 -0.479644707525816
6.539999999999999 -0.4782293429801208
6.550000000000001 -0.4767367799317734
6.559999999999999 -0.4753881055125665
6.57 -0.4738685571753771
6.580000000000002 -0.4723776270173598
6.59 -0.470759596395482
6.600000000000001 -0.4693104058069856
6.609999999999999 -0.4681860908657848
6.620000000000001 -0.4663920723297657
6.629999999999999 -0.4648720836933727
6.640000000000001 -0.4634290624719039
6.649999999999999 -0.4618521662940032
6.66 -0.4604555443895486
6.670000000000002 -0.4589375076027535
6.68 -0.4574625600352117
6.690000000000001 -0.4559125267702009
6.699999999999999 -0.454347984160583
6.710000000000001 -0.4529331882319489
6.719999999999999 -0.451276813360277
6.73 -0.4498650532938316
6.739999999999998 -0.4483282863135748
6.75 -0.4468238521525625
6.760000000000002 -0.4452860498475195
6.77 -0.4438209740149233
6.780000000000001 -0.4421868324798214
6.789999999999999 -0.4407807118478826
6.800000000000001 -0.4391791548950768
6.809999999999999 -0.4377600987817223
6.82 -0.4361807712646179
6.830000000000002 -0.43468725957195
6.84 -0.4334514513296779
6.850000000000001 -0.4319928094208825
6.859999999999999 -0.4305446245876487
6.870000000000001 -0.428945975896966
6.879999999999999 -0.4289031811083358
6.890000000000001 -0.4273241637371112
6.899999999999999 -0.4258434145602174
6.91 -0.4244159657640046
6.920000000000002 -0.4228764840100318
6.93 -0.4214099074273728
6.940000000000001 -0.4198982603866825
6.949999999999999 -0.4184844539776319
6.960000000000001 -0.4170460968353185
6.969999999999999 -0.415559140066919
6.98 -0.4140773774865254
6.989999999999998 -0.4125928995336857
7.0 -0.4112353491689956
7.010000000000002 -0.4097681587056254
7.02 -0.4083173546395358
7.030000000000001 -0.4068741647820579
7.039999999999999 -0.4053815768884595
7.050000000000001 -0.4040069992753363
7.059999999999999 -0.4024568932625773
7.07 -0.4011067946162157
7.080000000000002 -0.3995494194669673
7.09 -0.3982048339262096
7.100000000000001 -0.3967040647390341
7.109999999999999 -0.3952229767192402
7.120000000000001 -0.3938445801803529
7.129999999999999 -0.3923112834147425
7.140000000000001 -0.3909291670175593
7.149999999999999 -0.3895214301733343
7.16 -0.3881124009457916
7.170000000000002 -0.3865376808144872
7.18 -0.3851234711550976
7.190000000000001 -0.3836433371399415
7.199999999999999 -0.3821865041578424
7.210000000000001 -0.3807616467675296
7.219999999999999 -0.37935342701287
7.23 -0.3779246839215953
7.239999999999998 -0.3764000428977245
7.25 -0.3749467228462368
7.260000000000002 -0.37360813986724
7.27 -0.3721060357742358
7.280000000000001 -0.3706204912618467
7.289999999999999 -0.3692156911442905
7.300000000000001 -0.3677277533708779
7.309999999999999 -0.3663135161396646
7.32 -0.3647839783209722
7.330000000000002 -0.3633932500386699
7.34 -0.3619568819106569
7.350000000000001 -0.3605202876849325
7.359999999999999 -0.3591408998575638
7.370000000000001 -0.3577603582260089
7.379999999999999 -0.3563374506815319
7.390000000000001 -0.3548673436073906
7.399999999999999 -0.3534310974342403
7.41 -0.3520797028571737
7.420000000000002 -0.3506480726809401
7.43 -0.349192294556201
7.440000000000001 -0.3478913047371727
7.449999999999999 -0.346460375148057
7.460000000000001 -0.3450180210404939
7.469999999999999 -0.3436463042777358
7.48 -0.3422965047607945
7.489999999999998 -0.3408898079378074
7.5 -0.3395082673510678
7.510000000000002 -0.3381562858221861
7.52 -0.3369065029275486
7.530000000000001 -0.3354820681059615
7.539999999999999 -0.3341517532918122
7.550000000000001 -0.3328430820885222
7.559999999999999 -0.3314793757403346
7.57 -0.3301944761159084
7.580000000000002 -0.3289426314175796
7.59 -0.3275573514580552
7.600000000000001 -0.3262347258176651
7.609999999999999 -0.3250317240809438
7.620000000000001 -0.3236622522212418
7.629999999999999 -0.322452456256135
7.640000000000001 -0.3211755750368331
7.649999999999999 -0.3199157442106178
7.66 -0.3185800487656378
7.670000000000002 -0.3173817639864351
7.68 -0.3162221984044815
7.690000000000001 -0.3149656029158167
7.699999999999999 -0.3137729324600007
7.710000000000001 -0.3124816469380457
7.719999999999999 -0.3112939133095114
7.73 -0.3101736751395204
7.739999999999998 -0.3089525167293561
7.75 -0.3077604561975456
7.760000000000002 -0.3065765239226239
7.77 -0.3053960519055042
7.780000000000001 -0.3042276480825488
7.789999999999999 -0.3030006765981412
7.800000000000001 -0.3018145687102562
7.809999999999999 -0.3006392645179861
7.82 -0.2994294664745
7.830000000000002 -0.2983140273799204
7.84 -0.2971814483491282
7.850000000000001 -0.2960447971692764
7.859999999999999 -0.2949085319792005
7.870000000000001 -0.2938159619379901
7.879999999999999 -0.2927148543575973
7.890000000000001 -0.2915316396944127
7.899999999999999 -0.2904623453165001
7.91 -0.289341472926779
7.920000000000002 -0.2883032481787538
7.93 -0.2871204110250839
7.940000000000001 -0.2860895334781146
7.949999999999999 -0.2848680865611166
7.960000000000001 -0.2839050765692807
7.969999999999999 -0.2826946078960543
7.98 -0.2817230196895305
7.989999999999998 -0.2803248057442464
8.0 -0.2794146520094263
8.010000000000002 -0.2782313390395586
8.02 -0.2772101233436441
8.030000000000001 -0.2761221228031909
8.04 -0.2750873875801773
8.05 -0.2741142587944501
8.059999999999999 -0.2729564387735307
8.07 -0.2719600839646801
8.080000000000002 -0.2709462348935389
8.09 -0.2698407598976994
8.100000000000001 -0.2688730245715096
8.11 -0.2679318749753303
8.120000000000001 -0.2668855235453729
8.129999999999999 -0.2658322949632699
8.14 -0.2648510885983617
8.149999999999999 -0.2638491018711109
8.16 -0.2628896293171059
8.170000000000002 -0.2619209480283828
8.18 -0.2608669385987825
8.190000000000001 -0.2599466541665373
8.2 -0.2590105241276185
8.21 -0.2580587338936744
8.219999999999999 -0.2570199351945311
8.23 -0.2560896953266346
8.239999999999998 -0.2550777017211725
8.25 -0.2542111688290024
8.260000000000002 -0.253137235522084
8.27 -0.2521695328282181
8.280000000000001 -0.2511124240719546
8.29 -0.2501621701537854
8.3 -0.2492806666669058
8.309999999999999 -0.2482631735728458
8.32 -0.2472056756419897
8.330000000000002 -0.2464462838663592
8.34 -0.2453585882958418
8.350000000000001 -0.244464878786639
8.36 -0.2434429586499223
8.370000000000001 -0.2425312192468963
8.379999999999999 -0.2414856471036862
8.39 -0.2405320804611896
8.399999999999999 -0.2395004842516098
8.41 -0.2384975252882553
8.420000000000002 -0.2375445848972621
8.43 -0.236531088359444
8.440000000000001 -0.2355500439242614
8.45 -0.2346119388893663
8.46 -0.2336283472488272
8.469999999999999 -0.2326619706650265
8.48 -0.2317321704428412
8.489999999999998 -0.2306902259558342
8.5 -0.2298480153212678
8.510000000000002 -0.2287999905773611
8.52 -0.2278338743405777
8.530000000000001 -0.226984129371401
8.54 -0.2259830785325984
8.55 -0.2250534176691511
8.559999999999999 -0.2242384955413943
8.57 -0.223236759023917
8.580000000000002 -0.2222802921165702
8.59 -0.221366159231426
8.600000000000001 -0.2204499674714434
8.61 -0.2195462689888948
8.620000000000001 -0.2185786048701064
8.629999999999999 -0.2176922056736617
8.64 -0.2167062714691634
8.649999999999999 -0.2156900576675169
8.66 -0.214847533973859
8.670000000000002 -0.2138476653840753
8.68 -0.2129224003808489
8.690000000000001 -0.2119818217075327
8.7 -0.2110719395575954
8.71 -0.2100537372712137
8.719999999999999 -0.2091797860105687
8.73 -0.2082720928263021
8.739999999999998 -0.207270466580175
8.75 -0.2063539528214683
8.760000000000002 -0.2053906911418699
8.77 -0.204560209178793
8.780000000000001 -0.2036364948872272
8.79 -0.2026994736370893
8.8 -0.2018552373882852
8.809999999999999 -0.2008715869922477
8.82 -0.1999662347723261
8.830000000000002 -0.1990711086892025
8.84 -0.198052604698648
8.850000000000001 -0.197135824437194
8.86 -0.1961700771471736
8.870000000000001 -0.195334375500891
8.879999999999999 -0.1943790986795859
8.89 -0.1935456421226876
8.899999999999999 -0.1925708407689026
8.91 -0.1916462684802903
8.920000000000002 -0.1907698993839972
8.93 -0.1897876857333078
8.940000000000001 -0.1888117611988947
8.95 -0.1879806157236169
8.96 -0.1871135214069889
8.969999999999999 -0.1861989246301678
8.98 -0.1852355525814678
8.989999999999998 -0.1843340984664825
9.0 -0.1833496514821463
9.010000000000002 -0.1824885183031989
9.02 -0.1815411992708295
9.030000000000001 -0.1806753758120161
9.04 -0.1797241745281865
9.05 -0.178750903033872
9.059999999999999 -0.1778199244551931
9.07 -0.1769177244815207
9.080000000000002 -0.1759285452332668
9.09 -0.1749436559660887
9.100000000000001 -0.1739264074372074
9.11 -0.173109535667751
9.120000000000001 -0.1720787467210194
9.129999999999999 -0.1712192581099501
9.14 -0.1701710357773493
9.149999999999999 -0.1693423631079458
9.16 -0.1684037418834256
9.170000000000002 -0.1675351770986009
9.18 -0.1665065606840553
9.190000000000001 -0.1656616743789797
9.2 -0.1646795552807609
9.21 -0.1637411639320791
9.219999999999999 -0.1628321870862561
9.23 -0.1619365801560729
9.239999999999998 -0.1610390360238323
9.25 -0.1600424741555428
9.260000000000002 -0.1590550372279686
9.27 -0.1581975450849765
9.280000000000001 -0.1572762626722114
9.29 -0.1562808312697796
9.3 -0.1554998967854773
9.309999999999999 -0.1543755280756726
9.32 -0.1535307982764287
9.330000000000002 -0.1525345630885015
9.34 -0.1516372761425702
9.350000000000001 -0.1506916952153709
9.36 -0.1498212924048153
9.370000000000001 -0.1488038091382964
9.379999999999999 -0.1478478778268019
9.39 -0.1469704353231669
9.399999999999999 -0.1460180687055349
9.41 -0.1450469696328392
9.420000000000002 -0.1441745293871859
9.43 -0.1432029450083157
9.440000000000001 -0.1424083040856634
9.45 -0.1413857962596132
9.46 -0.140425379049969
9.469999999999999 -0.1396657156556526
9.48 -0.1387240197032648
9.489999999999998 -0.1377591577676277
9.5 -0.1369173573136207
9.510000000000002 -0.1359371326237778
9.52 -0.1350983142562549
9.530000000000001 -0.1341472551929736
9.54 -0.1328254631978669
9.55 -0.1323275402153396
9.559999999999999 -0.1314524424534528
9.57 -0.1305588735920829
9.580000000000002 -0.1296619499260047
9.59 -0.1287290759245986
9.600000000000001 -0.1279830227909956
9.61 -0.126938395993423
9.620000000000001 -0.126089872044445
9.629999999999999 -0.1251451917794893
9.64 -0.1243185170970087
9.649999999999999 -0.1231221500828624
9.66 -0.1226012319115053
9.670000000000002 -0.12163739321282
9.68 -0.1205386342564673
9.690000000000001 -0.1195714202286423
9.7 -0.1190969522704577
9.71 -0.1178434716810728
9.719999999999999 -0.1170098285753433
9.73 -0.1165713342057213
9.739999999999998 -0.1156897200008876
9.75 -0.114294705651098
9.760000000000002 -0.113509330254925
9.77 -0.1126785298246565
9.780000000000001 -0.1122941246572745
9.79 -0.1113806268493408
9.8 -0.110209844683678
9.809999999999999 -0.1093623441308579
9.82 -0.108906886494481
9.830000000000002 -0.1077812326657462
9.84 -0.1068672388659497
9.850000000000001 -0.1060681446298863
9.86 -0.1056414622113141
9.870000000000001 -0.1044533064595552
9.879999999999999 -0.1036872532483167
9.89 -0.1027731712813659
9.899999999999999 -0.1020137523567513
9.91 -0.1011673232362525
9.920000000000002 -0.1003054791522
9.93 -0.0994935591477493
9.940000000000001 -0.0988318182447692
9.95 -0.0980222935697363
9.96 -0.0972754542785023
9.969999999999999 -0.0961583371778098
9.98 -0.0953867950413217
9.989999999999998 -0.0946834085545883
10.0 -0.0939022011831004
10.010000000000002 -0.0931424714935176
10.02 -0.0925764976484849
10.030000000000001 -0.0917438025791326
10.04 -0.0910557124830583
10.05 -0.0903770737172218
10.059999999999999 -0.0896821047347346
10.07 -0.0889802330856885
10.080000000000002 -0.0882938809972815
10.09 -0.0876159750169946
10.100000000000001 -0.0868632246362144
10.11 -0.0862863371830741
10.120000000000001 -0.0856517381532651
10.129999999999999 -0.0849173511046159
10.14 -0.0842400157257672
10.149999999999999 -0.0836782628460703
10.16 -0.0830335362842385
10.170000000000002 -0.0824344090110499
10.18 -0.0818119906902057
10.190000000000001 -0.0811022162148555
10.2 -0.0806476180849352
10.21 -0.0799225476724679
10.219999999999999 -0.079243259558463
10.23 -0.078727424099573
10.239999999999998 -0.0781092391074137
10.25 -0.077573637475975
10.260000000000002 -0.0768691581049428
10.27 -0.0762775180842231
10.280000000000001 -0.0756995490777687
10.29 -0.0751116950906871
10.3 -0.0746439288125804
10.309999999999999 -0.0739578644028525
10.32 -0.0733830840308605
10.330000000000002 -0.0728619704492982
10.34 -0.0723078016478109
10.350000000000001 -0.0717152449049023
10.36 -0.0711465489040984
10.370000000000001 -0.070664939529392
10.379999999999999 -0.0700634747330704
10.39 -0.0695241503012584
10.399999999999999 -0.0689941507093744
10.41 -0.0684569486690507
10.420000000000002 -0.0679511462419045
10.43 -0.0674287449008738
10.440000000000001 -0.066939833940818
10.45 -0.0663255969179569
10.46 -0.0659193959119007
10.469999999999999 -0.0652943817288842
10.48 -0.0648725604793368
10.489999999999998 -0.0643580646013497
10.5 -0.0638451317942515
10.510000000000002 -0.0633428127935194
10.52 -0.0627816677020855
10.530000000000001 -0.0623672471674468
10.54 -0.0619335991677342
10.55 -0.0613422332188485
10.559999999999999 -0.0608684438502072
10.57 -0.060351515050341
10.580000000000002 -0.0597657064868882
10.59 -0.0593049779699874
10.600000000000001 -0.0588679829548065
10.61 -0.0583518392297166
10.620000000000001 -0.0578432182771617
10.629999999999999 -0.0574569388613547
10.64 -0.0570070350404235
10.649999999999999 -0.0564345425718385
10.66 -0.0560123301928074
10.670000000000002 -0.0555881415126234
10.68 -0.0550130432275036
10.690000000000001 -0.0545018413484835
10.7 -0.0541809188922471
10.71 -0.0535800176629269
10.719999999999999 -0.0531215499666407
10.73 -0.0527523170127501
10.739999999999998 -0.0523085151783258
10.75 -0.0518625097410148
10.760000000000002 -0.051269981718607
10.77 -0.0508944564565469
10.780000000000001 -0.0503313145756997
10.79 -0.0498632742290435
10.8 -0.0495699738194105
10.809999999999999 -0.049075790333651
10.82 -0.0486313663851884
10.830000000000002 -0.0481484447247987
10.84 -0.0478231948966667
10.850000000000001 -0.0473744346530148
10.86 -0.0468975065961783
10.870000000000001 -0.0463885632121342
10.879999999999999 -0.0460381278461155
10.89 -0.0457223840876603
10.899999999999999 -0.0452768474387787
10.91 -0.0448139094580015
10.920000000000002 -0.044437439701154
10.93 -0.0439658089036407
10.940000000000001 -0.0435094619818713
10.95 -0.0430678084667644
10.96 -0.0427013528862202
10.969999999999999 -0.0421802545670457
10.98 -0.0417868556616619
10.989999999999998 -0.0413750305325643
11.0 -0.0409809176843289
11.010000000000002 -0.0405207207984745
11.02 -0.0400262234757466
11.030000000000001 -0.0397278460153228
11.04 -0.0391637485684241
11.05 -0.0387330764527386
11.059999999999999 -0.0383738874518189
11.07 -0.0378727802244753
11.080000000000002 -0.0374551850276821
11.09 -0.0370000121949949
11.100000000000001 -0.0365420531904543
11.11 -0.0361282869481324
11.120000000000001 -0.0357780681282336
11.129999999999999 -0.035340262776748
11.14 -0.0348208369276748
11.149999999999999 -0.0344606794018778
11.16 -0.0339369058716181
11.170000000000002 -0.0334325224867583
11.18 -0.0330160542572192
11.190000000000001 -0.032602198360089
11.2 -0.0321823266604845
11.21 -0.0317160798521107
11.219999999999999 -0.0312359265521249
11.23 -0.0308789668234491
11.239999999999998 -0.0304160393012545
11.25 -0.0299590214848759
11.260000000000002 -0.0295741810792139
11.27 -0.0290281264185255
11.280000000000001 -0.0286107183541843
11.29 -0.0281674547338579
11.3 -0.0277134033667525
11.309999999999999 -0.0273180438698626
11.32 -0.0268640494393058
11.330000000000002 -0.0265132766830685
11.34 -0.0260201381842875
11.350000000000001 -0.0255952373184706
11.36 -0.0251858327255315
11.370000000000001 -0.0248635603076043
11.379999999999999 -0.02429411194677
11.39 -0.0239654450389915
11.399999999999999 -0.0235297443601613
11.41 -0.0230978094130121
11.420000000000002 -0.0227147680828199
11.43 -0.0223531724459559
11.440000000000001 -0.0218388928666697
11.45 -0.0214775050782202
11.46 -0.0210844332783735
11.469999999999999 -0.0205923778659728
11.48 -0.020299675849413
11.489999999999998 -0.0198385098141809
11.5 -0.0193686196891604
11.510000000000002 -0.0189977282156925
11.52 -0.0186459382579408
11.530000000000001 -0.0181575868953465
11.54 -0.017669889377932
11.55 -0.0173453219056153
11.559999999999999 -0.0169629531867314
11.57 -0.0166046721123077
11.580000000000002 -0.0161515056487426
11.59 -0.0156981028714804
11.600000000000001 -0.0153528623690911
11.61 -0.014910564496065
11.620000000000001 -0.0146298251876533
11.629999999999999 -0.0141418295651648
11.64 -0.0136922655627984
11.649999999999999 -0.0133545522125846
11.66 -0.0129465412415283
11.670000000000002 -0.012579240631828
11.68 -0.0121304088185942
11.690000000000001 -0.0117162157615206
11.7 -0.0113691404488109
11.71 -0.0109809151374903
11.719999999999999 -0.0104898384736684
11.73 -0.0101306470482844
11.739999999999998 -0.0098149317203698
11.75 -0.0094928794424765
11.760000000000002 -0.0090519966657301
11.77 -0.0086330642503781
11.780000000000001 -0.0082967478475495
11.79 -0.007912010075375
11.8 -0.0075279735450416
11.809999999999999 -0.0071156495741121
11.82 -0.0067321117661317
11.830000000000002 -0.0063960578128223
11.84 -0.0060486221917876
11.850000000000001 -0.0057387671519543
11.86 -0.0053147188183021
11.870000000000001 -0.0049630169261935
11.879999999999999 -0.0046490881701581
11.89 -0.0042347148560871
11.899999999999999 -0.0039996950153034
11.91 -0.0035341742343774
11.920000000000002 -0.0032598541697451
11.93 -0.0028927398926262
11.940000000000001 -0.0026279160308639
11.95 -0.0023873137482333
11.96 -0.0019566151497002
11.969999999999999 -0.0015562544642281
11.98 -0.0011668305263271
11.989999999999998 -0.0008883217098005
12.0 -0.0005681776196032
12.010000000000002 -0.0002601039124999
12.02 5.597033445124395e-05
12.030000000000001 0.0003617453953675
12.04 0.0007325514679547
12.05 0.0012764885938955
12.059999999999999 0.0014016305238925
12.07 0.0019463714476056
12.080000000000002 0.0020652004808692
12.09 0.0025501533528497
12.100000000000001 0.0028929137617297
12.11 0.0032385775907106
12.120000000000001 0.0034465075930454
12.129999999999999 0.003850850712332
12.14 0.0041230200903295
12.149999999999999 0.0044320686369403
12.16 0.0047660524388107
12.170000000000002 0.0051145628482594
12.18 0.0054018069797428
12.190000000000001 0.0055779206763553
12.2 0.0058457649199173
12.21 0.0061757481454178
12.219999999999999 0.0063705740650337
12.23 0.0066585245642541
12.239999999999998 0.0069699811153761
12.25 0.0072254399219603
12.260000000000002 0.0073818370245797
12.27 0.0077760433497697
12.280000000000001 0.008035331313992
12.29 0.0083498963929961
12.3 0.008428973524468
12.309999999999999 0.0087056470305999
12.32 0.0089314379914863
12.330000000000002 0.0091654820568045
12.34 0.0093302523952508
12.350000000000001 0.0095629133908473
12.36 0.0097947132568944
12.370000000000001 0.0099608381535369
12.379999999999999 0.010274891842137
12.39 0.0103418584401504
12.399999999999999 0.0106196259055741
12.41 0.0108014554877469
12.420000000000002 0.0110616656931179
12.43 0.0111716011579485
12.440000000000001 0.0114057993280227
12.45 0.011568656202792
12.46 0.0117154257149389
12.469999999999999 0.0119283699368868
12.48 0.0120326485959929
12.489999999999998 0.0122684606339057
12.5 0.0121562926342649
12.510000000000002 0.0124284175851544
12.52 0.0124662851201399
12.530000000000001 0.0127390505909449
12.54 0.0127979771564058
12.55 0.0129699310462942
12.559999999999999 0.0131271526283986
12.57 0.0132920135840588
12.580000000000002 0.0134099540611341
12.59 0.0135225110805686
12.600000000000001 0.0136051179375859
12.61 0.0137161304098362
12.620000000000001 0.0138925725840759
12.629999999999999 0.0140180712186827
12.64 0.0141167492250099
12.649999999999999 0.0142420085101077
12.66 0.0142974670342228
12.670000000000002 0.0144154475676468
12.68 0.0145065259721819
12.690000000000001 0.0146407917156468
12.7 0.0147283885297226
12.71 0.0147849749203907
12.719999999999999 0.0149305119700678
12.73 0.0150193453182838
12.739999999999998 0.0151567830837052
12.75 0.0152715373580389
12.760000000000002 0.0152587243613815
12.77 0.0153870756440421
12.780000000000001 0.015446586044537
12.79 0.0155527190534916
12.8 0.0155301223278032
12.809999999999999 0.0156815053845978
12.82 0.0157901435863848
12.830000000000002 0.0158279981588441
12.84 0.0159543566338343
12.850000000000001 0.0159726489042138
12.86 0.0159817447547807
12.870000000000001 0.0161307873294318
12.879999999999999 0.0161498079125463
12.89 0.0161953962362473
12.899999999999999 0.0162184642498561
12.91 0.0163261611602112
12.920000000000002 0.0164270223365439
12.93 0.016445101489605
12.940000000000001 0.0165489021208949
12.95 0.0165672901348924
12.96 0.01651338106653
12.969999999999999 0.0166287419423672
12.98 0.0166933224107266
12.989999999999998 0.0167105187747448
13.0 0.0166653619290634
13.010000000000002 0.0167937266025145
13.02 0.016954537529861
13.030000000000001 0.0168988257425912
13.04 0.0168476318586249
13.05 0.016889604889949
13.059999999999999 0.0170508360282784
13.07 0.0169948764115225
13.080000000000002 0.0171295555855057
13.09 0.0171479748015283
13.100000000000001 0.0171276141893388
13.11 0.0171985443821343
13.120000000000001 0.0171882056554326
13.129999999999999 0.0170360050698029
13.14 0.0171028964779224
13.149999999999999 0.0171474438051416
13.16 0.0171932000166721
13.170000000000002 0.0171494641961112
13.18 0.0172103945787145
13.190000000000001 0.0172517558955853
13.2 0.0176283637606957
13.21 0.0176243525217887
13.219999999999999 0.0175848484946098
13.23 0.0176318781448747
13.239999999999998 0.0177171081302881
13.25 0.01764618976358
13.260000000000002 0.0176980549971638
13.27 0.0177186877517829
13.280000000000001 0.0176961853979563
13.29 0.0176740069895959
13.3 0.0177094887605464
13.309999999999999 0.0177355964722438
13.32 0.0176573173377106
13.330000000000002 0.0177181403499622
13.34 0.017668997621239
13.350000000000001 0.0176780201235598
13.36 0.0177463908145151
13.370000000000001 0.0177397786948196
13.379999999999999 0.0177405212266801
13.39 0.0176868109016351
13.399999999999999 0.0176907509536809
13.41 0.0177398721173312
13.420000000000002 0.0177740332889259
13.43 0.0177200757540256
13.440000000000001 0.0177464641250063
13.45 0.0177888823350265
13.46 0.0178009548039398
13.469999999999999 0.0176719661277313
13.48 0.0175990784659695
13.489999999999998 0.0175255381286496
13.5 0.0175080549653637
13.510000000000002 0.0175686512551327
13.52 0.0176046470293955
13.530000000000001 0.0176073544331868
13.54 0.0175720474973899
13.55 0.0175756964275428
13.559999999999999 0.0175485982875477
13.57 0.0174890169601839
13.580000000000002 0.017484587429642
13.59 0.0174302534770572
13.600000000000001 0.017470662913497
13.61 0.0175052723065466
13.620000000000001 0.0174643274468674
13.629999999999999 0.0174387363080571
13.64 0.0174458161319258
13.649999999999999 0.0174222179572615
13.66 0.0173976156289325
13.670000000000002 0.0173602776653909
13.68 0.0173755934604264
13.690000000000001 0.0173770002067713
13.7 0.017274850215503
13.71 0.017308461020687
13.719999999999999 0.0172203566345524
13.73 0.0172130224531108
13.739999999999998 0.0174385165485
13.75 0.0174273551575787
13.760000000000002 0.0173965735245062
13.77 0.0174624251959704
13.780000000000001 0.0173437131156923
13.79 0.0174090914418705
13.8 0.01725554232979
13.809999999999999 0.0172287587022807
13.82 0.017240769448692
13.830000000000002 0.0172307575519393
13.84 0.0171365631753984
13.850000000000001 0.0172048690413645
13.86 0.017152412585998
13.870000000000001 0.0170613986173885
13.879999999999999 0.0170615431603088
13.89 0.0168801418215003
13.899999999999999 0.0168896871848451
13.91 0.0169351457535895
13.920000000000002 0.0167171102015616
13.93 0.0168202870011697
13.940000000000001 0.0168368053785862
13.95 0.0167508200989782
13.96 0.0167118727761823
13.969999999999999 0.0167443585351786
13.98 0.0166492760863664
13.989999999999998 0.0166662201598121
14.0 0.0164722465650148
14.010000000000002 0.0165985431590952
14.02 0.0165048403165634
14.030000000000001 0.0165069851926046
14.04 0.0163862192017267
14.05 0.0164727766747237
14.059999999999999 0.0163672331698444
14.07 0.0162555067428512
14.080000000000002 0.0162742958146404
14.09 0.0162970076683183
14.100000000000001 0.0161603980524207
14.11 0.0161432555003449
14.120000000000001 0.0160772851492823
14.129999999999999 0.016007278147139
14.14 0.0159830375448577
14.149999999999999 0.0159688031603789
14.16 0.0159305866160936
14.170000000000002 0.0159341046960711
14.18 0.0159191042954997
14.190000000000001 0.015853622885877
14.2 0.0157655720068595
