x y z
-2.202 -0.400 -0.521
-2.201 -0.400 -0.520
-2.201 -0.400 -0.518
-2.200 -0.401 -0.517
-2.200 -0.401 -0.515
-2.199 -0.402 -0.514
-2.199 -0.402 -0.513
-2.198 -0.403 -0.512
-2.198 -0.403 -0.510
-2.197 -0.404 -0.509
-2.197 -0.404 -0.508
-2.196 -0.405 -0.506
-2.196 -0.406 -0.505
-2.195 -0.407 -0.504
-2.195 -0.407 -0.502
-2.194 -0.408 -0.501
-2.193 -0.409 -0.500
-2.192 -0.410 -0.498
-2.191 -0.411 -0.497
-2.189 -0.412 -0.496
-2.185 -0.413 -0.494
-2.179 -0.414 -0.494
-2.171 -0.416 -0.493
-2.162 -0.418 -0.493
-2.152 -0.420 -0.493
-2.142 -0.421 -0.494
-2.131 -0.423 -0.494
-2.120 -0.425 -0.495
-2.109 -0.427 -0.497
-2.096 -0.429 -0.498
-2.084 -0.431 -0.500
-2.071 -0.433 -0.502
-2.057 -0.435 -0.503
-2.044 -0.437 -0.505
-2.030 -0.439 -0.507
-2.015 -0.441 -0.509
-2.000 -0.443 -0.511
-1.985 -0.445 -0.513
-1.970 -0.447 -0.515
-1.955 -0.449 -0.517
-1.940 -0.451 -0.520
-1.924 -0.453 -0.522
-1.908 -0.455 -0.525
-1.892 -0.457 -0.528
-1.876 -0.459 -0.531
-1.860 -0.461 -0.534
-1.843 -0.462 -0.537
-1.827 -0.464 -0.540
-1.810 -0.466 -0.543
-1.793 -0.468 -0.547
-1.776 -0.470 -0.550
-1.759 -0.472 -0.554
-1.742 -0.474 -0.558
-1.724 -0.475 -0.562
-1.707 -0.477 -0.566
-1.689 -0.479 -0.570
-1.671 -0.481 -0.574
-1.653 -0.483 -0.578
-1.635 -0.485 -0.583
-1.617 -0.487 -0.587
-1.598 -0.489 -0.592
-1.582 -0.493 -0.595
-1.561 -0.493 -0.601
-1.544 -0.496 -0.605
-1.526 -0.498 -0.610
-1.507 -0.500 -0.615
-1.488 -0.502 -0.620
-1.469 -0.504 -0.625
-1.450 -0.506 -0.630
-1.430 -0.508 -0.635
-1.411 -0.510 -0.640
-1.392 -0.513 -0.645
-1.372 -0.515 -0.651
-1.353 -0.517 -0.656
-1.333 -0.520 -0.661
-1.313 -0.522 -0.666
-1.293 -0.524 -0.671
-1.273 -0.527 -0.676
-1.253 -0.529 -0.682
-1.232 -0.531 -0.687
-1.212 -0.534 -0.692
-1.192 -0.536 -0.697
-1.171 -0.538 -0.702
-1.151 -0.541 -0.706
-1.131 -0.543 -0.711
-1.110 -0.546 -0.716
-1.089 -0.548 -0.720
-1.069 -0.551 -0.725
-1.048 -0.553 -0.729
-1.028 -0.556 -0.733
-1.007 -0.559 -0.738
-0.986 -0.561 -0.742
-0.965 -0.564 -0.746
-0.944 -0.566 -0.749
-0.923 -0.569 -0.753
-0.903 -0.571 -0.756
-0.886 -0.573 -0.759
-0.871 -0.575 -0.762
-0.860 -0.576 -0.764
-0.853 -0.577 -0.767
-0.851 -0.578 -0.769
-0.854 -0.578 -0.773
-0.858 -0.578 -0.777
-0.864 -0.578 -0.780
-0.871 -0.577 -0.784
-0.877 -0.577 -0.788
-0.882 -0.577 -0.791
-0.886 -0.578 -0.793
-0.890 -0.578 -0.795
-0.894 -0.578 -0.797
-0.898 -0.579 -0.799
-0.903 -0.579 -0.800
-0.907 -0.579 -0.802
-0.910 -0.580 -0.803
-0.913 -0.580 -0.804
-0.916 -0.581 -0.805
-0.918 -0.581 -0.806
-0.919 -0.582 -0.807
-0.920 -0.583 -0.807
-0.921 -0.584 -0.807
-0.921 -0.584 -0.808
-0.921 -0.585 -0.808
-0.921 -0.587 -0.808
-0.920 -0.587 -0.808
-0.920 -0.589 -0.808
-0.919 -0.589 -0.808
-0.918 -0.591 -0.808
-0.916 -0.592 -0.807
-0.915 -0.593 -0.807
-0.914 -0.594 -0.806
-0.912 -0.595 -0.806
-0.910 -0.596 -0.805
-0.908 -0.597 -0.804
-0.906 -0.598 -0.803
-0.904 -0.600 -0.802
-0.902 -0.601 -0.801
-0.900 -0.602 -0.800
-0.897 -0.603 -0.799
-0.895 -0.605 -0.798
-0.893 -0.606 -0.797
-0.890 -0.607 -0.796
-0.888 -0.608 -0.794
-0.886 -0.610 -0.793
-0.883 -0.611 -0.792
-0.881 -0.612 -0.791
-0.879 -0.613 -0.789
-0.877 -0.614 -0.788
-0.875 -0.615 -0.787
-0.873 -0.617 -0.785
-0.871 -0.617 -0.784
-0.869 -0.618 -0.783
-0.868 -0.619 -0.782
-0.866 -0.620 -0.781
-0.865 -0.621 -0.780
-0.863 -0.622 -0.779
-0.862 -0.622 -0.778
-0.860 -0.623 -0.777
-0.859 -0.624 -0.777
-0.858 -0.624 -0.776
-0.857 -0.625 -0.776
-0.855 -0.625 -0.775
-0.855 -0.626 -0.775
-0.854 -0.626 -0.774
-0.853 -0.627 -0.774
-0.852 -0.627 -0.774
-0.851 -0.628 -0.774
-0.851 -0.628 -0.774
-0.851 -0.628 -0.774
-0.850 -0.629 -0.774
-0.850 -0.629 -0.775
-0.850 -0.629 -0.775
-0.850 -0.629 -0.775
-0.850 -0.629 -0.775
-0.850 -0.630 -0.776
-0.850 -0.630 -0.776
-0.850 -0.630 -0.777
-0.851 -0.630 -0.777
-0.851 -0.630 -0.778
-0.851 -0.630 -0.778
-0.852 -0.630 -0.778
-0.852 -0.631 -0.779
-0.852 -0.631 -0.779
-0.852 -0.631 -0.780
-0.853 -0.631 -0.780
-0.853 -0.631 -0.781
-0.853 -0.632 -0.781
-0.853 -0.632 -0.781
-0.853 -0.632 -0.781
-0.853 -0.632 -0.782
-0.854 -0.632 -0.782
-0.854 -0.632 -0.782
-0.854 -0.632 -0.782
-0.854 -0.632 -0.782
-0.854 -0.632 -0.782
-0.854 -0.632 -0.782
-0.854 -0.632 -0.782
-0.854 -0.632 -0.782
-0.853 -0.632 -0.782
-0.853 -0.632 -0.782
-0.852 -0.632 -0.781
-0.852 -0.632 -0.781
-0.851 -0.632 -0.781
-0.850 -0.633 -0.780
-0.849 -0.633 -0.780
-0.848 -0.633 -0.779
-0.847 -0.634 -0.779
-0.846 -0.634 -0.778
-0.845 -0.635 -0.777
-0.844 -0.635 -0.777
-0.843 -0.636 -0.776
-0.841 -0.636 -0.775
-0.840 -0.637 -0.774
-0.838 -0.637 -0.774
-0.837 -0.638 -0.773
-0.836 -0.638 -0.772
-0.834 -0.639 -0.771
-0.833 -0.639 -0.770
-0.831 -0.639 -0.769
-0.830 -0.640 -0.768
-0.828 -0.641 -0.767
-0.827 -0.641 -0.766
-0.825 -0.642 -0.765
-0.824 -0.642 -0.764
-0.822 -0.643 -0.763
-0.821 -0.643 -0.762
-0.819 -0.644 -0.761
-0.818 -0.644 -0.760
-0.816 -0.645 -0.759
-0.815 -0.646 -0.758
-0.813 -0.646 -0.757
-0.812 -0.647 -0.756
-0.810 -0.647 -0.755
-0.809 -0.648 -0.754
-0.808 -0.649 -0.753
-0.807 -0.649 -0.752
-0.805 -0.650 -0.751
-0.804 -0.650 -0.750
-0.803 -0.651 -0.750
-0.802 -0.651 -0.749
-0.801 -0.651 -0.748
-0.800 -0.652 -0.747
-0.799 -0.652 -0.747
-0.799 -0.652 -0.746
-0.798 -0.653 -0.745
-0.797 -0.653 -0.745
-0.796 -0.653 -0.744
-0.796 -0.654 -0.743
-0.795 -0.654 -0.743
-0.794 -0.655 -0.742
-0.794 -0.655 -0.742
-0.793 -0.656 -0.741
-0.792 -0.656 -0.741
-0.792 -0.656 -0.741
-0.791 -0.657 -0.740
-0.791 -0.657 -0.740
-0.790 -0.657 -0.739
-0.790 -0.658 -0.739
