x y z
-1.362 1.596 -0.399
-1.362 1.596 -0.397
-1.363 1.596 -0.395
-1.364 1.595 -0.394
-1.364 1.595 -0.392
-1.365 1.595 -0.390
-1.366 1.595 -0.388
-1.366 1.594 -0.386
-1.367 1.594 -0.384
-1.368 1.594 -0.382
-1.368 1.594 -0.380
-1.369 1.594 -0.379
-1.369 1.594 -0.377
-1.370 1.593 -0.375
-1.370 1.593 -0.373
-1.371 1.593 -0.372
-1.372 1.592 -0.370
-1.372 1.592 -0.368
-1.373 1.592 -0.366
-1.374 1.592 -0.365
-1.374 1.591 -0.363
-1.375 1.591 -0.362
-1.376 1.591 -0.360
-1.376 1.591 -0.358
-1.377 1.590 -0.357
-1.378 1.590 -0.356
-1.378 1.590 -0.354
-1.379 1.590 -0.353
-1.379 1.590 -0.351
-1.380 1.589 -0.350
-1.380 1.589 -0.349
-1.381 1.589 -0.347
-1.382 1.589 -0.346
-1.382 1.589 -0.345
-1.383 1.588 -0.343
-1.383 1.588 -0.342
-1.384 1.588 -0.341
-1.384 1.588 -0.339
-1.385 1.587 -0.338
-1.386 1.587 -0.337
-1.386 1.587 -0.336
-1.387 1.587 -0.334
-1.387 1.587 -0.333
-1.388 1.587 -0.332
-1.388 1.587 -0.331
-1.389 1.587 -0.330
-1.389 1.587 -0.329
-1.390 1.587 -0.328
-1.390 1.587 -0.327
-1.391 1.587 -0.325
-1.391 1.587 -0.324
-1.392 1.587 -0.323
-1.392 1.587 -0.322
-1.393 1.587 -0.321
-1.393 1.587 -0.320
-1.394 1.587 -0.319
-1.395 1.586 -0.318
-1.395 1.587 -0.317
-1.396 1.586 -0.316
-1.396 1.586 -0.315
-1.397 1.586 -0.314
-1.397 1.586 -0.313
-1.397 1.586 -0.312
-1.397 1.586 -0.311
-1.397 1.586 -0.309
-1.395 1.587 -0.308
-1.391 1.588 -0.307
-1.387 1.590 -0.306
-1.381 1.594 -0.306
-1.375 1.597 -0.305
-1.368 1.602 -0.305
-1.360 1.607 -0.305
-1.352 1.612 -0.306
-1.343 1.618 -0.306
-1.335 1.624 -0.306
-1.326 1.630 -0.305
-1.316 1.636 -0.305
-1.307 1.642 -0.304
-1.297 1.648 -0.303
-1.286 1.655 -0.302
-1.276 1.661 -0.301
-1.265 1.667 -0.300
-1.255 1.673 -0.299
-1.243 1.680 -0.298
-1.232 1.687 -0.298
-1.221 1.693 -0.297
-1.209 1.700 -0.296
-1.197 1.707 -0.295
-1.185 1.714 -0.295
-1.173 1.720 -0.294
-1.161 1.727 -0.293
-1.149 1.734 -0.293
-1.136 1.741 -0.292
-1.124 1.749 -0.292
-1.111 1.756 -0.292
-1.098 1.763 -0.292
-1.086 1.770 -0.292
-1.074 1.777 -0.292
-1.061 1.785 -0.292
-1.048 1.792 -0.292
-1.035 1.799 -0.293
-1.022 1.806 -0.293
-1.009 1.814 -0.294
-0.996 1.821 -0.294
-0.983 1.829 -0.295
-0.970 1.836 -0.296
-0.956 1.844 -0.297
-0.942 1.851 -0.298
-0.929 1.859 -0.299
-0.915 1.867 -0.300
-0.901 1.875 -0.302
-0.887 1.883 -0.303
-0.873 1.891 -0.305
-0.859 1.899 -0.306
-0.845 1.907 -0.308
-0.830 1.915 -0.310
-0.816 1.924 -0.312
-0.801 1.932 -0.314
-0.787 1.941 -0.316
-0.772 1.949 -0.318
-0.757 1.958 -0.320
-0.742 1.966 -0.322
-0.727 1.975 -0.324
-0.713 1.983 -0.327
-0.697 1.992 -0.330
-0.682 2.001 -0.331
-0.667 2.009 -0.334
-0.652 2.018 -0.336
-0.638 2.026 -0.338
-0.623 2.035 -0.341
-0.608 2.044 -0.343
-0.593 2.053 -0.346
-0.578 2.061 -0.348
-0.563 2.070 -0.350
-0.548 2.079 -0.353
-0.533 2.087 -0.356
-0.517 2.096 -0.358
-0.502 2.104 -0.361
-0.486 2.113 -0.364
-0.471 2.122 -0.367
-0.456 2.130 -0.370
-0.442 2.138 -0.373
-0.429 2.146 -0.375
-0.419 2.152 -0.377
-0.412 2.158 -0.378
-0.408 2.162 -0.380
-0.408 2.164 -0.381
-0.410 2.164 -0.384
-0.416 2.162 -0.385
-0.422 2.158 -0.387
-0.430 2.153 -0.389
-0.436 2.148 -0.389
-0.441 2.143 -0.391
-0.444 2.139 -0.392
-0.446 2.135 -0.391
-0.447 2.132 -0.392
-0.448 2.129 -0.391
-0.448 2.126 -0.391
-0.447 2.124 -0.391
-0.446 2.122 -0.391
-0.445 2.120 -0.391
-0.443 2.118 -0.392
-0.441 2.117 -0.391
-0.440 2.115 -0.391
-0.437 2.114 -0.391
-0.435 2.113 -0.391
-0.432 2.112 -0.391
-0.430 2.111 -0.390
-0.427 2.111 -0.390
-0.425 2.110 -0.390
-0.422 2.109 -0.390
-0.419 2.109 -0.390
-0.416 2.109 -0.388
-0.413 2.108 -0.390
-0.411 2.108 -0.388
-0.407 2.107 -0.388
-0.404 2.107 -0.388
-0.401 2.107 -0.387
-0.398 2.107 -0.387
-0.395 2.107 -0.387
-0.392 2.107 -0.386
-0.389 2.108 -0.386
-0.386 2.108 -0.386
-0.384 2.108 -0.385
-0.380 2.108 -0.385
-0.377 2.108 -0.385
-0.379 2.112 -0.381
-0.371 2.109 -0.385
-0.368 2.110 -0.385
-0.366 2.110 -0.384
-0.363 2.111 -0.384
-0.360 2.112 -0.384
-0.357 2.112 -0.384
-0.355 2.113 -0.384
-0.353 2.114 -0.384
-0.350 2.115 -0.383
-0.348 2.115 -0.384
-0.346 2.116 -0.383
-0.343 2.117 -0.383
-0.342 2.118 -0.383
-0.340 2.118 -0.383
-0.338 2.119 -0.383
-0.336 2.120 -0.383
-0.334 2.121 -0.383
-0.333 2.122 -0.383
-0.331 2.123 -0.383
-0.329 2.123 -0.383
-0.328 2.125 -0.383
-0.326 2.125 -0.383
-0.324 2.126 -0.383
-0.323 2.126 -0.383
-0.321 2.127 -0.383
-0.320 2.128 -0.383
-0.318 2.129 -0.383
-0.317 2.130 -0.382
-0.315 2.130 -0.383
-0.316 2.132 -0.382
-0.313 2.132 -0.383
-0.312 2.132 -0.383
-0.312 2.133 -0.383
-0.311 2.134 -0.382
-0.309 2.134 -0.382
-0.309 2.134 -0.382
-0.307 2.134 -0.382
-0.306 2.135 -0.382
-0.305 2.134 -0.381
-0.304 2.135 -0.381
-0.302 2.135 -0.381
-0.302 2.135 -0.380
-0.300 2.135 -0.380
-0.299 2.136 -0.380
-0.298 2.135 -0.379
-0.297 2.135 -0.378
-0.296 2.136 -0.378
-0.295 2.136 -0.377
-0.294 2.136 -0.377
-0.293 2.136 -0.376
-0.292 2.136 -0.375
-0.290 2.135 -0.375
-0.289 2.135 -0.374
-0.288 2.135 -0.373
-0.287 2.135 -0.373
-0.286 2.135 -0.372
-0.285 2.135 -0.371
-0.283 2.134 -0.371
-0.281 2.133 -0.370
-0.280 2.133 -0.369
-0.278 2.132 -0.368
-0.277 2.132 -0.368
-0.275 2.132 -0.367
-0.274 2.132 -0.366
-0.273 2.132 -0.365
-0.271 2.132 -0.364
-0.270 2.131 -0.363
-0.269 2.131 -0.362
-0.267 2.131 -0.362
-0.265 2.131 -0.361
-0.264 2.131 -0.360
-0.262 2.131 -0.359
-0.261 2.131 -0.358
-0.259 2.131 -0.357
-0.257 2.131 -0.356
-0.256 2.131 -0.355
-0.255 2.131 -0.354
-0.253 2.132 -0.353
-0.251 2.132 -0.352
-0.250 2.132 -0.351
-0.248 2.132 -0.350
-0.246 2.132 -0.350
-0.245 2.132 -0.349
-0.244 2.133 -0.348
-0.242 2.133 -0.347
-0.241 2.133 -0.346
-0.239 2.133 -0.345
-0.239 2.134 -0.344
-0.236 2.135 -0.343
-0.235 2.135 -0.343
-0.234 2.135 -0.342
-0.232 2.136 -0.341
-0.231 2.136 -0.340
-0.229 2.136 -0.339
-0.228 2.137 -0.339
-0.227 2.137 -0.338
-0.225 2.138 -0.337
-0.224 2.138 -0.336
-0.223 2.139 -0.335
-0.222 2.139 -0.334
-0.220 2.139 -0.334
-0.219 2.140 -0.333
-0.218 2.140 -0.332
-0.217 2.140 -0.331
-0.215 2.141 -0.330
-0.214 2.141 -0.329
-0.213 2.142 -0.328
-0.212 2.142 -0.328
-0.211 2.143 -0.327
-0.210 2.143 -0.326
-0.209 2.143 -0.325
-0.208 2.144 -0.324
-0.206 2.144 -0.324
-0.206 2.144 -0.322
-0.204 2.144 -0.321
-0.203 2.145 -0.321
-0.202 2.146 -0.320
-0.201 2.145 -0.319
-0.200 2.146 -0.318
-0.199 2.146 -0.317
-0.198 2.146 -0.316
-0.197 2.146 -0.315
-0.196 2.147 -0.314
-0.195 2.146 -0.313
-0.194 2.146 -0.312
-0.193 2.147 -0.311
-0.193 2.146 -0.310
-0.191 2.147 -0.309
-0.191 2.147 -0.308
-0.189 2.147 -0.307
-0.188 2.147 -0.305
-0.187 2.147 -0.304
-0.186 2.147 -0.303
-0.185 2.147 -0.302
-0.184 2.147 -0.300
-0.183 2.147 -0.300
-0.182 2.147 -0.298
-0.181 2.148 -0.297
-0.180 2.147 -0.296
-0.179 2.148 -0.294
-0.178 2.148 -0.293
-0.176 2.148 -0.292
-0.176 2.147 -0.290
-0.174 2.147 -0.289
-0.173 2.147 -0.288
-0.172 2.147 -0.287
-0.172 2.147 -0.285
-0.170 2.147 -0.284
-0.169 2.147 -0.282
-0.168 2.147 -0.281
-0.167 2.147 -0.280
-0.166 2.147 -0.278
-0.165 2.147 -0.277
-0.165 2.147 -0.275
-0.164 2.147 -0.274
-0.163 2.147 -0.273
-0.161 2.147 -0.271
-0.161 2.146 -0.270
-0.160 2.147 -0.268
-0.158 2.147 -0.267
-0.157 2.147 -0.266
-0.156 2.147 -0.264
-0.155 2.146 -0.263
-0.154 2.147 -0.262
-0.153 2.147 -0.260
-0.152 2.147 -0.259
-0.151 2.147 -0.257
-0.150 2.147 -0.256
-0.149 2.147 -0.254
-0.148 2.147 -0.253
-0.147 2.147 -0.251
-0.146 2.147 -0.250
-0.145 2.147 -0.249
-0.144 2.148 -0.247
-0.144 2.147 -0.246
-0.143 2.148 -0.244
-0.142 2.148 -0.243
-0.141 2.148 -0.241
-0.140 2.148 -0.240
-0.139 2.147 -0.238
-0.138 2.148 -0.237
-0.137 2.148 -0.236
-0.136 2.148 -0.234
-0.136 2.148 -0.233
-0.134 2.148 -0.232
-0.134 2.148 -0.230
-0.133 2.148 -0.229
-0.132 2.148 -0.227
-0.132 2.148 -0.226
-0.131 2.148 -0.224
-0.130 2.148 -0.223
-0.129 2.148 -0.221
-0.128 2.148 -0.220
-0.127 2.148 -0.219
-0.126 2.148 -0.217
-0.125 2.148 -0.216
-0.124 2.148 -0.214
-0.124 2.148 -0.212
-0.123 2.148 -0.211
-0.122 2.148 -0.210
-0.121 2.148 -0.208
-0.120 2.148 -0.207
-0.120 2.148 -0.205
-0.119 2.148 -0.204
-0.118 2.148 -0.202
-0.118 2.148 -0.200
-0.117 2.148 -0.199
-0.116 2.148 -0.197
-0.115 2.148 -0.195
-0.114 2.148 -0.194
-0.113 2.148 -0.192
-0.113 2.148 -0.191
-0.112 2.148 -0.189
-0.111 2.148 -0.187
-0.110 2.148 -0.185
-0.109 2.148 -0.184
-0.109 2.148 -0.182
-0.108 2.148 -0.181
-0.107 2.148 -0.179
-0.106 2.147 -0.178
-0.106 2.147 -0.176
-0.105 2.147 -0.174
-0.104 2.147 -0.172
-0.105 2.147 -0.171
-0.104 2.147 -0.169
-0.103 2.147 -0.167
-0.103 2.146 -0.165
-0.102 2.146 -0.163
-0.101 2.146 -0.162
-0.101 2.146 -0.160
-0.099 2.146 -0.158
-0.098 2.146 -0.156
-0.097 2.145 -0.155
-0.097 2.145 -0.153
-0.096 2.145 -0.151
-0.095 2.145 -0.149
-0.095 2.145 -0.147
-0.094 2.145 -0.145
-0.093 2.145 -0.144
-0.093 2.145 -0.142
-0.092 2.145 -0.140
-0.092 2.144 -0.139
-0.091 2.144 -0.137
-0.090 2.144 -0.135
-0.090 2.144 -0.134
-0.089 2.144 -0.132
-0.088 2.143 -0.130
-0.087 2.144 -0.129
-0.087 2.143 -0.127
-0.086 2.143 -0.125
-0.085 2.143 -0.124
-0.085 2.143 -0.122
-0.084 2.142 -0.120
-0.084 2.142 -0.117
-0.084 2.142 -0.115
-0.083 2.143 -0.114
-0.083 2.142 -0.112
-0.083 2.142 -0.111
-0.082 2.143 -0.109
-0.081 2.142 -0.107
-0.081 2.142 -0.105
-0.080 2.142 -0.104
-0.079 2.142 -0.102
-0.079 2.142 -0.100
-0.078 2.142 -0.098
-0.078 2.141 -0.097
-0.077 2.141 -0.095
-0.077 2.141 -0.093
-0.076 2.141 -0.091
-0.075 2.141 -0.089
-0.075 2.141 -0.087
-0.074 2.140 -0.086
-0.073 2.140 -0.084
-0.073 2.140 -0.082
-0.072 2.140 -0.080
-0.072 2.140 -0.079
-0.071 2.140 -0.077
-0.071 2.140 -0.075
-0.070 2.140 -0.073
-0.070 2.139 -0.071
-0.069 2.139 -0.069
-0.069 2.139 -0.067
-0.068 2.139 -0.065
-0.068 2.139 -0.064
-0.067 2.138 -0.062
-0.067 2.138 -0.060
-0.067 2.138 -0.058
-0.066 2.137 -0.056
-0.066 2.137 -0.054
-0.066 2.137 -0.052
-0.065 2.137 -0.050
-0.064 2.137 -0.049
-0.064 2.137 -0.047
-0.064 2.136 -0.045
-0.063 2.137 -0.043
-0.062 2.137 -0.041
-0.062 2.137 -0.039
-0.061 2.137 -0.037
-0.061 2.136 -0.035
-0.060 2.136 -0.033
-0.060 2.136 -0.031
-0.060 2.136 -0.029
-0.059 2.135 -0.027
-0.059 2.135 -0.025
-0.059 2.135 -0.023
-0.059 2.134 -0.021
-0.058 2.134 -0.019
-0.058 2.134 -0.017
-0.057 2.133 -0.015
-0.057 2.133 -0.013
-0.057 2.133 -0.011
-0.056 2.133 -0.009
-0.056 2.133 -0.007
-0.055 2.133 -0.005
-0.055 2.133 -0.003
-0.054 2.133 -0.001
-0.054 2.133 0.001
-0.054 2.132 0.003
-0.053 2.132 0.005
-0.053 2.132 0.007
-0.053 2.132 0.009
-0.052 2.131 0.011
-0.052 2.131 0.013
-0.051 2.131 0.015
-0.051 2.130 0.017
-0.051 2.130 0.019
-0.051 2.129 0.021
-0.050 2.129 0.023
-0.050 2.128 0.025
-0.050 2.128 0.027
-0.049 2.128 0.029
-0.049 2.127 0.031
-0.049 2.127 0.034
-0.049 2.126 0.035
-0.048 2.126 0.037
-0.048 2.126 0.039
-0.048 2.125 0.041
-0.047 2.125 0.043
-0.047 2.125 0.045
-0.047 2.124 0.047
-0.046 2.124 0.049
-0.046 2.123 0.051
-0.046 2.123 0.053
-0.046 2.122 0.055
-0.045 2.122 0.057
-0.045 2.121 0.059
-0.045 2.120 0.061
-0.045 2.119 0.063
-0.045 2.119 0.065
-0.045 2.119 0.067
-0.045 2.118 0.069
-0.045 2.117 0.071
-0.045 2.117 0.073
-0.044 2.117 0.075
-0.044 2.116 0.077
-0.044 2.116 0.079
-0.043 2.115 0.081
-0.043 2.115 0.083
-0.043 2.115 0.086
-0.042 2.115 0.088
-0.042 2.114 0.090
-0.042 2.114 0.092
-0.041 2.114 0.094
-0.041 2.113 0.096
-0.041 2.113 0.098
-0.041 2.113 0.100
-0.041 2.112 0.102
-0.040 2.112 0.104
-0.041 2.112 0.106
-0.040 2.111 0.108
-0.040 2.110 0.111
-0.040 2.110 0.113
-0.039 2.110 0.115
-0.039 2.109 0.117
-0.038 2.109 0.119
-0.038 2.109 0.121
-0.038 2.108 0.123
-0.038 2.108 0.125
-0.038 2.107 0.128
-0.038 2.107 0.130
