x y z
-1.313 2.339 -0.303
-1.312 2.340 -0.301
-1.312 2.340 -0.300
-1.312 2.341 -0.298
-1.312 2.341 -0.296
-1.312 2.341 -0.295
-1.312 2.341 -0.294
-1.312 2.342 -0.292
-1.312 2.342 -0.291
-1.312 2.342 -0.289
-1.312 2.343 -0.287
-1.312 2.343 -0.286
-1.312 2.344 -0.284
-1.312 2.344 -0.283
-1.312 2.344 -0.281
-1.312 2.345 -0.280
-1.312 2.345 -0.278
-1.311 2.346 -0.277
-1.311 2.346 -0.276
-1.311 2.347 -0.274
-1.311 2.347 -0.272
-1.311 2.348 -0.271
-1.311 2.348 -0.269
-1.311 2.348 -0.268
-1.311 2.349 -0.267
-1.311 2.349 -0.265
-1.310 2.349 -0.264
-1.311 2.350 -0.262
-1.311 2.350 -0.261
-1.311 2.350 -0.259
-1.311 2.351 -0.258
-1.310 2.351 -0.257
-1.311 2.352 -0.256
-1.311 2.352 -0.254
-1.310 2.352 -0.253
-1.311 2.352 -0.251
-1.311 2.353 -0.250
-1.310 2.353 -0.249
-1.311 2.353 -0.247
-1.310 2.354 -0.246
-1.310 2.354 -0.245
-1.310 2.354 -0.243
-1.309 2.355 -0.242
-1.309 2.355 -0.241
-1.309 2.355 -0.239
-1.308 2.356 -0.238
-1.308 2.356 -0.237
-1.307 2.356 -0.235
-1.307 2.357 -0.234
-1.306 2.357 -0.233
-1.306 2.357 -0.231
-1.306 2.358 -0.230
-1.305 2.358 -0.229
-1.305 2.359 -0.227
-1.304 2.359 -0.226
-1.303 2.359 -0.225
-1.303 2.360 -0.224
-1.303 2.360 -0.223
-1.303 2.360 -0.221
-1.303 2.361 -0.220
-1.302 2.361 -0.219
-1.302 2.362 -0.218
-1.302 2.362 -0.217
-1.302 2.362 -0.216
-1.302 2.362 -0.215
-1.302 2.363 -0.214
-1.302 2.363 -0.213
-1.302 2.363 -0.212
-1.302 2.363 -0.211
-1.303 2.363 -0.210
-1.302 2.364 -0.209
-1.302 2.364 -0.208
-1.302 2.363 -0.207
-1.302 2.363 -0.206
-1.301 2.361 -0.205
-1.300 2.358 -0.205
-1.297 2.353 -0.205
-1.294 2.346 -0.205
-1.290 2.338 -0.205
-1.286 2.329 -0.207
-1.282 2.320 -0.208
-1.278 2.310 -0.210
-1.273 2.299 -0.212
-1.268 2.289 -0.214
-1.262 2.277 -0.216
-1.256 2.265 -0.219
-1.250 2.253 -0.222
-1.244 2.240 -0.224
-1.237 2.227 -0.227
-1.228 2.212 -0.229
-1.222 2.200 -0.231
-1.215 2.186 -0.235
-1.209 2.173 -0.238
-1.201 2.158 -0.242
-1.194 2.143 -0.244
-1.187 2.128 -0.247
-1.180 2.114 -0.250
-1.172 2.099 -0.253
-1.163 2.082 -0.258
-1.156 2.068 -0.263
-1.148 2.053 -0.266
-1.140 2.036 -0.269
-1.132 2.021 -0.273
-1.123 2.005 -0.277
-1.115 1.988 -0.281
-1.107 1.972 -0.286
-1.098 1.956 -0.290
-1.090 1.940 -0.294
-1.081 1.923 -0.299
-1.073 1.906 -0.304
-1.064 1.889 -0.308
-1.055 1.872 -0.313
-1.047 1.855 -0.318
-1.038 1.838 -0.323
-1.029 1.820 -0.328
-1.020 1.803 -0.333
-1.011 1.786 -0.338
-1.002 1.768 -0.344
-0.993 1.751 -0.349
-0.984 1.733 -0.355
-0.975 1.716 -0.361
-0.965 1.698 -0.367
-0.956 1.680 -0.373
-0.946 1.663 -0.379
-0.937 1.644 -0.385
-0.927 1.626 -0.392
-0.918 1.608 -0.398
-0.908 1.590 -0.405
-0.899 1.571 -0.411
-0.889 1.552 -0.418
-0.880 1.533 -0.425
-0.870 1.514 -0.432
-0.860 1.495 -0.438
-0.851 1.476 -0.445
-0.841 1.457 -0.452
-0.831 1.437 -0.459
-0.821 1.418 -0.465
-0.811 1.399 -0.472
-0.802 1.379 -0.479
-0.792 1.359 -0.485
-0.782 1.339 -0.492
-0.772 1.320 -0.498
-0.763 1.300 -0.505
-0.753 1.280 -0.511
-0.743 1.260 -0.517
-0.734 1.239 -0.523
-0.724 1.219 -0.530
-0.714 1.199 -0.536
-0.705 1.179 -0.542
-0.695 1.158 -0.548
-0.686 1.140 -0.553
-0.678 1.123 -0.558
-0.671 1.107 -0.563
-0.667 1.096 -0.567
-0.665 1.088 -0.570
-0.666 1.086 -0.573
-0.668 1.088 -0.577
-0.672 1.092 -0.581
-0.677 1.098 -0.585
-0.683 1.105 -0.589
-0.689 1.112 -0.592
-0.693 1.117 -0.594
-0.697 1.122 -0.596
-0.701 1.127 -0.597
-0.705 1.132 -0.598
-0.709 1.136 -0.598
-0.712 1.141 -0.599
-0.715 1.146 -0.599
-0.718 1.150 -0.599
-0.720 1.153 -0.599
-0.722 1.156 -0.599
-0.723 1.158 -0.598
-0.724 1.160 -0.598
-0.725 1.161 -0.598
-0.726 1.162 -0.597
-0.726 1.163 -0.597
-0.726 1.163 -0.596
-0.726 1.162 -0.595
-0.726 1.162 -0.594
-0.726 1.161 -0.593
-0.725 1.159 -0.592
-0.725 1.158 -0.591
-0.724 1.156 -0.590
-0.723 1.154 -0.589
-0.723 1.152 -0.588
-0.721 1.150 -0.587
-0.720 1.148 -0.585
-0.718 1.145 -0.584
-0.717 1.142 -0.582
-0.715 1.139 -0.580
-0.714 1.136 -0.578
-0.712 1.133 -0.577
-0.710 1.130 -0.575
-0.709 1.127 -0.573
-0.707 1.124 -0.571
-0.705 1.120 -0.569
-0.704 1.117 -0.567
-0.702 1.114 -0.565
-0.701 1.111 -0.563
-0.699 1.107 -0.561
-0.698 1.104 -0.559
-0.697 1.101 -0.557
-0.695 1.098 -0.555
-0.694 1.095 -0.553
-0.693 1.092 -0.551
-0.694 1.089 -0.548
-0.693 1.086 -0.546
-0.692 1.084 -0.544
-0.690 1.081 -0.543
-0.687 1.080 -0.542
-0.686 1.078 -0.541
-0.685 1.076 -0.539
-0.684 1.074 -0.538
-0.683 1.073 -0.536
-0.682 1.071 -0.535
-0.682 1.070 -0.534
-0.681 1.069 -0.533
-0.680 1.068 -0.532
-0.680 1.066 -0.531
-0.679 1.065 -0.530
-0.678 1.064 -0.529
-0.678 1.063 -0.529
-0.678 1.062 -0.528
-0.677 1.061 -0.527
-0.677 1.061 -0.527
-0.677 1.060 -0.526
-0.676 1.060 -0.526
-0.676 1.059 -0.526
-0.676 1.059 -0.525
-0.676 1.059 -0.525
-0.675 1.059 -0.525
-0.675 1.059 -0.525
-0.675 1.059 -0.524
-0.674 1.059 -0.524
-0.674 1.059 -0.524
-0.674 1.059 -0.524
-0.673 1.059 -0.524
-0.673 1.059 -0.523
-0.673 1.060 -0.523
-0.673 1.060 -0.523
-0.673 1.060 -0.523
-0.672 1.060 -0.523
-0.672 1.060 -0.522
-0.672 1.061 -0.522
-0.672 1.060 -0.522
-0.671 1.060 -0.521
-0.671 1.060 -0.521
-0.671 1.060 -0.521
-0.670 1.060 -0.520
-0.670 1.060 -0.520
-0.669 1.059 -0.519
-0.668 1.059 -0.519
-0.668 1.058 -0.518
-0.667 1.058 -0.517
-0.666 1.057 -0.517
-0.666 1.056 -0.516
-0.665 1.055 -0.515
-0.664 1.054 -0.514
-0.663 1.053 -0.514
-0.662 1.052 -0.513
-0.661 1.051 -0.512
-0.660 1.050 -0.511
-0.660 1.048 -0.510
-0.659 1.047 -0.509
-0.658 1.046 -0.508
-0.657 1.044 -0.507
-0.656 1.043 -0.505
-0.655 1.041 -0.504
-0.654 1.039 -0.503
-0.654 1.038 -0.502
-0.653 1.036 -0.501
-0.652 1.034 -0.499
-0.651 1.033 -0.498
-0.650 1.031 -0.497
-0.649 1.029 -0.495
-0.648 1.027 -0.494
-0.647 1.025 -0.493
-0.647 1.024 -0.491
-0.646 1.022 -0.490
-0.645 1.020 -0.488
-0.644 1.019 -0.487
-0.643 1.017 -0.485
-0.642 1.015 -0.484
-0.641 1.013 -0.483
-0.640 1.012 -0.481
-0.640 1.010 -0.480
-0.639 1.008 -0.478
-0.638 1.006 -0.477
-0.638 1.005 -0.476
-0.637 1.003 -0.474
-0.637 1.001 -0.473
-0.636 1.000 -0.471
-0.636 0.998 -0.470
-0.635 0.997 -0.469
-0.635 0.995 -0.468
-0.634 0.994 -0.466
-0.634 0.993 -0.465
-0.633 0.991 -0.464
-0.633 0.990 -0.463
-0.633 0.989 -0.461
-0.632 0.988 -0.460
-0.632 0.986 -0.459
-0.632 0.985 -0.458
-0.631 0.984 -0.457
-0.631 0.984 -0.456
-0.630 0.983 -0.455
-0.630 0.982 -0.454
-0.630 0.982 -0.453
-0.630 0.981 -0.452
-0.630 0.980 -0.451
-0.629 0.979 -0.450
-0.629 0.979 -0.449
-0.629 0.978 -0.448
-0.629 0.977 -0.448
-0.628 0.977 -0.447
-0.628 0.976 -0.446
-0.628 0.976 -0.445
-0.628 0.975 -0.444
-0.628 0.975 -0.443
-0.627 0.974 -0.442
-0.627 0.974 -0.441
-0.627 0.974 -0.440
-0.627 0.973 -0.439
-0.626 0.973 -0.438
-0.626 0.972 -0.437
-0.626 0.972 -0.436
-0.626 0.971 -0.435
-0.626 0.971 -0.434
-0.626 0.970 -0.433
-0.626 0.970 -0.432
-0.626 0.969 -0.431
-0.625 0.969 -0.430
-0.625 0.968 -0.429
-0.625 0.967 -0.428
-0.625 0.967 -0.426
-0.625 0.966 -0.425
-0.624 0.965 -0.424
-0.624 0.964 -0.423
-0.623 0.964 -0.421
-0.623 0.963 -0.420
-0.623 0.962 -0.419
-0.622 0.961 -0.417
-0.622 0.961 -0.416
-0.621 0.960 -0.415
-0.621 0.959 -0.413
-0.620 0.958 -0.412
-0.620 0.957 -0.410
-0.619 0.956 -0.409
-0.619 0.955 -0.407
-0.618 0.954 -0.406
-0.618 0.953 -0.404
-0.618 0.952 -0.403
-0.617 0.951 -0.401
-0.617 0.949 -0.400
-0.617 0.948 -0.398
-0.616 0.947 -0.397
-0.616 0.946 -0.395
-0.616 0.945 -0.393
-0.615 0.943 -0.392
-0.615 0.942 -0.390
-0.614 0.941 -0.388
-0.614 0.940 -0.387
-0.613 0.939 -0.385
-0.613 0.937 -0.383
-0.612 0.936 -0.382
-0.612 0.935 -0.380
-0.612 0.934 -0.378
-0.611 0.933 -0.377
-0.611 0.932 -0.375
-0.611 0.931 -0.373
-0.611 0.930 -0.372
-0.610 0.929 -0.370
-0.610 0.928 -0.369
-0.610 0.926 -0.367
-0.610 0.926 -0.365
-0.610 0.925 -0.364
-0.610 0.924 -0.362
-0.610 0.923 -0.361
-0.609 0.922 -0.359
-0.609 0.921 -0.357
-0.609 0.921 -0.356
-0.609 0.920 -0.354
-0.608 0.919 -0.353
-0.608 0.919 -0.351
-0.608 0.918 -0.350
-0.608 0.917 -0.348
-0.608 0.917 -0.347
-0.608 0.916 -0.345
-0.608 0.915 -0.344
-0.608 0.914 -0.342
-0.608 0.914 -0.341
-0.608 0.913 -0.340
-0.608 0.912 -0.338
-0.608 0.912 -0.337
-0.608 0.911 -0.335
-0.608 0.911 -0.334
-0.608 0.910 -0.332
-0.608 0.910 -0.331
-0.608 0.910 -0.329
-0.608 0.909 -0.328
-0.608 0.909 -0.326
-0.608 0.909 -0.325
-0.607 0.908 -0.323
-0.607 0.908 -0.322
-0.607 0.908 -0.320
-0.607 0.907 -0.319
-0.607 0.907 -0.317
-0.607 0.906 -0.316
-0.608 0.906 -0.314
-0.608 0.905 -0.312
-0.608 0.904 -0.311
-0.608 0.904 -0.309
-0.608 0.903 -0.308
-0.608 0.903 -0.306
-0.608 0.902 -0.305
-0.608 0.902 -0.303
-0.608 0.901 -0.301
-0.608 0.901 -0.300
-0.608 0.900 -0.298
-0.608 0.900 -0.296
-0.607 0.899 -0.294
-0.607 0.899 -0.293
-0.607 0.898 -0.291
-0.607 0.898 -0.289
-0.607 0.897 -0.287
-0.607 0.896 -0.285
-0.607 0.896 -0.284
-0.607 0.895 -0.282
-0.607 0.895 -0.280
-0.607 0.894 -0.278
-0.607 0.893 -0.276
-0.607 0.892 -0.274
-0.606 0.892 -0.272
-0.606 0.891 -0.271
-0.606 0.890 -0.269
-0.606 0.890 -0.267
-0.606 0.889 -0.265
-0.606 0.888 -0.263
-0.606 0.887 -0.261
-0.606 0.887 -0.259
-0.606 0.886 -0.257
-0.606 0.885 -0.256
-0.606 0.885 -0.254
-0.606 0.884 -0.252
-0.606 0.883 -0.250
-0.605 0.882 -0.248
-0.605 0.882 -0.246
-0.605 0.881 -0.244
-0.605 0.880 -0.242
-0.605 0.880 -0.240
-0.605 0.879 -0.238
-0.605 0.878 -0.236
-0.605 0.878 -0.234
-0.605 0.877 -0.232
-0.605 0.877 -0.230
-0.605 0.876 -0.228
-0.605 0.876 -0.227
-0.605 0.875 -0.225
-0.605 0.875 -0.223
-0.605 0.874 -0.221
-0.605 0.874 -0.219
-0.605 0.873 -0.217
-0.606 0.873 -0.215
-0.606 0.872 -0.213
-0.606 0.872 -0.212
-0.606 0.871 -0.210
-0.606 0.871 -0.208
-0.606 0.870 -0.206
-0.606 0.870 -0.204
-0.606 0.870 -0.202
-0.606 0.869 -0.200
-0.606 0.869 -0.198
-0.606 0.869 -0.197
-0.606 0.868 -0.195
-0.607 0.868 -0.193
-0.607 0.868 -0.191
-0.607 0.868 -0.189
-0.607 0.867 -0.187
-0.607 0.867 -0.185
-0.607 0.867 -0.183
-0.607 0.866 -0.181
-0.608 0.866 -0.180
-0.608 0.866 -0.178
-0.608 0.865 -0.176
