x y z
-1.328 1.274 -0.446
-1.329 1.274 -0.444
-1.330 1.274 -0.443
-1.331 1.274 -0.442
-1.332 1.274 -0.440
-1.332 1.274 -0.439
-1.333 1.273 -0.438
-1.333 1.273 -0.437
-1.334 1.273 -0.435
-1.335 1.273 -0.434
-1.335 1.273 -0.432
-1.336 1.273 -0.431
-1.337 1.273 -0.430
-1.337 1.273 -0.428
-1.338 1.273 -0.427
-1.338 1.273 -0.426
-1.339 1.272 -0.424
-1.340 1.272 -0.423
-1.340 1.272 -0.421
-1.341 1.271 -0.420
-1.342 1.271 -0.419
-1.343 1.271 -0.417
-1.343 1.271 -0.416
-1.344 1.270 -0.415
-1.345 1.270 -0.413
-1.346 1.269 -0.412
-1.347 1.269 -0.411
-1.347 1.269 -0.409
-1.348 1.268 -0.408
-1.348 1.268 -0.407
-1.349 1.268 -0.405
-1.349 1.268 -0.404
-1.350 1.268 -0.403
-1.350 1.268 -0.401
-1.350 1.268 -0.400
-1.351 1.268 -0.398
-1.352 1.268 -0.398
-1.352 1.268 -0.396
-1.353 1.268 -0.395
-1.354 1.268 -0.394
-1.354 1.268 -0.393
-1.355 1.268 -0.392
-1.356 1.268 -0.390
-1.356 1.268 -0.389
-1.357 1.268 -0.388
-1.358 1.268 -0.387
-1.358 1.268 -0.386
-1.358 1.268 -0.384
-1.359 1.268 -0.383
-1.359 1.268 -0.382
-1.359 1.268 -0.381
-1.359 1.269 -0.380
-1.360 1.269 -0.378
-1.360 1.269 -0.377
-1.360 1.269 -0.376
-1.360 1.269 -0.375
-1.361 1.269 -0.374
-1.361 1.269 -0.373
-1.361 1.269 -0.372
-1.362 1.269 -0.371
-1.362 1.270 -0.370
-1.362 1.269 -0.369
-1.362 1.270 -0.368
-1.363 1.270 -0.367
-1.363 1.270 -0.366
-1.363 1.271 -0.365
-1.363 1.271 -0.364
-1.364 1.271 -0.363
-1.364 1.272 -0.362
-1.365 1.272 -0.362
-1.365 1.273 -0.361
-1.365 1.273 -0.360
-1.365 1.274 -0.359
-1.365 1.275 -0.358
-1.364 1.276 -0.357
-1.363 1.277 -0.356
-1.361 1.278 -0.355
-1.359 1.279 -0.354
-1.357 1.281 -0.354
-1.355 1.283 -0.353
-1.352 1.285 -0.353
-1.349 1.287 -0.352
-1.346 1.289 -0.352
-1.343 1.291 -0.352
-1.339 1.294 -0.351
-1.335 1.297 -0.351
-1.331 1.300 -0.351
-1.327 1.303 -0.351
-1.322 1.306 -0.351
-1.318 1.309 -0.351
-1.313 1.312 -0.350
-1.309 1.315 -0.350
-1.304 1.318 -0.350
-1.299 1.321 -0.349
-1.294 1.324 -0.349
-1.289 1.327 -0.348
-1.284 1.330 -0.348
-1.279 1.333 -0.348
-1.274 1.336 -0.347
-1.269 1.339 -0.347
-1.263 1.342 -0.346
-1.258 1.345 -0.346
-1.253 1.348 -0.345
-1.247 1.351 -0.345
-1.242 1.354 -0.345
-1.236 1.358 -0.344
-1.231 1.361 -0.344
-1.225 1.364 -0.344
-1.219 1.368 -0.343
-1.213 1.371 -0.343
-1.207 1.375 -0.343
-1.201 1.378 -0.343
-1.195 1.382 -0.343
-1.189 1.385 -0.342
-1.183 1.389 -0.342
-1.177 1.392 -0.342
-1.171 1.396 -0.342
-1.164 1.399 -0.342
-1.158 1.403 -0.342
-1.152 1.407 -0.341
-1.145 1.410 -0.342
-1.139 1.414 -0.341
-1.132 1.418 -0.341
-1.126 1.422 -0.342
-1.119 1.426 -0.342
-1.112 1.430 -0.341
-1.106 1.434 -0.342
-1.099 1.438 -0.342
-1.092 1.442 -0.342
-1.085 1.446 -0.342
-1.078 1.450 -0.342
-1.071 1.454 -0.342
-1.064 1.459 -0.342
-1.057 1.463 -0.343
-1.049 1.467 -0.343
-1.042 1.471 -0.343
-1.035 1.475 -0.343
-1.028 1.480 -0.344
-1.020 1.484 -0.344
-1.013 1.488 -0.344
-1.005 1.492 -0.344
-0.998 1.497 -0.345
-0.991 1.501 -0.345
-0.983 1.505 -0.345
-0.976 1.510 -0.346
-0.968 1.514 -0.346
-0.961 1.519 -0.346
-0.953 1.523 -0.347
-0.946 1.527 -0.347
-0.939 1.531 -0.347
-0.933 1.536 -0.348
-0.929 1.539 -0.348
-0.927 1.541 -0.348
-0.926 1.543 -0.348
-0.927 1.543 -0.349
-0.929 1.543 -0.350
-0.932 1.542 -0.351
-0.941 1.541 -0.348
-0.943 1.538 -0.353
-0.946 1.536 -0.356
-0.950 1.534 -0.357
-0.953 1.532 -0.359
-0.955 1.530 -0.361
-0.959 1.529 -0.360
-0.961 1.527 -0.361
-0.963 1.526 -0.361
-0.964 1.525 -0.361
-0.965 1.524 -0.361
-0.965 1.523 -0.362
-0.966 1.523 -0.362
-0.966 1.522 -0.361
-0.966 1.522 -0.361
-0.966 1.521 -0.361
-0.965 1.521 -0.361
-0.965 1.521 -0.361
-0.964 1.521 -0.361
-0.964 1.521 -0.360
-0.963 1.520 -0.360
-0.962 1.520 -0.360
-0.961 1.520 -0.359
-0.960 1.520 -0.359
-0.959 1.520 -0.359
-0.958 1.520 -0.358
-0.956 1.521 -0.358
-0.955 1.521 -0.358
-0.954 1.521 -0.358
-0.952 1.521 -0.357
-0.951 1.522 -0.357
-0.949 1.522 -0.357
-0.948 1.522 -0.356
-0.946 1.523 -0.356
-0.945 1.523 -0.355
-0.943 1.524 -0.355
-0.942 1.525 -0.355
-0.940 1.525 -0.354
-0.939 1.526 -0.354
-0.937 1.526 -0.353
-0.936 1.527 -0.353
-0.934 1.528 -0.352
-0.933 1.528 -0.352
-0.931 1.529 -0.352
-0.930 1.530 -0.351
-0.928 1.531 -0.351
-0.927 1.531 -0.350
-0.926 1.532 -0.350
-0.924 1.533 -0.350
-0.923 1.533 -0.349
-0.922 1.534 -0.349
-0.921 1.535 -0.348
-0.920 1.536 -0.348
-0.918 1.537 -0.347
-0.918 1.537 -0.347
-0.917 1.538 -0.346
-0.916 1.539 -0.346
-0.915 1.540 -0.346
-0.915 1.540 -0.345
-0.914 1.541 -0.345
-0.914 1.541 -0.344
-0.913 1.542 -0.344
-0.913 1.542 -0.343
-0.912 1.543 -0.342
-0.912 1.543 -0.342
-0.912 1.543 -0.341
-0.911 1.544 -0.341
-0.911 1.544 -0.340
-0.911 1.544 -0.340
-0.910 1.545 -0.339
-0.910 1.545 -0.339
-0.910 1.546 -0.338
-0.909 1.546 -0.337
-0.909 1.546 -0.337
-0.909 1.547 -0.336
-0.908 1.547 -0.335
-0.907 1.547 -0.335
-0.907 1.547 -0.334
-0.907 1.548 -0.333
-0.906 1.548 -0.332
-0.906 1.548 -0.332
-0.906 1.548 -0.331
-0.905 1.548 -0.330
-0.905 1.548 -0.329
-0.905 1.548 -0.328
-0.904 1.548 -0.328
-0.904 1.548 -0.327
-0.904 1.548 -0.326
-0.903 1.548 -0.325
-0.903 1.548 -0.324
-0.903 1.548 -0.323
-0.903 1.548 -0.322
-0.902 1.548 -0.321
-0.902 1.547 -0.321
-0.901 1.547 -0.320
-0.901 1.547 -0.319
-0.901 1.547 -0.318
-0.902 1.548 -0.315
-0.900 1.547 -0.316
-0.899 1.548 -0.315
-0.899 1.547 -0.314
-0.898 1.548 -0.313
-0.897 1.548 -0.312
-0.896 1.548 -0.311
-0.896 1.548 -0.310
-0.895 1.548 -0.309
-0.895 1.548 -0.307
-0.894 1.549 -0.306
-0.893 1.549 -0.305
-0.893 1.549 -0.304
-0.892 1.549 -0.303
-0.891 1.549 -0.302
-0.890 1.549 -0.301
-0.890 1.550 -0.300
-0.889 1.550 -0.299
-0.888 1.550 -0.298
-0.888 1.550 -0.297
-0.887 1.551 -0.296
-0.886 1.551 -0.295
-0.886 1.551 -0.294
-0.885 1.551 -0.293
-0.884 1.552 -0.291
-0.883 1.552 -0.290
-0.883 1.552 -0.289
-0.882 1.553 -0.288
-0.881 1.553 -0.287
-0.881 1.554 -0.286
-0.880 1.554 -0.285
-0.879 1.554 -0.284
-0.879 1.554 -0.283
-0.878 1.555 -0.282
-0.877 1.555 -0.281
-0.877 1.555 -0.279
-0.876 1.556 -0.278
-0.876 1.556 -0.277
-0.875 1.556 -0.276
-0.877 1.558 -0.274
-0.874 1.557 -0.274
-0.873 1.557 -0.273
-0.872 1.558 -0.272
