x y z
-1.435 2.258 -0.323
-1.435 2.258 -0.321
-1.435 2.258 -0.319
-1.435 2.257 -0.317
-1.434 2.257 -0.316
-1.434 2.257 -0.314
-1.434 2.256 -0.312
-1.433 2.256 -0.310
-1.433 2.256 -0.309
-1.433 2.255 -0.307
-1.433 2.255 -0.305
-1.433 2.254 -0.304
-1.433 2.254 -0.302
-1.433 2.253 -0.300
-1.432 2.253 -0.299
-1.432 2.253 -0.297
-1.432 2.252 -0.295
-1.432 2.252 -0.294
-1.432 2.252 -0.292
-1.431 2.252 -0.291
-1.431 2.252 -0.289
-1.431 2.252 -0.288
-1.430 2.251 -0.286
-1.430 2.251 -0.285
-1.430 2.251 -0.284
-1.430 2.251 -0.282
-1.430 2.251 -0.281
-1.430 2.250 -0.279
-1.429 2.250 -0.278
-1.429 2.250 -0.277
-1.429 2.250 -0.275
-1.429 2.249 -0.274
-1.428 2.249 -0.272
-1.428 2.249 -0.271
-1.428 2.249 -0.269
-1.427 2.249 -0.268
-1.427 2.249 -0.266
-1.427 2.249 -0.265
-1.426 2.249 -0.264
-1.425 2.249 -0.262
-1.425 2.249 -0.261
-1.425 2.249 -0.259
-1.424 2.249 -0.258
-1.424 2.249 -0.257
-1.423 2.249 -0.255
-1.423 2.248 -0.254
-1.422 2.248 -0.253
-1.422 2.248 -0.251
-1.422 2.248 -0.250
-1.422 2.248 -0.249
-1.422 2.248 -0.247
-1.422 2.248 -0.246
-1.422 2.248 -0.245
-1.421 2.248 -0.244
-1.421 2.248 -0.243
-1.421 2.247 -0.242
-1.422 2.247 -0.241
-1.421 2.247 -0.240
-1.422 2.248 -0.239
-1.422 2.248 -0.238
-1.422 2.248 -0.237
-1.422 2.248 -0.236
-1.423 2.247 -0.235
-1.423 2.247 -0.234
-1.422 2.246 -0.232
-1.422 2.246 -0.231
-1.422 2.246 -0.230
-1.422 2.245 -0.229
-1.422 2.245 -0.228
-1.422 2.244 -0.226
-1.420 2.245 -0.225
-1.417 2.245 -0.224
-1.412 2.245 -0.222
-1.406 2.247 -0.222
-1.399 2.249 -0.221
-1.392 2.252 -0.221
-1.383 2.256 -0.223
-1.374 2.260 -0.222
-1.364 2.264 -0.223
-1.355 2.269 -0.224
-1.345 2.274 -0.224
-1.334 2.277 -0.223
-1.323 2.282 -0.223
-1.312 2.287 -0.223
-1.301 2.291 -0.223
-1.289 2.295 -0.222
-1.277 2.300 -0.222
-1.264 2.305 -0.221
-1.252 2.309 -0.221
-1.239 2.314 -0.220
-1.226 2.319 -0.220
-1.213 2.324 -0.220
-1.199 2.329 -0.220
-1.186 2.334 -0.219
-1.172 2.338 -0.219
-1.158 2.343 -0.219
-1.144 2.348 -0.220
-1.131 2.353 -0.219
-1.117 2.358 -0.220
-1.102 2.363 -0.220
-1.088 2.368 -0.221
-1.074 2.373 -0.221
-1.060 2.378 -0.222
-1.046 2.383 -0.222
-1.031 2.389 -0.223
-1.017 2.394 -0.224
-1.002 2.399 -0.225
-0.988 2.404 -0.226
-0.973 2.409 -0.226
-0.959 2.415 -0.227
-0.943 2.420 -0.230
-0.928 2.426 -0.230
-0.913 2.431 -0.232
-0.897 2.437 -0.235
-0.882 2.443 -0.237
-0.868 2.448 -0.237
-0.852 2.455 -0.240
-0.840 2.460 -0.240
-0.823 2.466 -0.242
-0.807 2.471 -0.244
-0.790 2.477 -0.247
-0.774 2.483 -0.249
-0.758 2.489 -0.252
-0.742 2.495 -0.255
-0.726 2.501 -0.257
-0.710 2.507 -0.260
-0.694 2.514 -0.263
-0.678 2.520 -0.266
-0.662 2.527 -0.269
-0.646 2.533 -0.272
-0.630 2.540 -0.275
-0.613 2.546 -0.277
-0.597 2.552 -0.280
-0.580 2.558 -0.284
-0.564 2.564 -0.286
-0.547 2.571 -0.290
-0.531 2.577 -0.293
-0.514 2.584 -0.296
-0.498 2.591 -0.299
-0.482 2.597 -0.302
-0.466 2.604 -0.305
-0.448 2.610 -0.309
-0.431 2.616 -0.313
-0.414 2.623 -0.316
-0.398 2.629 -0.320
-0.381 2.635 -0.323
-0.366 2.642 -0.326
-0.353 2.649 -0.328
-0.339 2.653 -0.331
-0.327 2.658 -0.334
-0.320 2.662 -0.336
-0.316 2.664 -0.337
-0.317 2.664 -0.338
-0.322 2.664 -0.338
-0.325 2.661 -0.343
-0.333 2.658 -0.345
-0.339 2.655 -0.346
-0.346 2.652 -0.345
-0.347 2.649 -0.350
-0.351 2.646 -0.349
-0.352 2.643 -0.350
-0.353 2.641 -0.349
-0.353 2.637 -0.350
-0.352 2.635 -0.351
-0.352 2.633 -0.351
-0.350 2.630 -0.351
-0.349 2.629 -0.352
-0.346 2.627 -0.352
-0.344 2.625 -0.352
-0.342 2.624 -0.353
-0.339 2.622 -0.353
-0.337 2.621 -0.353
-0.334 2.620 -0.354
-0.331 2.618 -0.354
-0.327 2.617 -0.355
-0.324 2.616 -0.355
-0.321 2.615 -0.356
-0.317 2.614 -0.356
-0.314 2.613 -0.357
-0.311 2.612 -0.357
-0.307 2.611 -0.358
-0.304 2.610 -0.358
-0.299 2.609 -0.359
-0.296 2.609 -0.359
-0.292 2.608 -0.360
-0.289 2.607 -0.360
-0.285 2.607 -0.360
-0.281 2.606 -0.360
-0.278 2.606 -0.361
-0.274 2.605 -0.361
-0.270 2.605 -0.361
-0.267 2.605 -0.361
-0.263 2.604 -0.361
-0.260 2.604 -0.362
-0.256 2.604 -0.362
-0.253 2.603 -0.362
-0.250 2.603 -0.362
-0.246 2.603 -0.362
-0.243 2.603 -0.362
-0.240 2.603 -0.363
-0.237 2.602 -0.363
-0.234 2.603 -0.363
-0.231 2.602 -0.363
-0.229 2.603 -0.363
-0.226 2.602 -0.363
-0.223 2.602 -0.364
-0.221 2.603 -0.364
-0.218 2.603 -0.364
-0.216 2.603 -0.365
-0.213 2.603 -0.365
-0.211 2.603 -0.365
-0.209 2.603 -0.365
-0.207 2.603 -0.365
-0.205 2.604 -0.366
-0.203 2.604 -0.366
-0.201 2.604 -0.366
-0.200 2.606 -0.367
-0.198 2.606 -0.368
-0.196 2.607 -0.368
-0.194 2.606 -0.368
-0.192 2.607 -0.368
-0.191 2.607 -0.368
-0.189 2.607 -0.368
-0.188 2.607 -0.369
-0.186 2.607 -0.369
-0.185 2.607 -0.369
-0.183 2.608 -0.369
-0.182 2.608 -0.370
-0.181 2.608 -0.370
-0.179 2.608 -0.370
-0.178 2.608 -0.370
-0.177 2.608 -0.370
-0.175 2.608 -0.370
-0.173 2.606 -0.370
-0.173 2.608 -0.370
-0.172 2.608 -0.370
-0.170 2.608 -0.370
-0.169 2.607 -0.370
-0.168 2.607 -0.370
-0.166 2.607 -0.370
-0.165 2.607 -0.369
-0.164 2.607 -0.369
-0.162 2.607 -0.369
-0.161 2.606 -0.369
-0.159 2.606 -0.369
-0.158 2.606 -0.368
-0.156 2.606 -0.368
-0.155 2.605 -0.368
-0.153 2.605 -0.367
-0.152 2.604 -0.367
-0.150 2.604 -0.367
-0.149 2.604 -0.366
-0.148 2.603 -0.366
-0.146 2.603 -0.365
-0.145 2.602 -0.365
-0.143 2.601 -0.364
-0.141 2.601 -0.364
-0.140 2.600 -0.363
-0.138 2.599 -0.363
-0.136 2.599 -0.362
-0.134 2.598 -0.362
-0.133 2.597 -0.361
-0.130 2.596 -0.361
-0.128 2.596 -0.360
-0.127 2.595 -0.359
-0.125 2.595 -0.359
-0.123 2.594 -0.358
-0.121 2.593 -0.358
-0.119 2.593 -0.357
-0.117 2.592 -0.357
-0.115 2.592 -0.356
-0.112 2.591 -0.355
-0.111 2.591 -0.355
-0.109 2.590 -0.354
-0.107 2.590 -0.353
-0.105 2.590 -0.353
-0.103 2.589 -0.352
-0.101 2.589 -0.352
-0.099 2.589 -0.351
-0.097 2.588 -0.350
-0.096 2.589 -0.350
-0.094 2.589 -0.349
-0.091 2.588 -0.348
-0.090 2.587 -0.348
-0.088 2.587 -0.347
-0.086 2.587 -0.347
-0.084 2.586 -0.346
-0.082 2.585 -0.345
-0.082 2.586 -0.345
-0.080 2.585 -0.345
-0.079 2.585 -0.344
-0.077 2.584 -0.344
-0.076 2.584 -0.343
-0.074 2.584 -0.343
-0.073 2.584 -0.342
-0.072 2.583 -0.342
-0.070 2.583 -0.341
-0.069 2.583 -0.341
-0.067 2.583 -0.340
-0.066 2.583 -0.340
-0.065 2.582 -0.338
-0.063 2.583 -0.338
-0.062 2.582 -0.337
-0.060 2.583 -0.337
-0.059 2.583 -0.337
-0.058 2.583 -0.336
-0.057 2.583 -0.335
-0.055 2.581 -0.335
-0.053 2.581 -0.334
-0.052 2.581 -0.334
-0.051 2.581 -0.333
-0.051 2.582 -0.332
-0.049 2.582 -0.332
-0.048 2.580 -0.331
-0.046 2.580 -0.330
-0.045 2.580 -0.330
-0.044 2.579 -0.329
-0.043 2.579 -0.329
-0.042 2.578 -0.328
-0.041 2.577 -0.327
-0.040 2.577 -0.327
-0.039 2.576 -0.326
-0.038 2.576 -0.325
-0.037 2.575 -0.324
-0.036 2.575 -0.324
-0.034 2.574 -0.323
-0.033 2.574 -0.322
-0.032 2.573 -0.321
-0.031 2.573 -0.320
-0.029 2.572 -0.319
-0.028 2.572 -0.319
-0.027 2.571 -0.318
-0.026 2.570 -0.316
-0.024 2.569 -0.315
-0.023 2.568 -0.314
-0.022 2.568 -0.314
-0.021 2.567 -0.313
-0.019 2.566 -0.311
-0.018 2.565 -0.311
-0.017 2.564 -0.310
-0.016 2.564 -0.309
-0.014 2.563 -0.308
-0.014 2.564 -0.307
-0.013 2.563 -0.306
-0.012 2.562 -0.305
-0.010 2.561 -0.304
-0.009 2.561 -0.304
-0.007 2.559 -0.303
-0.006 2.559 -0.302
-0.004 2.558 -0.301
-0.003 2.557 -0.300
-0.002 2.556 -0.299
-0.001 2.556 -0.298
0.000 2.555 -0.297
0.001 2.554 -0.296
0.002 2.554 -0.295
0.004 2.553 -0.294
0.005 2.552 -0.293
0.006 2.552 -0.292
0.007 2.551 -0.291
0.008 2.551 -0.290
0.009 2.550 -0.289
0.011 2.550 -0.288
0.012 2.549 -0.286
0.013 2.549 -0.285
0.014 2.549 -0.284
0.015 2.548 -0.283
0.016 2.548 -0.282
0.017 2.547 -0.281
0.018 2.547 -0.280
0.019 2.546 -0.279
0.020 2.545 -0.278
0.021 2.545 -0.277
0.022 2.544 -0.276
0.023 2.544 -0.275
0.024 2.543 -0.274
0.025 2.543 -0.273
0.026 2.542 -0.272
0.027 2.542 -0.271
0.028 2.541 -0.270
0.029 2.541 -0.269
0.030 2.541 -0.268
0.031 2.540 -0.266
0.032 2.540 -0.265
0.033 2.540 -0.264
0.034 2.539 -0.263
0.035 2.539 -0.262
0.036 2.538 -0.261
0.037 2.538 -0.260
0.037 2.537 -0.259
0.038 2.536 -0.258
0.039 2.536 -0.257
0.039 2.535 -0.255
0.040 2.534 -0.254
0.041 2.534 -0.253
0.042 2.533 -0.252
0.042 2.532 -0.251
0.043 2.532 -0.249
0.044 2.531 -0.248
0.045 2.531 -0.247
0.046 2.530 -0.246
0.047 2.529 -0.245
0.049 2.529 -0.243
0.050 2.528 -0.242
0.051 2.527 -0.241
0.052 2.527 -0.240
0.053 2.526 -0.238
0.054 2.525 -0.237
0.055 2.524 -0.236
0.056 2.523 -0.235
0.057 2.522 -0.234
0.057 2.521 -0.232
0.058 2.520 -0.231
0.059 2.520 -0.231
0.060 2.519 -0.229
0.061 2.519 -0.228
0.062 2.518 -0.227
0.063 2.516 -0.225
0.064 2.516 -0.224
0.065 2.515 -0.222
0.066 2.514 -0.221
0.067 2.513 -0.220
0.065 2.514 -0.218
0.066 2.513 -0.217
0.067 2.512 -0.216
0.068 2.511 -0.214
0.069 2.511 -0.213
0.070 2.510 -0.212
0.070 2.509 -0.211
0.071 2.508 -0.209
0.072 2.507 -0.208
0.073 2.506 -0.207
0.073 2.506 -0.205
0.074 2.505 -0.204
0.075 2.504 -0.203
0.076 2.503 -0.201
0.077 2.503 -0.200
0.077 2.502 -0.199
0.078 2.501 -0.197
0.079 2.500 -0.196
0.080 2.500 -0.195
0.080 2.499 -0.193
0.081 2.498 -0.192
0.082 2.498 -0.191
0.083 2.497 -0.189
0.083 2.496 -0.188
0.084 2.495 -0.187
0.085 2.495 -0.185
0.086 2.494 -0.184
0.086 2.493 -0.183
0.087 2.492 -0.181
0.088 2.492 -0.180
0.088 2.491 -0.179
0.089 2.491 -0.177
0.090 2.490 -0.176
0.091 2.489 -0.175
0.091 2.489 -0.173
0.092 2.488 -0.172
0.093 2.487 -0.171
0.094 2.487 -0.169
0.094 2.486 -0.168
0.095 2.486 -0.166
0.096 2.485 -0.165
0.096 2.484 -0.163
0.097 2.483 -0.162
0.098 2.483 -0.160
0.099 2.482 -0.159
0.099 2.481 -0.158
0.098 2.482 -0.156
0.099 2.481 -0.155
0.099 2.480 -0.153
0.100 2.479 -0.152
0.100 2.479 -0.150
0.101 2.478 -0.149
0.102 2.477 -0.147
0.102 2.476 -0.146
0.103 2.475 -0.145
0.103 2.475 -0.143
0.104 2.474 -0.142
0.104 2.473 -0.140
0.105 2.473 -0.139
0.105 2.472 -0.137
0.106 2.471 -0.136
0.106 2.470 -0.134
0.107 2.470 -0.133
0.108 2.469 -0.131
0.108 2.468 -0.129
0.109 2.468 -0.128
0.110 2.467 -0.126
0.110 2.466 -0.125
0.111 2.465 -0.123
0.111 2.465 -0.122
0.112 2.464 -0.120
0.112 2.463 -0.119
0.112 2.462 -0.117
0.113 2.461 -0.115
0.113 2.461 -0.114
0.113 2.460 -0.112
0.114 2.459 -0.111
0.114 2.458 -0.109
0.114 2.457 -0.108
0.115 2.457 -0.106
0.116 2.456 -0.105
0.116 2.456 -0.102
0.116 2.455 -0.101
0.119 2.453 -0.099
0.118 2.454 -0.098
0.119 2.452 -0.096
0.119 2.452 -0.094
0.120 2.452 -0.093
0.120 2.451 -0.091
0.120 2.450 -0.089
0.121 2.449 -0.087
0.122 2.448 -0.086
0.121 2.448 -0.084
0.121 2.447 -0.082
0.124 2.445 -0.081
0.125 2.444 -0.080
0.125 2.443 -0.078
0.125 2.442 -0.076
0.125 2.442 -0.075
0.126 2.441 -0.073
0.127 2.440 -0.072
0.127 2.440 -0.069
