x y z
-2.097 -0.039 -0.590
-2.096 -0.038 -0.588
-2.096 -0.038 -0.587
-2.096 -0.038 -0.586
-2.095 -0.038 -0.584
-2.095 -0.037 -0.583
-2.095 -0.037 -0.582
-2.094 -0.037 -0.580
-2.094 -0.036 -0.579
-2.093 -0.036 -0.577
-2.093 -0.036 -0.576
-2.093 -0.036 -0.574
-2.092 -0.036 -0.572
-2.092 -0.036 -0.571
-2.091 -0.035 -0.570
-2.091 -0.035 -0.569
-2.091 -0.035 -0.567
-2.090 -0.035 -0.566
-2.090 -0.035 -0.564
-2.089 -0.035 -0.563
-2.089 -0.034 -0.562
-2.089 -0.034 -0.560
-2.088 -0.034 -0.559
-2.088 -0.034 -0.558
-2.087 -0.034 -0.556
-2.087 -0.034 -0.555
-2.086 -0.034 -0.554
-2.086 -0.034 -0.552
-2.085 -0.034 -0.551
-2.085 -0.033 -0.549
-2.085 -0.033 -0.548
-2.084 -0.033 -0.547
-2.084 -0.033 -0.545
-2.083 -0.033 -0.544
-2.083 -0.033 -0.543
-2.082 -0.032 -0.542
-2.082 -0.032 -0.541
-2.081 -0.032 -0.540
-2.081 -0.032 -0.538
-2.080 -0.032 -0.537
-2.080 -0.033 -0.535
-2.079 -0.032 -0.534
-2.079 -0.032 -0.533
-2.078 -0.032 -0.531
-2.078 -0.032 -0.530
-2.077 -0.031 -0.529
-2.076 -0.031 -0.528
-2.076 -0.031 -0.527
-2.075 -0.030 -0.525
-2.075 -0.030 -0.524
-2.074 -0.030 -0.523
-2.073 -0.029 -0.522
-2.073 -0.029 -0.520
-2.072 -0.028 -0.519
-2.071 -0.028 -0.518
-2.071 -0.027 -0.517
-2.070 -0.027 -0.515
-2.070 -0.027 -0.514
-2.069 -0.027 -0.512
-2.068 -0.027 -0.511
-2.068 -0.026 -0.511
-2.067 -0.026 -0.510
-2.067 -0.026 -0.509
-2.066 -0.027 -0.508
-2.065 -0.027 -0.507
-2.065 -0.027 -0.506
-2.064 -0.027 -0.505
-2.064 -0.027 -0.504
-2.063 -0.026 -0.503
-2.063 -0.026 -0.502
-2.062 -0.025 -0.501
-2.062 -0.023 -0.500
-2.062 -0.021 -0.499
-2.061 -0.019 -0.498
-2.061 -0.016 -0.496
-2.061 -0.014 -0.496
-2.061 -0.011 -0.494
-2.061 -0.008 -0.494
-2.060 -0.003 -0.493
-2.060 0.001 -0.493
-2.060 0.005 -0.492
-2.059 0.009 -0.492
-2.059 0.014 -0.492
-2.059 0.019 -0.491
-2.059 0.024 -0.491
-2.059 0.029 -0.491
-2.059 0.034 -0.490
-2.059 0.039 -0.490
-2.059 0.044 -0.489
-2.059 0.050 -0.489
-2.059 0.056 -0.488
-2.059 0.061 -0.488
-2.059 0.067 -0.487
-2.058 0.073 -0.486
-2.058 0.079 -0.486
-2.058 0.084 -0.485
-2.058 0.090 -0.484
-2.058 0.096 -0.483
-2.057 0.102 -0.482
-2.057 0.108 -0.481
-2.057 0.114 -0.480
-2.056 0.120 -0.479
-2.056 0.126 -0.478
-2.056 0.132 -0.478
-2.055 0.138 -0.477
-2.055 0.145 -0.476
-2.055 0.151 -0.475
-2.055 0.157 -0.474
-2.054 0.164 -0.473
-2.053 0.171 -0.472
-2.053 0.177 -0.471
-2.052 0.184 -0.470
-2.052 0.190 -0.470
-2.052 0.197 -0.469
-2.052 0.204 -0.468
-2.051 0.211 -0.467
-2.051 0.218 -0.467
-2.051 0.225 -0.466
-2.050 0.232 -0.465
-2.050 0.239 -0.465
-2.050 0.246 -0.464
-2.049 0.253 -0.463
-2.049 0.260 -0.463
-2.049 0.268 -0.462
-2.048 0.275 -0.462
-2.048 0.282 -0.461
-2.048 0.289 -0.460
-2.048 0.296 -0.459
-2.048 0.304 -0.459
-2.047 0.312 -0.458
-2.047 0.319 -0.458
-2.047 0.327 -0.457
-2.047 0.335 -0.457
-2.047 0.342 -0.456
-2.046 0.350 -0.456
-2.046 0.358 -0.456
-2.046 0.365 -0.455
-2.045 0.373 -0.455
-2.045 0.381 -0.455
-2.045 0.388 -0.454
-2.045 0.396 -0.454
-2.045 0.404 -0.454
-2.044 0.412 -0.453
-2.044 0.419 -0.453
-2.044 0.428 -0.453
-2.044 0.435 -0.453
-2.043 0.443 -0.452
-2.043 0.449 -0.452
-2.043 0.455 -0.452
-2.043 0.458 -0.452
-2.043 0.461 -0.452
-2.044 0.461 -0.452
-2.043 0.460 -0.453
-2.043 0.458 -0.453
-2.041 0.454 -0.455
-2.041 0.449 -0.456
-2.040 0.445 -0.458
-2.040 0.441 -0.460
-2.039 0.437 -0.461
-2.039 0.434 -0.462
-2.038 0.431 -0.463
-2.036 0.428 -0.464
-2.035 0.426 -0.465
-2.034 0.424 -0.465
-2.032 0.422 -0.465
-2.030 0.421 -0.465
-2.029 0.420 -0.466
-2.027 0.419 -0.466
-2.025 0.418 -0.465
-2.024 0.418 -0.465
-2.022 0.418 -0.465
-2.020 0.418 -0.465
-2.018 0.418 -0.464
-2.016 0.418 -0.464
-2.015 0.419 -0.463
-2.013 0.419 -0.463
-2.011 0.420 -0.462
-2.009 0.421 -0.462
-2.008 0.422 -0.461
-2.006 0.423 -0.460
-2.004 0.424 -0.460
-2.002 0.425 -0.459
-2.000 0.426 -0.458
-1.999 0.427 -0.457
-1.997 0.428 -0.456
-1.995 0.429 -0.456
-1.993 0.430 -0.455
-1.991 0.432 -0.454
-1.989 0.433 -0.453
-1.988 0.434 -0.452
-1.986 0.435 -0.451
-1.984 0.437 -0.450
-1.982 0.438 -0.450
-1.981 0.440 -0.449
-1.979 0.441 -0.448
-1.978 0.442 -0.447
-1.976 0.444 -0.446
-1.975 0.445 -0.445
-1.973 0.447 -0.444
-1.972 0.448 -0.443
-1.970 0.449 -0.443
-1.969 0.450 -0.442
-1.968 0.452 -0.441
-1.966 0.453 -0.440
-1.965 0.454 -0.439
-1.964 0.455 -0.438
-1.963 0.456 -0.438
-1.961 0.457 -0.437
-1.960 0.458 -0.436
-1.959 0.459 -0.435
-1.958 0.460 -0.435
-1.957 0.461 -0.434
-1.956 0.462 -0.433
-1.955 0.462 -0.432
-1.954 0.463 -0.432
-1.953 0.464 -0.431
-1.952 0.464 -0.431
-1.951 0.465 -0.430
-1.950 0.466 -0.430
-1.949 0.466 -0.429
-1.948 0.466 -0.428
-1.947 0.467 -0.428
-1.946 0.467 -0.427
-1.945 0.467 -0.427
-1.944 0.468 -0.426
-1.944 0.468 -0.426
-1.943 0.468 -0.425
-1.942 0.469 -0.424
-1.941 0.469 -0.424
-1.940 0.469 -0.423
-1.939 0.469 -0.423
-1.939 0.469 -0.422
-1.938 0.470 -0.422
-1.937 0.470 -0.421
-1.936 0.470 -0.420
-1.935 0.470 -0.420
-1.934 0.471 -0.419
-1.933 0.471 -0.418
-1.932 0.471 -0.418
-1.931 0.471 -0.417
-1.930 0.471 -0.416
-1.929 0.471 -0.415
-1.929 0.471 -0.414
-1.927 0.472 -0.414
-1.927 0.472 -0.413
-1.926 0.472 -0.412
-1.925 0.471 -0.411
-1.924 0.472 -0.410
-1.923 0.472 -0.409
-1.921 0.472 -0.408
-1.920 0.472 -0.407
-1.919 0.473 -0.406
-1.918 0.473 -0.406
-1.917 0.474 -0.405
-1.916 0.474 -0.403
-1.915 0.474 -0.402
-1.914 0.475 -0.401
-1.913 0.476 -0.400
-1.911 0.476 -0.399
-1.910 0.477 -0.398
-1.909 0.478 -0.397
-1.908 0.479 -0.396
-1.906 0.479 -0.395
-1.905 0.480 -0.394
-1.904 0.481 -0.392
-1.902 0.482 -0.391
-1.901 0.483 -0.390
-1.899 0.484 -0.389
-1.898 0.484 -0.388
-1.897 0.485 -0.387
-1.895 0.486 -0.386
-1.894 0.487 -0.384
-1.892 0.488 -0.383
-1.891 0.489 -0.382
-1.890 0.489 -0.381
-1.888 0.491 -0.380
-1.887 0.492 -0.379
-1.886 0.493 -0.378
-1.884 0.494 -0.377
-1.883 0.494 -0.376
-1.882 0.495 -0.375
-1.880 0.496 -0.373
-1.879 0.497 -0.372
-1.878 0.498 -0.371
-1.877 0.498 -0.370
-1.876 0.499 -0.369
-1.874 0.500 -0.368
