x y z
-1.595 2.280 -0.312
-1.597 2.280 -0.310
-1.596 2.280 -0.310
-1.598 2.280 -0.307
-1.598 2.279 -0.307
-1.599 2.279 -0.304
-1.599 2.279 -0.304
-1.601 2.279 -0.302
-1.602 2.278 -0.300
-1.602 2.278 -0.300
-1.604 2.277 -0.297
-1.604 2.277 -0.296
-1.605 2.277 -0.295
-1.606 2.276 -0.293
-1.607 2.276 -0.292
-1.606 2.276 -0.292
-1.608 2.276 -0.289
-1.609 2.276 -0.288
-1.608 2.276 -0.288
-1.609 2.276 -0.286
-1.610 2.276 -0.284
-1.610 2.276 -0.283
-1.611 2.276 -0.282
-1.610 2.276 -0.282
-1.611 2.276 -0.279
-1.612 2.276 -0.278
-1.612 2.276 -0.277
-1.613 2.276 -0.276
-1.612 2.276 -0.276
-1.614 2.276 -0.274
-1.614 2.276 -0.273
-1.615 2.276 -0.271
-1.615 2.276 -0.271
-1.616 2.276 -0.269
-1.617 2.276 -0.268
-1.618 2.276 -0.267
-1.618 2.276 -0.266
-1.619 2.277 -0.264
-1.619 2.277 -0.263
-1.619 2.276 -0.263
-1.620 2.277 -0.261
-1.621 2.276 -0.260
-1.620 2.276 -0.260
-1.621 2.277 -0.258
-1.621 2.277 -0.257
-1.621 2.277 -0.256
-1.621 2.277 -0.255
-1.621 2.277 -0.254
-1.620 2.277 -0.254
-1.621 2.277 -0.251
-1.620 2.277 -0.250
-1.620 2.277 -0.249
-1.620 2.277 -0.248
-1.620 2.277 -0.247
-1.620 2.277 -0.246
-1.620 2.277 -0.245
-1.620 2.277 -0.244
-1.619 2.277 -0.244
-1.621 2.277 -0.242
-1.621 2.277 -0.241
-1.622 2.278 -0.241
-1.622 2.277 -0.240
-1.623 2.277 -0.239
-1.623 2.277 -0.238
-1.624 2.277 -0.238
-1.625 2.277 -0.237
-1.625 2.277 -0.236
-1.626 2.277 -0.235
-1.626 2.277 -0.235
-1.627 2.277 -0.234
-1.627 2.277 -0.233
-1.626 2.277 -0.233
-1.626 2.278 -0.231
-1.624 2.279 -0.231
-1.624 2.280 -0.230
-1.622 2.281 -0.229
-1.619 2.283 -0.229
-1.618 2.285 -0.227
-1.615 2.287 -0.227
-1.612 2.289 -0.226
-1.609 2.292 -0.226
-1.606 2.294 -0.226
-1.601 2.297 -0.227
-1.598 2.300 -0.226
-1.594 2.303 -0.226
-1.590 2.306 -0.225
-1.586 2.309 -0.225
-1.581 2.313 -0.226
-1.577 2.316 -0.225
-1.573 2.319 -0.225
-1.568 2.322 -0.225
-1.563 2.325 -0.225
-1.558 2.328 -0.224
-1.553 2.331 -0.224
-1.548 2.334 -0.223
-1.544 2.337 -0.222
-1.538 2.340 -0.222
-1.533 2.344 -0.222
-1.527 2.347 -0.222
-1.522 2.350 -0.221
-1.518 2.353 -0.220
-1.513 2.356 -0.220
-1.507 2.359 -0.220
-1.501 2.362 -0.220
-1.496 2.366 -0.219
-1.491 2.369 -0.219
-1.485 2.372 -0.218
-1.480 2.375 -0.218
-1.474 2.378 -0.218
-1.468 2.382 -0.217
-1.462 2.386 -0.217
-1.456 2.389 -0.217
-1.450 2.393 -0.217
-1.444 2.397 -0.216
-1.438 2.400 -0.216
-1.432 2.404 -0.216
-1.425 2.408 -0.216
-1.419 2.412 -0.216
-1.413 2.416 -0.215
-1.407 2.419 -0.215
-1.400 2.423 -0.215
-1.394 2.427 -0.215
-1.387 2.430 -0.215
-1.380 2.434 -0.215
-1.374 2.438 -0.215
-1.367 2.442 -0.215
-1.360 2.446 -0.215
-1.353 2.450 -0.215
-1.346 2.454 -0.215
-1.339 2.458 -0.215
-1.332 2.462 -0.215
-1.325 2.466 -0.215
-1.318 2.470 -0.216
-1.311 2.474 -0.216
-1.303 2.478 -0.216
-1.296 2.482 -0.217
-1.289 2.486 -0.217
-1.282 2.491 -0.217
-1.275 2.495 -0.218
-1.267 2.499 -0.218
-1.260 2.503 -0.219
-1.252 2.507 -0.219
-1.245 2.511 -0.219
-1.237 2.515 -0.220
-1.230 2.520 -0.220
-1.222 2.524 -0.221
-1.215 2.529 -0.221
-1.208 2.532 -0.221
-1.201 2.536 -0.222
-1.197 2.538 -0.222
-1.194 2.538 -0.222
-1.193 2.538 -0.223
-1.193 2.537 -0.223
-1.195 2.535 -0.224
-1.197 2.532 -0.226
-1.201 2.529 -0.227
-1.206 2.525 -0.229
-1.210 2.521 -0.231
-1.213 2.518 -0.232
-1.215 2.515 -0.234
-1.217 2.512 -0.235
-1.219 2.509 -0.235
-1.220 2.507 -0.236
-1.221 2.504 -0.237
-1.221 2.502 -0.237
-1.221 2.500 -0.237
-1.222 2.498 -0.237
-1.221 2.496 -0.238
-1.221 2.494 -0.238
-1.221 2.492 -0.238
-1.220 2.490 -0.238
-1.219 2.488 -0.238
-1.219 2.487 -0.238
-1.218 2.485 -0.238
-1.217 2.484 -0.238
-1.215 2.482 -0.238
-1.214 2.481 -0.238
-1.213 2.480 -0.238
-1.212 2.478 -0.238
-1.210 2.477 -0.238
-1.208 2.476 -0.238
-1.206 2.475 -0.238
-1.205 2.474 -0.238
-1.203 2.473 -0.238
-1.202 2.472 -0.237
-1.200 2.470 -0.238
-1.198 2.470 -0.237
-1.196 2.469 -0.237
-1.195 2.468 -0.236
-1.192 2.467 -0.237
-1.191 2.466 -0.236
-1.189 2.466 -0.236
-1.187 2.465 -0.236
-1.185 2.465 -0.235
-1.184 2.464 -0.235
-1.182 2.464 -0.235
-1.180 2.463 -0.235
-1.178 2.463 -0.234
-1.177 2.462 -0.234
-1.175 2.462 -0.234
-1.173 2.461 -0.234
-1.171 2.460 -0.234
-1.170 2.460 -0.233
-1.169 2.459 -0.233
-1.168 2.459 -0.233
-1.166 2.458 -0.232
-1.165 2.458 -0.232
-1.164 2.457 -0.232
-1.162 2.457 -0.231
-1.161 2.457 -0.231
-1.160 2.456 -0.231
-1.158 2.456 -0.230
-1.157 2.455 -0.230
-1.156 2.455 -0.230
-1.155 2.454 -0.230
-1.154 2.454 -0.229
-1.153 2.453 -0.229
-1.153 2.452 -0.229
-1.152 2.452 -0.228
-1.151 2.451 -0.228
-1.151 2.451 -0.228
-1.150 2.450 -0.228
-1.149 2.449 -0.228
-1.149 2.449 -0.227
-1.148 2.448 -0.226
-1.147 2.447 -0.227
-1.146 2.446 -0.226
-1.146 2.446 -0.225
-1.146 2.445 -0.225
-1.145 2.445 -0.224
-1.145 2.444 -0.224
-1.143 2.443 -0.224
-1.143 2.442 -0.223
-1.142 2.441 -0.223
-1.142 2.440 -0.222
-1.141 2.440 -0.222
-1.140 2.438 -0.221
-1.140 2.438 -0.220
-1.139 2.436 -0.220
-1.139 2.435 -0.220
-1.138 2.434 -0.219
-1.137 2.433 -0.218
-1.137 2.433 -0.218
-1.136 2.432 -0.217
-1.135 2.431 -0.217
-1.134 2.429 -0.217
-1.134 2.428 -0.216
-1.133 2.427 -0.215
-1.133 2.426 -0.214
-1.132 2.425 -0.214
-1.131 2.424 -0.213
-1.131 2.423 -0.212
-1.130 2.422 -0.212
-1.129 2.421 -0.211
-1.129 2.420 -0.210
-1.128 2.419 -0.209
-1.127 2.418 -0.209
-1.126 2.417 -0.208
-1.125 2.416 -0.207
-1.124 2.415 -0.206
-1.123 2.414 -0.206
-1.122 2.413 -0.205
-1.121 2.412 -0.204
-1.120 2.411 -0.203
-1.119 2.411 -0.202
-1.118 2.410 -0.202
-1.117 2.409 -0.201
-1.116 2.408 -0.200
-1.114 2.407 -0.199
-1.114 2.406 -0.198
-1.112 2.405 -0.197
-1.112 2.405 -0.196
-1.111 2.404 -0.195
-1.110 2.403 -0.194
-1.109 2.402 -0.194
-1.108 2.401 -0.193
-1.107 2.400 -0.192
-1.106 2.399 -0.191
-1.105 2.399 -0.190
-1.104 2.398 -0.189
-1.103 2.397 -0.188
-1.102 2.397 -0.187
-1.100 2.396 -0.187
-1.099 2.395 -0.185
-1.098 2.395 -0.184
-1.097 2.394 -0.183
-1.096 2.393 -0.182
-1.095 2.393 -0.181
-1.093 2.392 -0.181
-1.092 2.391 -0.180
-1.092 2.391 -0.178
-1.091 2.390 -0.177
-1.090 2.389 -0.176
-1.089 2.388 -0.175
-1.088 2.388 -0.174
-1.087 2.386 -0.173
-1.086 2.386 -0.172
-1.085 2.385 -0.171
-1.085 2.384 -0.170
-1.084 2.383 -0.169
-1.083 2.382 -0.168
-1.083 2.382 -0.167
-1.082 2.381 -0.166
-1.081 2.380 -0.165
-1.081 2.379 -0.164
-1.080 2.379 -0.163
-1.079 2.377 -0.162
-1.079 2.377 -0.161
-1.078 2.376 -0.160
-1.078 2.376 -0.159
-1.077 2.375 -0.158
-1.076 2.374 -0.157
-1.075 2.373 -0.156
-1.075 2.372 -0.155
-1.074 2.372 -0.154
-1.074 2.371 -0.153
-1.073 2.370 -0.152
