0.0 3.0 -9.04e-11 -1.0
0.1 3.0 -1.37e-09 -0.999
0.2 3.0 -6.8e-09 -0.998
0.3 3.0 -2.13e-08 -0.997
0.4 3.0 -5.21e-08 -0.995
0.5 2.99 -1.11e-07 -0.993
0.6 2.99 -2.19e-07 -0.99
0.7 2.99 -4.01e-07 -0.988
0.8 2.99 -6.81e-07 -0.985
0.9 2.99 -1.08e-06 -0.982
1.0 2.98 -1.61e-06 -0.979
1.1 2.98 -2.3e-06 -0.975
1.2 2.98 -3.16e-06 -0.971
1.3 2.97 -4.19e-06 -0.968
1.4 2.97 -5.42e-06 -0.964
1.5 2.97 -6.84e-06 -0.959
1.6 2.97 -8.46e-06 -0.955
1.7 2.96 -1.03e-05 -0.951
1.8 2.96 -1.23e-05 -0.946
1.9 2.95 -1.46e-05 -0.941
2.0 2.95 -1.71e-05 -0.936
2.1 2.95 -1.98e-05 -0.931
2.2 2.94 -2.27e-05 -0.926
2.3 2.94 -2.58e-05 -0.921
2.4 2.94 -2.92e-05 -0.916
2.5 2.93 -3.27e-05 -0.91
2.6 2.93 -3.65e-05 -0.904
2.7 2.92 -4.05e-05 -0.899
2.8 2.92 -4.48e-05 -0.893
2.9 2.91 -4.92e-05 -0.887
3.0 2.91 -5.38e-05 -0.881
3.1 2.91 -5.87e-05 -0.875
3.2 2.9 -6.38e-05 -0.868
3.3 2.9 -6.9e-05 -0.862
3.4 2.89 -7.45e-05 -0.855
3.5 2.89 -8.02e-05 -0.849
3.6 2.88 -8.6e-05 -0.842
3.7 2.88 -9.21e-05 -0.836
3.8 2.87 -9.84e-05 -0.829
3.9 2.87 -0.000105 -0.822
4.0 2.86 -0.000112 -0.815
4.1 2.86 -0.000118 -0.808
4.2 2.85 -0.000125 -0.801
4.3 2.85 -0.000133 -0.794
4.4 2.84 -0.00014 -0.787
4.5 2.84 -0.000148 -0.78
4.6 2.84 -0.000156 -0.773
4.7 2.83 -0.000164 -0.766
4.8 2.83 -0.000172 -0.759
4.9 2.82 -0.000181 -0.752
5.0 2.82 -0.000189 -0.745
5.1 2.81 -0.000198 -0.738
5.2 2.81 -0.000207 -0.731
5.3 2.8 -0.000217 -0.724
5.4 2.8 -0.000226 -0.717
5.5 2.79 -0.000236 -0.711
5.6 2.79 -0.000246 -0.704
5.7 2.78 -0.000257 -0.697
5.8 2.78 -0.000267 -0.691
5.9 2.77 -0.000278 -0.685
6.0 2.76 -0.00029 -0.679
6.1 2.76 -0.000301 -0.673
6.2 2.75 -0.000313 -0.667
6.3 2.75 -0.000325 -0.661
6.4 2.74 -0.000338 -0.656
6.5 2.74 -0.000351 -0.651
6.6 2.73 -0.000365 -0.646
6.7 2.73 -0.000378 -0.641
6.8 2.72 -0.000393 -0.637
6.9 2.72 -0.000408 -0.632
7.0 2.71 -0.000423 -0.629
7.1 2.71 -0.000439 -0.625
7.2 2.7 -0.000455 -0.622
7.3 2.7 -0.000472 -0.619
7.4 2.69 -0.00049 -0.616
7.5 2.69 -0.000509 -0.614
7.6 2.68 -0.000528 -0.612
7.7 2.68 -0.000549 -0.611
7.8 2.67 -0.00057 -0.61
7.9 2.67 -0.000593 -0.609
8.0 2.66 -0.000617 -0.608
8.1 2.66 -0.000642 -0.608
8.2 2.65 -0.000669 -0.609
8.3 2.65 -0.000698 -0.609
8.4 2.64 -0.000729 -0.61
8.5 2.64 -0.000764 -0.612
8.6 2.63 -0.0008 -0.614
8.7 2.63 -0.000834 -0.617
8.8 2.62 -0.000867 -0.619
8.9 2.62 -0.000898 -0.623
9.0 2.61 -0.000928 -0.626
9.1 2.61 -0.000956 -0.63
9.2 2.61 -0.000984 -0.633
9.3 2.61 -0.00101 -0.638
9.4 2.6 -0.00104 -0.642
9.5 2.6 -0.00108 -0.647
9.6 2.6 -0.00111 -0.652
9.7 2.59 -0.00114 -0.656
9.8 2.59 -0.00117 -0.661
9.9 2.59 -0.0012 -0.665
10.0 2.59 -0.00123 -0.669
10.1 2.58 -0.00125 -0.672
10.2 2.58 -0.00128 -0.675
10.3 2.58 -0.00131 -0.678
10.4 2.58 -0.00133 -0.681
10.5 2.57 -0.00135 -0.683
10.6 2.57 -0.00138 -0.685
10.7 2.57 -0.0014 -0.688
10.8 2.57 -0.00142 -0.69
10.9 2.57 -0.00144 -0.692
11.0 2.57 -0.00146 -0.694
11.1 2.56 -0.00148 -0.696
11.2 2.56 -0.0015 -0.698
11.3 2.56 -0.00152 -0.701
11.4 2.56 -0.00154 -0.703
11.5 2.56 -0.00155 -0.706
11.6 2.56 -0.00157 -0.708
11.7 2.56 -0.00159 -0.711
11.8 2.55 -0.00161 -0.714
11.9 2.55 -0.00162 -0.717
12.0 2.55 -0.00164 -0.72
12.1 2.55 -0.00166 -0.723
12.2 2.55 -0.00167 -0.726
12.3 2.55 -0.00169 -0.729
12.4 2.55 -0.0017 -0.733
12.5 2.55 -0.00172 -0.736
12.6 2.55 -0.00173 -0.74
12.7 2.55 -0.00175 -0.743
12.8 2.55 -0.00176 -0.747
12.9 2.54 -0.00178 -0.75
13.0 2.54 -0.00179 -0.754
13.1 2.54 -0.00181 -0.758
13.2 2.54 -0.00182 -0.762
13.3 2.54 -0.00184 -0.765
13.4 2.54 -0.00185 -0.769
13.5 2.54 -0.00186 -0.773
13.6 2.54 -0.00188 -0.777
13.7 2.54 -0.00189 -0.781
13.8 2.54 -0.00191 -0.784
13.9 2.54 -0.00192 -0.788
14.0 2.54 -0.00193 -0.792
14.1 2.54 -0.00195 -0.796
14.2 2.53 -0.00196 -0.799
14.3 2.53 -0.00198 -0.803
14.4 2.53 -0.00199 -0.807
14.5 2.53 -0.002 -0.81
14.6 2.53 -0.00202 -0.814
14.7 2.53 -0.00203 -0.817
14.8 2.53 -0.00205 -0.821
14.9 2.53 -0.00206 -0.824
15.0 2.53 -0.00207 -0.828
15.1 2.53 -0.00209 -0.831
15.2 2.53 -0.0021 -0.835
15.3 2.53 -0.00212 -0.838
15.4 2.53 -0.00213 -0.842
15.5 2.53 -0.00214 -0.846
15.6 2.53 -0.00216 -0.85
15.7 2.53 -0.00217 -0.855
15.8 2.53 -0.00219 -0.861
15.9 2.52 -0.00221 -0.855
16.0 2.5 -0.00226 -0.817
16.1 2.41 -0.00236 -0.74
16.2 2.24 -0.00251 -0.614
16.3 1.94 -0.00273 -0.433
16.4 1.43 -0.00302 -0.195
16.5 0.648 -0.00339 0.0963
16.6 -0.554 -0.00258 0.44
16.7 -2.39 0.00214 0.857
16.8 -5.09 0.011 1.37
16.9 -8.93 0.0242 2.01
17.0 -14.3 0.0424 2.79
17.1 -21.7 0.0664 3.77
17.2 -31.7 0.0973 4.97
17.3 -45.2 0.137 6.45
17.4 -63.4 0.186 8.26
17.5 -87.7 0.248 10.5
17.6 -1.2e+02 0.326 13.2
17.7 -1.63e+02 0.423 16.6
17.8 -2.2e+02 0.544 20.6
17.9 -2.95e+02 0.695 25.6
18.0 -3.93e+02 0.884 31.6
18.1 -5.23e+02 1.12 39.0
18.2 -6.95e+02 1.41 48.0
18.3 -9.19e+02 1.78 58.8
18.4 -1.21e+03 2.25 72.0
18.5 -1.6e+03 2.83 88.1
18.6 -2.11e+03 3.56 1.08e+02
18.7 -2.78e+03 4.47 1.31e+02
18.8 -3.65e+03 5.63 1.6e+02
18.9 -4.79e+03 7.09 1.94e+02
19.0 -6.28e+03 8.94 2.36e+02
19.1 -8.24e+03 11.3 2.87e+02
19.2 -1.08e+04 14.3 3.48e+02
19.3 -1.41e+04 18.0 4.22e+02
19.4 -1.85e+04 22.9 5.12e+02
19.5 -2.42e+04 29.0 6.21e+02
19.6 -3.17e+04 36.8 7.52e+02
19.7 -4.15e+04 46.9 9.1e+02
19.8 -5.42e+04 59.7 1.1e+03
19.9 -7.09e+04 76.2 1.33e+03
20.0 -9.27e+04 97.3 1.61e+03
20.1 -1.21e+05 1.24e+02 1.95e+03
20.2 -1.58e+05 1.59e+02 2.36e+03
20.3 -2.07e+05 2.05e+02 2.85e+03
20.4 -2.7e+05 2.63e+02 3.45e+03
20.5 -3.53e+05 3.38e+02 4.17e+03
20.6 -4.62e+05 4.35e+02 5.04e+03
20.7 -6.04e+05 5.6e+02 6.09e+03
20.8 -7.89e+05 7.23e+02 7.35e+03
20.9 -1.03e+06 9.33e+02 8.88e+03
21.0 -1.35e+06 1.21e+03 1.07e+04
21.1 -1.76e+06 1.56e+03 1.3e+04
21.2 -2.3e+06 2.02e+03 1.57e+04
21.3 -3e+06 2.62e+03 1.89e+04
21.4 -3.92e+06 3.39e+03 2.28e+04
21.5 -5.12e+06 4.4e+03 2.76e+04
21.6 -6.69e+06 5.71e+03 3.33e+04
21.7 -8.74e+06 7.42e+03 4.02e+04
21.8 -1.14e+07 9.64e+03 4.85e+04
21.9 -1.49e+07 1.25e+04 5.85e+04
22.0 -1.95e+07 1.63e+04 7.07e+04
22.1 -2.55e+07 2.12e+04 8.53e+04
22.2 -3.33e+07 2.76e+04 1.03e+05
22.3 -4.35e+07 3.59e+04 1.24e+05
22.4 -5.68e+07 4.68e+04 1.5e+05
22.5 -7.42e+07 6.1e+04 1.81e+05
22.6 -9.69e+07 7.94e+04 2.18e+05
22.7 -1.27e+08 1.04e+05 2.64e+05
22.8 -1.65e+08 1.35e+05 3.18e+05
22.9 -2.16e+08 1.76e+05 3.84e+05
23.0 -2.82e+08 2.3e+05 4.63e+05
23.1 -3.69e+08 3e+05 5.59e+05
23.2 -4.82e+08 3.91e+05 6.75e+05
23.3 -6.29e+08 5.1e+05 8.14e+05
23.4 -8.22e+08 6.66e+05 9.82e+05
23.5 -1.07e+09 8.69e+05 1.19e+06
23.6 -1.4e+09 1.13e+06 1.43e+06
23.7 -1.83e+09 1.48e+06 1.73e+06
23.8 -2.39e+09 1.93e+06 2.08e+06
23.9 -3.13e+09 2.53e+06 2.51e+06
24.0 -4.08e+09 3.3e+06 3.03e+06
24.1 -5.33e+09 4.31e+06 3.66e+06
24.2 -6.97e+09 5.62e+06 4.41e+06
24.3 -9.1e+09 7.35e+06 5.32e+06
24.4 -1.19e+10 9.6e+06 6.42e+06
24.5 -1.55e+10 1.25e+07 7.75e+06
24.6 -2.03e+10 1.64e+07 9.35e+06
24.7 -2.65e+10 2.14e+07 1.13e+07
24.8 -3.46e+10 2.8e+07 1.36e+07
24.9 -4.52e+10 3.65e+07 1.64e+07
25.0 -5.91e+10 4.77e+07 1.98e+07
25.1 -7.72e+10 6.24e+07 2.39e+07
25.2 -1.01e+11 8.15e+07 2.88e+07
25.3 -1.32e+11 1.06e+08 3.48e+07
25.4 -1.72e+11 1.39e+08 4.2e+07
25.5 -2.25e+11 1.82e+08 5.06e+07
25.6 -2.94e+11 2.38e+08 6.11e+07
25.7 -3.84e+11 3.1e+08 7.37e+07
25.8 -5.01e+11 4.06e+08 8.89e+07
25.9 -6.55e+11 5.3e+08 1.07e+08
26.0 -8.55e+11 6.93e+08 1.29e+08
26.1 -1.12e+12 9.05e+08 1.56e+08
26.2 -1.46e+12 1.18e+09 1.88e+08
26.3 -1.91e+12 1.55e+09 2.27e+08
26.4 -2.49e+12 2.02e+09 2.74e+08
26.5 -3.25e+12 2.64e+09 3.31e+08
26.6 -4.25e+12 3.45e+09 3.99e+08
26.7 -5.55e+12 4.51e+09 4.81e+08
26.8 -7.25e+12 5.89e+09 5.8e+08
26.9 -9.47e+12 7.7e+09 7e+08
27.0 -1.24e+13 1.01e+10 8.45e+08
27.1 -1.62e+13 1.32e+10 1.02e+09
27.2 -2.11e+13 1.72e+10 1.23e+09
27.3 -2.76e+13 2.25e+10 1.48e+09
27.4 -3.6e+13 2.94e+10 1.79e+09
27.5 -4.71e+13 3.84e+10 2.16e+09
27.6 -6.15e+13 5.02e+10 2.6e+09
27.7 -8.03e+13 6.56e+10 3.14e+09
27.8 -1.05e+14 8.57e+10 3.79e+09
27.9 -1.37e+14 1.12e+11 4.57e+09
28.0 -1.79e+14 1.46e+11 5.52e+09
28.1 -2.34e+14 1.91e+11 6.65e+09
28.2 -3.06e+14 2.5e+11 8.03e+09
28.3 -3.99e+14 3.27e+11 9.68e+09
28.4 -5.22e+14 4.27e+11 1.17e+10
28.5 -6.81e+14 5.58e+11 1.41e+10
28.6 -8.9e+14 7.29e+11 1.7e+10
28.7 -1.16e+15 9.53e+11 2.05e+10
28.8 -1.52e+15 1.25e+12 2.47e+10
28.9 -1.98e+15 1.63e+12 2.98e+10
29.0 -2.59e+15 2.13e+12 3.6e+10
29.1 -3.39e+15 2.78e+12 4.34e+10
29.2 -4.42e+15 3.63e+12 5.24e+10
29.3 -5.78e+15 4.75e+12 6.32e+10
29.4 -7.55e+15 6.21e+12 7.63e+10
29.5 -9.86e+15 8.11e+12 9.2e+10
29.6 -1.29e+16 1.06e+13 1.11e+11
29.7 -1.68e+16 1.39e+13 1.34e+11
29.8 -2.2e+16 1.81e+13 1.62e+11
29.9 -2.87e+16 2.37e+13 1.95e+11
30.0 -3.75e+16 3.09e+13 2.35e+11
30.1 -4.9e+16 4.04e+13 2.84e+11
30.2 -6.4e+16 5.28e+13 3.42e+11
30.3 -8.36e+16 6.9e+13 4.13e+11
30.4 -1.09e+17 9.02e+13 4.98e+11
30.5 -1.43e+17 1.18e+14 6.01e+11
30.6 -1.86e+17 1.54e+14 7.25e+11
30.7 -2.44e+17 2.01e+14 8.74e+11
30.8 -3.18e+17 2.63e+14 1.05e+12
30.9 -4.16e+17 3.44e+14 1.27e+12
31.0 -5.43e+17 4.5e+14 1.53e+12
31.1 -7.09e+17 5.88e+14 1.85e+12
31.2 -9.26e+17 7.68e+14 2.23e+12
31.3 -1.21e+18 1e+15 2.69e+12
31.4 -1.58e+18 1.31e+15 3.25e+12
31.5 -2.07e+18 1.71e+15 3.92e+12
31.6 -2.7e+18 2.24e+15 4.73e+12
31.7 -3.52e+18 2.93e+15 5.71e+12
31.8 -4.6e+18 3.83e+15 6.88e+12
31.9 -6.01e+18 5e+15 8.3e+12
32.0 -7.86e+18 6.53e+15 1e+13
32.1 -1.03e+19 8.54e+15 1.21e+13
32.2 -1.34e+19 1.12e+16 1.46e+13
32.3 -1.75e+19 1.46e+16 1.76e+13
32.4 -2.29e+19 1.91e+16 2.12e+13
32.5 -2.99e+19 2.49e+16 2.56e+13
32.6 -3.9e+19 3.25e+16 3.09e+13
32.7 -5.1e+19 4.25e+16 3.72e+13
32.8 -6.66e+19 5.56e+16 4.49e+13
32.9 -8.7e+19 7.26e+16 5.42e+13
33.0 -1.14e+20 9.49e+16 6.54e+13
33.1 -1.49e+20 1.24e+17 7.89e+13
33.2 -1.94e+20 1.62e+17 9.52e+13
33.3 -2.53e+20 2.12e+17 1.15e+14
33.4 -3.31e+20 2.77e+17 1.38e+14
33.5 -4.33e+20 3.62e+17 1.67e+14
33.6 -5.65e+20 4.73e+17 2.02e+14
33.7 -7.38e+20 6.18e+17 2.43e+14
33.8 -9.64e+20 8.07e+17 2.93e+14
33.9 -1.26e+21 1.05e+18 3.54e+14
34.0 -1.65e+21 1.38e+18 4.27e+14
34.1 -2.15e+21 1.8e+18 5.15e+14
34.2 -2.81e+21 2.35e+18 6.21e+14
34.3 -3.67e+21 3.08e+18 7.49e+14
34.4 -4.79e+21 4.02e+18 9.04e+14
34.5 -6.26e+21 5.25e+18 1.09e+15
34.6 -8.18e+21 6.87e+18 1.32e+15
34.7 -1.07e+22 8.97e+18 1.59e+15
34.8 -1.4e+22 1.17e+19 1.91e+15
34.9 -1.82e+22 1.53e+19 2.31e+15
35.0 -2.38e+22 2e+19 2.79e+15
35.1 -3.11e+22 2.62e+19 3.36e+15
35.2 -4.06e+22 3.42e+19 4.06e+15
35.3 -5.31e+22 4.47e+19 4.89e+15
35.4 -6.93e+22 5.84e+19 5.9e+15
35.5 -9.06e+22 7.63e+19 7.12e+15
35.6 -1.18e+23 9.97e+19 8.59e+15
35.7 -1.55e+23 1.3e+20 1.04e+16
35.8 -2.02e+23 1.7e+20 1.25e+16
35.9 -2.64e+23 2.22e+20 1.51e+16
36.0 -3.45e+23 2.91e+20 1.82e+16
36.1 -4.5e+23 3.8e+20 2.19e+16
36.2 -5.88e+23 4.96e+20 2.65e+16
36.3 -7.68e+23 6.49e+20 3.19e+16
36.4 -1e+24 8.48e+20 3.85e+16
36.5 -1.31e+24 1.11e+21 4.65e+16
36.6 -1.71e+24 1.45e+21 5.61e+16
36.7 -2.24e+24 1.89e+21 6.76e+16
36.8 -2.92e+24 2.47e+21 8.16e+16
36.9 -3.82e+24 3.23e+21 9.84e+16
37.0 -4.99e+24 4.22e+21 1.19e+17
37.1 -6.51e+24 5.51e+21 1.43e+17
37.2 -8.51e+24 7.21e+21 1.73e+17
37.3 -1.11e+25 9.42e+21 2.08e+17
37.4 -1.45e+25 1.23e+22 2.51e+17
37.5 -1.9e+25 1.61e+22 3.03e+17
37.6 -2.48e+25 2.1e+22 3.66e+17
37.7 -3.24e+25 2.75e+22 4.42e+17
37.8 -4.23e+25 3.59e+22 5.33e+17
37.9 -5.52e+25 4.69e+22 6.43e+17
38.0 -7.22e+25 6.13e+22 7.75e+17
38.1 -9.43e+25 8e+22 9.35e+17
38.2 -1.23e+26 1.05e+23 1.13e+18
38.3 -1.61e+26 1.37e+23 1.36e+18
38.4 -2.1e+26 1.79e+23 1.64e+18
38.5 -2.75e+26 2.33e+23 1.98e+18
38.6 -3.59e+26 3.05e+23 2.39e+18
38.7 -4.69e+26 3.98e+23 2.88e+18
38.8 -6.12e+26 5.21e+23 3.48e+18
38.9 -8e+26 6.8e+23 4.19e+18
39.0 -1.04e+27 8.89e+23 5.06e+18
39.1 -1.36e+27 1.16e+24 6.1e+18
39.2 -1.78e+27 1.52e+24 7.36e+18
39.3 -2.33e+27 1.98e+24 8.88e+18
39.4 -3.04e+27 2.59e+24 1.07e+19
39.5 -3.97e+27 3.39e+24 1.29e+19
39.6 -5.19e+27 4.43e+24 1.56e+19
39.7 -6.78e+27 5.78e+24 1.88e+19
39.8 -8.86e+27 7.56e+24 2.27e+19
39.9 -1.16e+28 9.87e+24 2.74e+19
40.0 -1.51e+28 1.29e+25 3.3e+19
40.1 -1.97e+28 1.69e+25 3.98e+19
40.2 -2.58e+28 2.2e+25 4.81e+19
40.3 -3.37e+28 2.88e+25 5.8e+19
40.4 -4.4e+28 3.76e+25 7e+19
40.5 -5.75e+28 4.91e+25 8.44e+19
40.6 -7.51e+28 6.42e+25 1.02e+20
40.7 -9.81e+28 8.39e+25 1.23e+20
40.8 -1.28e+29 1.1e+26 1.48e+20
40.9 -1.67e+29 1.43e+26 1.79e+20
41.0 -2.19e+29 1.87e+26 2.16e+20
41.1 -2.86e+29 2.45e+26 2.6e+20
41.2 -3.73e+29 3.2e+26 3.14e+20
41.3 -4.88e+29 4.18e+26 3.79e+20
41.4 -6.37e+29 5.46e+26 4.57e+20
41.5 -8.32e+29 7.13e+26 5.51e+20
41.6 -1.09e+30 9.32e+26 6.65e+20
41.7 -1.42e+30 1.22e+27 8.02e+20
41.8 -1.86e+30 1.59e+27 9.67e+20
41.9 -2.42e+30 2.08e+27 1.17e+21
42.0 -3.17e+30 2.72e+27 1.41e+21
42.1 -4.14e+30 3.55e+27 1.7e+21
42.2 -5.4e+30 4.64e+27 2.05e+21
42.3 -7.06e+30 6.06e+27 2.47e+21
42.4 -9.22e+30 7.92e+27 2.98e+21
42.5 -1.2e+31 1.03e+28 3.6e+21
42.6 -1.57e+31 1.35e+28 4.34e+21
42.7 -2.06e+31 1.77e+28 5.23e+21
42.8 -2.68e+31 2.31e+28 6.31e+21
42.9 -3.51e+31 3.02e+28 7.62e+21
43.0 -4.58e+31 3.94e+28 9.19e+21
43.1 -5.98e+31 5.15e+28 1.11e+22
43.2 -7.82e+31 6.73e+28 1.34e+22
43.3 -1.02e+32 8.79e+28 1.61e+22
43.4 -1.33e+32 1.15e+29 1.95e+22
43.5 -1.74e+32 1.5e+29 2.35e+22
43.6 -2.28e+32 1.96e+29 2.83e+22
43.7 -2.97e+32 2.56e+29 3.42e+22
43.8 -3.88e+32 3.35e+29 4.12e+22
43.9 -5.08e+32 4.37e+29 4.97e+22
44.0 -6.63e+32 5.71e+29 6e+22
44.1 -8.66e+32 7.47e+29 7.24e+22
44.2 -1.13e+33 9.76e+29 8.73e+22
44.3 -1.48e+33 1.27e+30 1.05e+23
44.4 -1.93e+33 1.67e+30 1.27e+23
44.5 -2.52e+33 2.18e+30 1.53e+23
44.6 -3.29e+33 2.84e+30 1.85e+23
44.7 -4.3e+33 3.72e+30 2.23e+23
44.8 -5.62e+33 4.85e+30 2.69e+23
44.9 -7.34e+33 6.34e+30 3.25e+23
45.0 -9.59e+33 8.29e+30 3.92e+23
45.1 -1.25e+34 1.08e+31 4.72e+23
45.2 -1.64e+34 1.41e+31 5.7e+23
45.3 -2.14e+34 1.85e+31 6.87e+23
45.4 -2.79e+34 2.42e+31 8.29e+23
45.5 -3.65e+34 3.16e+31 1e+24
45.6 -4.77e+34 4.12e+31 1.21e+24
45.7 -6.23e+34 5.39e+31 1.46e+24
45.8 -8.14e+34 7.04e+31 1.76e+24
45.9 -1.06e+35 9.2e+31 2.12e+24
46.0 -1.39e+35 1.2e+32 2.56e+24
46.1 -1.81e+35 1.57e+32 3.08e+24
46.2 -2.37e+35 2.05e+32 3.72e+24
46.3 -3.1e+35 2.68e+32 4.49e+24
46.4 -4.04e+35 3.5e+32 5.41e+24
46.5 -5.28e+35 4.58e+32 6.53e+24
46.6 -6.9e+35 5.98e+32 7.88e+24
46.7 -9.01e+35 7.81e+32 9.5e+24
46.8 -1.18e+36 1.02e+33 1.15e+25
46.9 -1.54e+36 1.33e+33 1.38e+25
47.0 -2.01e+36 1.74e+33 1.67e+25
47.1 -2.62e+36 2.28e+33 2.01e+25
47.2 -3.43e+36 2.97e+33 2.43e+25
47.3 -4.48e+36 3.89e+33 2.93e+25
47.4 -5.85e+36 5.08e+33 3.53e+25
47.5 -7.64e+36 6.64e+33 4.26e+25
47.6 -9.99e+36 8.67e+33 5.14e+25
47.7 -1.3e+37 1.13e+34 6.2e+25
47.8 -1.7e+37 1.48e+34 7.48e+25
47.9 -2.23e+37 1.93e+34 9.03e+25
48.0 -2.91e+37 2.53e+34 1.09e+26
48.1 -3.8e+37 3.3e+34 1.31e+26
48.2 -4.96e+37 4.31e+34 1.59e+26
48.3 -6.48e+37 5.64e+34 1.91e+26
48.4 -8.47e+37 7.36e+34 2.31e+26
48.5 -1.11e+38 9.62e+34 2.78e+26
48.6 -1.45e+38 1.26e+35 3.36e+26
48.7 -1.89e+38 1.64e+35 4.05e+26
48.8 -2.47e+38 2.15e+35 4.89e+26
48.9 -3.22e+38 2.8e+35 5.89e+26
49.0 -4.21e+38 3.66e+35 7.11e+26
49.1 -5.5e+38 4.79e+35 8.58e+26
49.2 -7.18e+38 6.25e+35 1.03e+27
49.3 -9.38e+38 8.17e+35 1.25e+27
49.4 -1.23e+39 1.07e+36 1.51e+27
49.5 -1.6e+39 1.39e+36 1.82e+27
49.6 -2.09e+39 1.82e+36 2.19e+27
49.7 -2.73e+39 2.38e+36 2.64e+27
49.8 -3.57e+39 3.11e+36 3.19e+27
49.9 -4.66e+39 4.06e+36 3.85e+27
