0.0 3.28 3.33 3.87
0.1 3.29 3.33 3.85
0.2 3.3 3.33 3.82
0.3 3.31 3.33 3.78
0.4 3.32 3.33 3.73
0.5 3.34 3.33 3.69
0.6 3.35 3.33 3.65
0.7 3.36 3.33 3.62
0.8 3.37 3.33 3.59
0.9 3.38 3.33 3.57
1.0 3.39 3.33 3.56
1.1 3.39 3.33 3.54
1.2 3.4 3.34 3.54
1.3 3.4 3.34 3.53
1.4 3.4 3.34 3.53
1.5 3.4 3.34 3.53
1.6 3.4 3.34 3.54
1.7 3.4 3.34 3.54
1.8 3.39 3.34 3.55
1.9 3.39 3.35 3.56
2.0 3.38 3.35 3.58
2.1 3.37 3.35 3.59
2.2 3.36 3.35 3.61
2.3 3.36 3.35 3.62
2.4 3.35 3.36 3.64
2.5 3.34 3.36 3.66
2.6 3.33 3.36 3.67
2.7 3.32 3.36 3.69
2.8 3.31 3.37 3.71
2.9 3.29 3.37 3.72
3.0 3.28 3.37 3.74
3.1 3.27 3.38 3.75
3.2 3.26 3.38 3.76
3.3 3.24 3.38 3.76
3.4 3.23 3.39 3.77
3.5 3.21 3.39 3.77
3.6 3.19 3.39 3.76
3.7 3.18 3.4 3.76
3.8 3.16 3.4 3.76
3.9 3.14 3.4 3.75
4.0 3.12 3.4 3.75
4.1 3.1 3.41 3.74
4.2 3.08 3.41 3.74
4.3 3.05 3.41 3.73
4.4 3.03 3.42 3.73
4.5 3.01 3.42 3.73
4.6 2.98 3.42 3.73
4.7 2.95 3.43 3.73
4.8 2.92 3.43 3.74
4.9 2.89 3.43 3.74
5.0 2.86 3.43 3.74
5.1 2.83 3.44 3.75
5.2 2.8 3.44 3.75
5.3 2.76 3.44 3.76
5.4 2.73 3.44 3.76
5.5 2.69 3.44 3.77
5.6 2.65 3.45 3.77
5.7 2.61 3.45 3.78
5.8 2.57 3.45 3.78
5.9 2.53 3.45 3.79
6.0 2.49 3.45 3.79
6.1 2.44 3.45 3.79
6.2 2.4 3.45 3.8
6.3 2.35 3.45 3.8
6.4 2.3 3.45 3.8
6.5 2.25 3.45 3.8
6.6 2.2 3.45 3.8
6.7 2.15 3.45 3.8
6.8 2.1 3.45 3.8
6.9 2.04 3.44 3.8
7.0 1.99 3.44 3.79
7.1 1.94 3.44 3.79
7.2 1.88 3.44 3.79
7.3 1.83 3.43 3.79
7.4 1.77 3.43 3.79
7.5 1.72 3.43 3.79
7.6 1.66 3.42 3.79
7.7 1.61 3.42 3.79
7.8 1.57 3.41 3.79
7.9 1.54 3.41 3.79
8.0 1.53 3.4 3.79
8.1 1.5 3.39 3.79
8.2 1.52 3.36 3.79
8.3 1.39 3.33 3.79
8.4 1.32 3.3 3.78
8.5 1.27 3.27 3.78
8.6 1.21 3.24 3.78
8.7 1.17 3.22 3.78
8.8 1.12 3.19 3.78
8.9 1.08 3.17 3.77
9.0 1.04 3.15 3.77
9.1 1.0 3.12 3.77
9.2 0.96 3.1 3.77
9.3 0.92 3.07 3.76
9.4 0.88 3.05 3.76
9.5 0.83 3.02 3.76
9.6 0.78 2.98 3.75
9.7 0.72 2.94 3.75
9.8 0.64 2.89 3.75
9.9 0.58 2.84 3.74
10.0 0.52 2.79 3.74
10.1 0.47 2.74 3.74
10.2 0.43 2.69 3.73
10.3 0.39 2.64 3.73
10.4 0.35 2.6 3.73
10.5 0.31 2.56 3.73
10.6 0.28 2.52 3.73
10.7 0.25 2.49 3.73
10.8 0.22 2.46 3.72
10.9 0.2 2.43 3.72
11.0 0.18 2.4 3.72
11.1 0.16 2.37 3.72
11.2 0.15 2.35 3.72
11.3 0.14 2.32 3.72
11.4 0.13 2.3 3.72
11.5 0.12 2.28 3.71
11.6 0.11 2.26 3.71
11.7 0.11 2.24 3.71
11.8 0.1 2.23 3.71
11.9 0.1 2.21 3.71
12.0 0.1 2.2 3.71
12.1 0.1 2.19 3.7
12.2 0.1 2.18 3.7
12.3 0.1 2.17 3.7
12.4 0.11 2.16 3.7
12.5 0.1 2.15 3.7
12.6 0.1 2.14 3.69
12.7 0.1 2.14 3.69
12.8 0.09 2.13 3.69
12.9 0.08 2.12 3.69
13.0 0.07 2.12 3.68
13.1 0.05 2.11 3.68
13.2 0.02 2.11 3.68
13.3 -0.03 2.11 3.68
13.4 -0.13 2.1 3.68
13.5 -0.08 2.1 3.67
13.6 0.0 2.09 3.67
13.7 0.08 2.09 3.67
13.8 0.15 2.08 3.67
13.9 0.22 2.08 3.67
14.0 0.28 2.08 3.66
14.1 0.34 2.07 3.66
14.2 0.39 2.07 3.66
14.3 0.43 2.07 3.66
14.4 0.44 2.06 3.66
14.5 0.43 2.06 3.65
14.6 0.37 2.06 3.65
14.7 0.25 2.06 3.65
14.8 0.05 2.06 3.65
14.9 -0.25 2.06 3.65
15.0 -0.63 2.07 3.64
15.1 -1.047 2.08 3.64
15.2 -1.36 2.1 3.64
15.3 -1.352 2.12 3.64
15.4 -0.84 2.15 3.64
15.5 0.06 2.18 3.63
15.6 0.9 2.2 3.63
15.7 1.32 2.15 3.63
15.8 1.47 2.07 3.63
15.9 1.57 2.02 3.63
16.0 1.68 2.05 3.64
16.1 1.82 2.12 3.65
16.2 1.98 2.23 3.66
16.3 2.17 2.37 3.64
16.4 2.44 2.53 3.53
16.5 2.83 2.7 3.0
16.6 3.35 2.85 2.85
16.7 3.96 2.87 2.87
16.8 4.48 3.38 3.38
16.9 4.63 4.43 4.43
17.0 4.75 5.8 5.8
17.1 6.18 5.88 5.88
17.2 7.38 7.95 7.95
17.3 8.4 8.7 8.7
17.4 9.7 10.4 10.4
17.5 11.9 13.5 13.5
17.6 14.1 15.4 15.4
17.7 18.0 19.6 19.6
17.8 21.6 23.7 23.7
17.9 25.8 28.6 28.6
18.0 30.8 34.7 34.7
18.1 37.6 42.3 42.3
18.2 45.3 51.2 51.2
18.3 54.1 62.3 62.3
18.4 65.9 74.9 74.9
18.5 80.0 91.3 91.3
18.6 95.6 1.11e+2 1.11e+2
18.7 1.16e+2 1.34e+2 1.34e+2
18.8 1.41e+2 1.63e+2 1.63e+2
18.9 1.69e+2 2e+2 2e+2
19.0 2.04e+2 2.39e+2 2.39e+2
19.1 2.47e+2 2.90e+2 2.90e+2
19.2 3e+2 3.50e+2 3.50e+2
19.3 3.59e+2 4.24e+2 4.24e+2
19.4 4.34e+2 5.15e+2 5.15e+2
19.5 5.24e+2 6.24e+2 6.24e+2
19.6 6.31e+2 7.54e+2 7.54e+2
19.7 7.62e+2 9.12e+2 9.12e+2
19.8 9.2e+2 1.11e+3 1.11e+3
19.9 1.11e+3 1.34e+3 1.34e+3
20.0 1.34e+3 1.62e+3 1.62e+3
20.1 1.61e+3 1.96e+3 1.96e+3
20.2 1.94e+3 2.37e+3 2.37e+3
20.3 2.34e+3 2.86e+3 2.86e+3
20.4 2.83e+3 3.45e+3 3.45e+3
20.5 3.41e+3 4.17e+3 4.17e+3
20.6 4.11e+3 5.04e+3 5.04e+3
20.7 4.96e+3 6.09e+3 6.09e+3
20.8 5.97e+3 7.36e+3 7.36e+3
20.9 7.21e+3 8.89e+3 8.89e+3
21.0 8.69e+3 1.07e+4 1.07e+4
21.1 1.05e+4 1.3e+4 1.3e+4
21.2 1.26e+4 1.57e+4 1.57e+4
21.3 1.52e+4 1.89e+4 1.89e+4
21.4 1.84e+4 2.28e+4 2.28e+4
21.5 2.22e+4 2.76e+4 2.76e+4
21.6 2.67e+4 3.33e+4 3.33e+4
21.7 3.23e+4 4.02e+4 4.02e+4
21.8 3.89e+4 4.85e+4 4.85e+4
21.9 4.69e+4 5.85e+4 5.85e+4
22.0 5.66e+4 7.07e+4 7.07e+4
22.1 6.83e+4 8.53e+4 8.53e+4
22.2 8.23e+4 1.03e+5 1.03e+5
22.3 9.93e+4 1.24e+5 1.24e+5
22.4 1.2e+5 1.5e+5 1.5e+5
22.5 1.44e+5 1.81e+5 1.81e+5
22.6 1.74e+5 2.18e+5 2.18e+5
22.7 2.1e+5 2.64e+5 2.64e+5
22.8 2.54e+5 3.18e+5 3.18e+5
22.9 3.06e+5 3.84e+5 3.84e+5
23.0 3.69e+5 4.63e+5 4.63e+5
23.1 4.45e+5 5.59e+5 5.59e+5
23.2 5.37e+5 6.75e+5 6.75e+5
23.3 6.48e+5 8.14e+5 8.14e+5
23.4 7.81e+5 9.82e+5 9.82e+5
23.5 9.42e+5 1.19e+6 1.19e+6
23.6 1.14e+6 1.43e+6 1.43e+6
23.7 1.37e+6 1.73e+6 1.73e+6
23.8 1.65e+6 2.08e+6 2.08e+6
23.9 2e+6 2.51e+6 2.51e+6
24.0 2.41e+6 3.03e+6 3.03e+6
24.1 2.9e+6 3.66e+6 3.66e+6
24.2 3.5e+6 4.41e+6 4.41e+6
24.3 4.23e+6 5.32e+6 5.32e+6
24.4 5.1e+6 6.42e+6 6.42e+6
24.5 6.15e+6 7.75e+6 7.75e+6
24.6 7.42e+6 9.35e+6 9.35e+6
24.7 8.95e+6 1.13e+7 1.13e+7
24.8 1.08e+7 1.36e+7 1.36e+7
24.9 1.3e+7 1.64e+7 1.64e+7
25.0 1.57e+7 1.98e+7 1.98e+7
25.1 1.89e+7 2.39e+7 2.39e+7
25.2 2.29e+7 2.88e+7 2.88e+7
25.3 2.76e+7 3.48e+7 3.48e+7
25.4 3.33e+7 4.2e+7 4.2e+7
25.5 4.01e+7 5.06e+7 5.06e+7
25.6 4.84e+7 6.11e+7 6.11e+7
25.7 5.84e+7 7.37e+7 7.37e+7
25.8 7.04e+7 8.89e+7 8.89e+7
25.9 8.5e+7 1.07e+8 1.07e+8
26.0 1.03e+8 1.29e+8 1.29e+8
26.1 1.24e+8 1.56e+8 1.56e+8
26.2 1.49e+8 1.88e+8 1.88e+8
26.3 1.8e+8 2.27e+8 2.27e+8
26.4 2.17e+8 2.74e+8 2.74e+8
26.5 2.62e+8 3.31e+8 3.31e+8
26.6 3.16e+8 3.99e+8 3.99e+8
26.7 3.81e+8 4.81e+8 4.81e+8
26.8 4.6e+8 5.8e+8 5.8e+8
26.9 5.55e+8 7e+8 7e+8
27.0 6.69e+8 8.45e+8 8.45e+8
27.1 8.07e+8 1.02e+9 1.02e+9
27.2 9.74e+8 1.23e+9 1.23e+9
27.3 1.17e+9 1.48e+9 1.48e+9
27.4 1.42e+9 1.79e+9 1.79e+9
27.5 1.71e+9 2.16e+9 2.16e+9
27.6 2.06e+9 2.6e+9 2.6e+9
27.7 2.49e+9 3.14e+9 3.14e+9
27.8 3e+9 3.79e+9 3.79e+9
27.9 3.62e+9 4.57e+9 4.57e+9
28.0 4.37e+9 5.52e+9 5.52e+9
28.1 5.27e+9 6.65e+9 6.65e+9
28.2 6.36e+9 8.03e+9 8.03e+9
28.3 7.67e+9 9.68e+9 9.68e+9
28.4 9.25e+9 1.17e+10 1.17e+10
28.5 1.12e+10 1.41e+10 1.41e+10
28.6 1.35e+10 1.7e+10 1.7e+10
28.7 1.62e+10 2.05e+10 2.05e+10
28.8 1.96e+10 2.47e+10 2.47e+10
28.9 2.36e+10 2.98e+10 2.98e+10
29.0 2.85e+10 3.6e+10 3.6e+10
29.1 3.44e+10 4.34e+10 4.34e+10
29.2 4.15e+10 5.24e+10 5.24e+10
29.3 5.01e+10 6.32e+10 6.32e+10
29.4 6.04e+10 7.63e+10 7.63e+10
29.5 7.28e+10 9.2e+10 9.2e+10
29.6 8.79e+10 1.11e+11 1.11e+11
29.7 1.06e+11 1.34e+11 1.34e+11
29.8 1.28e+11 1.62e+11 1.62e+11
29.9 1.54e+11 1.95e+11 1.95e+11
30.0 1.86e+11 2.35e+11 2.35e+11
30.1 2.25e+11 2.84e+11 2.84e+11
30.2 2.71e+11 3.42e+11 3.42e+11
30.3 3.27e+11 4.13e+11 4.13e+11
30.4 3.94e+11 4.98e+11 4.98e+11
30.5 4.76e+11 6.01e+11 6.01e+11
30.6 5.74e+11 7.25e+11 7.25e+11
30.7 6.92e+11 8.74e+11 8.74e+11
30.8 8.35e+11 1.05e+12 1.05e+12
30.9 1.01e+12 1.27e+12 1.27e+12
31.0 1.21e+12 1.53e+12 1.53e+12
31.1 1.47e+12 1.85e+12 1.85e+12
31.2 1.77e+12 2.23e+12 2.23e+12
31.3 2.13e+12 2.69e+12 2.69e+12
31.4 2.57e+12 3.25e+12 3.25e+12
31.5 3.1e+12 3.92e+12 3.92e+12
31.6 3.74e+12 4.73e+12 4.73e+12
31.7 4.52e+12 5.71e+12 5.71e+12
31.8 5.45e+12 6.88e+12 6.88e+12
31.9 6.57e+12 8.3e+12 8.3e+12
32.0 7.93e+12 1e+13 1e+13
32.1 9.57e+12 1.21e+13 1.21e+13
32.2 1.15e+13 1.46e+13 1.46e+13
32.3 1.39e+13 1.76e+13 1.76e+13
32.4 1.68e+13 2.12e+13 2.12e+13
32.5 2.03e+13 2.56e+13 2.56e+13
32.6 2.44e+13 3.09e+13 3.09e+13
32.7 2.95e+13 3.72e+13 3.72e+13
32.8 3.56e+13 4.49e+13 4.49e+13
32.9 4.29e+13 5.42e+13 5.42e+13
33.0 5.18e+13 6.54e+13 6.54e+13
33.1 6.25e+13 7.89e+13 7.89e+13
33.2 7.53e+13 9.52e+13 9.52e+13
33.3 9.09e+13 1.15e+14 1.15e+14
33.4 1.1e+14 1.38e+14 1.38e+14
33.5 1.32e+14 1.67e+14 1.67e+14
33.6 1.6e+14 2.02e+14 2.02e+14
33.7 1.92e+14 2.43e+14 2.43e+14
33.8 2.32e+14 2.93e+14 2.93e+14
33.9 2.8e+14 3.54e+14 3.54e+14
34.0 3.38e+14 4.27e+14 4.27e+14
34.1 4.08e+14 5.15e+14 5.15e+14
34.2 4.92e+14 6.21e+14 6.21e+14
34.3 5.93e+14 7.49e+14 7.49e+14
34.4 7.16e+14 9.04e+14 9.04e+14
34.5 8.63e+14 1.09e+15 1.09e+15
34.6 1.04e+15 1.32e+15 1.32e+15
34.7 1.26e+15 1.59e+15 1.59e+15
34.8 1.52e+15 1.91e+15 1.91e+15
34.9 1.83e+15 2.31e+15 2.31e+15
35.0 2.21e+15 2.79e+15 2.79e+15
35.1 2.66e+15 3.36e+15 3.36e+15
35.2 3.21e+15 4.06e+15 4.06e+15
35.3 3.87e+15 4.89e+15 4.89e+15
35.4 4.67e+15 5.9e+15 5.9e+15
35.5 5.64e+15 7.12e+15 7.12e+15
35.6 6.8e+15 8.59e+15 8.59e+15
35.7 8.2e+15 1.04e+16 1.04e+16
35.8 9.9e+15 1.25e+16 1.25e+16
35.9 1.19e+16 1.51e+16 1.51e+16
36.0 1.44e+16 1.82e+16 1.82e+16
36.1 1.74e+16 2.19e+16 2.19e+16
36.2 2.1e+16 2.65e+16 2.65e+16
36.3 2.53e+16 3.19e+16 3.19e+16
36.4 3.05e+16 3.85e+16 3.85e+16
36.5 3.68e+16 4.65e+16 4.65e+16
36.6 4.44e+16 5.61e+16 5.61e+16
36.7 5.35e+16 6.76e+16 6.76e+16
36.8 6.46e+16 8.16e+16 8.16e+16
36.9 7.79e+16 9.84e+16 9.84e+16
37.0 9.4e+16 1.19e+17 1.19e+17
37.1 1.13e+17 1.43e+17 1.43e+17
37.2 1.37e+17 1.73e+17 1.73e+17
37.3 1.65e+17 2.08e+17 2.08e+17
37.4 1.99e+17 2.51e+17 2.51e+17
37.5 2.4e+17 3.03e+17 3.03e+17
37.6 2.9e+17 3.66e+17 3.66e+17
37.7 3.5e+17 4.42e+17 4.42e+17
37.8 4.22e+17 5.33e+17 5.33e+17
37.9 5.09e+17 6.43e+17 6.43e+17
38.0 6.14e+17 7.75e+17 7.75e+17
38.1 7.4e+17 9.35e+17 9.35e+17
38.2 8.93e+17 1.13e+18 1.13e+18
38.3 1.08e+18 1.36e+18 1.36e+18
38.4 1.3e+18 1.64e+18 1.64e+18
38.5 1.57e+18 1.98e+18 1.98e+18
38.6 1.89e+18 2.39e+18 2.39e+18
38.7 2.28e+18 2.88e+18 2.88e+18
38.8 2.75e+18 3.48e+18 3.48e+18
38.9 3.32e+18 4.19e+18 4.19e+18
39.0 4.01e+18 5.06e+18 5.06e+18
39.1 4.83e+18 6.1e+18 6.1e+18
39.2 5.83e+18 7.36e+18 7.36e+18
39.3 7.03e+18 8.88e+18 8.88e+18
39.4 8.48e+18 1.07e+19 1.07e+19
39.5 1.02e+19 1.29e+19 1.29e+19
39.6 1.23e+19 1.56e+19 1.56e+19
39.7 1.49e+19 1.88e+19 1.88e+19
39.8 1.8e+19 2.27e+19 2.27e+19
39.9 2.17e+19 2.74e+19 2.74e+19
40.0 2.62e+19 3.3e+19 3.3e+19
40.1 3.15e+19 3.98e+19 3.98e+19
40.2 3.81e+19 4.81e+19 4.81e+19
40.3 4.59e+19 5.8e+19 5.8e+19
40.4 5.54e+19 7e+19 7e+19
40.5 6.68e+19 8.44e+19 8.44e+19
40.6 8.06e+19 1.02e+20 1.02e+20
40.7 9.72e+19 1.23e+20 1.23e+20
40.8 1.17e+20 1.48e+20 1.48e+20
40.9 1.42e+20 1.79e+20 1.79e+20
41.0 1.71e+20 2.16e+20 2.16e+20
41.1 2.06e+20 2.6e+20 2.6e+20
41.2 2.48e+20 3.14e+20 3.14e+20
41.3 3e+20 3.79e+20 3.79e+20
41.4 3.62e+20 4.57e+20 4.57e+20
41.5 4.36e+20 5.51e+20 5.51e+20
41.6 5.26e+20 6.65e+20 6.65e+20
41.7 6.35e+20 8.02e+20 8.02e+20
41.8 7.66e+20 9.67e+20 9.67e+20
41.9 9.24e+20 1.17e+21 1.17e+21
42.0 1.11e+21 1.41e+21 1.41e+21
42.1 1.34e+21 1.7e+21 1.7e+21
42.2 1.62e+21 2.05e+21 2.05e+21
42.3 1.96e+21 2.47e+21 2.47e+21
42.4 2.36e+21 2.98e+21 2.98e+21
42.5 2.85e+21 3.6e+21 3.6e+21
42.6 3.43e+21 4.34e+21 4.34e+21
42.7 4.14e+21 5.23e+21 5.23e+21
42.8 5e+21 6.31e+21 6.31e+21
42.9 6.03e+21 7.62e+21 7.62e+21
43.0 7.27e+21 9.19e+21 9.19e+21
43.1 8.78e+21 1.11e+22 1.11e+22
43.2 1.06e+22 1.34e+22 1.34e+22
43.3 1.28e+22 1.61e+22 1.61e+22
43.4 1.54e+22 1.95e+22 1.95e+22
43.5 1.86e+22 2.35e+22 2.35e+22
43.6 2.24e+22 2.83e+22 2.83e+22
43.7 2.7e+22 3.42e+22 3.42e+22
43.8 3.26e+22 4.12e+22 4.12e+22
43.9 3.94e+22 4.97e+22 4.97e+22
44.0 4.75e+22 6e+22 6e+22
44.1 5.73e+22 7.24e+22 7.24e+22
44.2 6.91e+22 8.73e+22 8.73e+22
44.3 8.34e+22 1.05e+23 1.05e+23
44.4 1.01e+23 1.27e+23 1.27e+23
44.5 1.21e+23 1.53e+23 1.53e+23
44.6 1.46e+23 1.85e+23 1.85e+23
44.7 1.77e+23 2.23e+23 2.23e+23
44.8 2.13e+23 2.69e+23 2.69e+23
44.9 2.57e+23 3.25e+23 3.25e+23
45.0 3.1e+23 3.92e+23 3.92e+23
45.1 3.74e+23 4.72e+23 4.72e+23
45.2 4.51e+23 5.7e+23 5.7e+23
45.3 5.44e+23 6.87e+23 6.87e+23
45.4 6.57e+23 8.29e+23 8.29e+23
45.5 7.92e+23 1e+24 1e+24
45.6 9.55e+23 1.21e+24 1.21e+24
45.7 1.15e+24 1.46e+24 1.46e+24
45.8 1.39e+24 1.76e+24 1.76e+24
45.9 1.68e+24 2.12e+24 2.12e+24
46.0 2.02e+24 2.56e+24 2.56e+24
46.1 2.44e+24 3.08e+24 3.08e+24
46.2 2.94e+24 3.72e+24 3.72e+24
46.3 3.55e+24 4.49e+24 4.49e+24
46.4 4.29e+24 5.41e+24 5.41e+24
46.5 5.17e+24 6.53e+24 6.53e+24
46.6 6.24e+24 7.88e+24 7.88e+24
46.7 7.52e+24 9.5e+24 9.5e+24
46.8 9.08e+24 1.15e+25 1.15e+25
46.9 1.09e+25 1.38e+25 1.38e+25
47.0 1.32e+25 1.67e+25 1.67e+25
47.1 1.59e+25 2.01e+25 2.01e+25
47.2 1.92e+25 2.43e+25 2.43e+25
47.3 2.32e+25 2.93e+25 2.93e+25
47.4 2.8e+25 3.53e+25 3.53e+25
47.5 3.37e+25 4.26e+25 4.26e+25
47.6 4.07e+25 5.14e+25 5.14e+25
47.7 4.91e+25 6.2e+25 6.2e+25
47.8 5.93e+25 7.48e+25 7.48e+25
47.9 7.15e+25 9.03e+25 9.03e+25
48.0 8.62e+25 1.09e+26 1.09e+26
48.1 1.04e+26 1.31e+26 1.31e+26
48.2 1.25e+26 1.59e+26 1.59e+26
48.3 1.51e+26 1.91e+26 1.91e+26
48.4 1.83e+26 2.31e+26 2.31e+26
48.5 2.2e+26 2.78e+26 2.78e+26
48.6 2.66e+26 3.36e+26 3.36e+26
48.7 3.21e+26 4.05e+26 4.05e+26
48.8 3.87e+26 4.89e+26 4.89e+26
48.9 4.67e+26 5.89e+26 5.89e+26
49.0 5.63e+26 7.11e+26 7.11e+26
49.1 6.79e+26 8.58e+26 8.58e+26
49.2 8.19e+26 1.03e+27 1.03e+27
49.3 9.88e+26 1.25e+27 1.25e+27
49.4 1.19e+27 1.51e+27 1.51e+27
49.5 1.44e+27 1.82e+27 1.82e+27
49.6 1.73e+27 2.19e+27 2.19e+27
49.7 2.09e+27 2.64e+27 2.64e+27
49.8 2.52e+27 3.19e+27 3.19e+27
49.9 3.05e+27 3.85e+27 3.85e+27
