0.0 0.0 0.0 0.0
0.1 -0.631 5.67e-18 -16.5
0.2 -0.63 -8.39e-11 -16.4
0.3 -0.628 -1.27e-09 -16.4
0.4 -0.634 -6.38e-09 -16.4
0.5 -0.629 -1.99e-08 -16.4
0.6 -0.632 -4.92e-08 -16.4
0.7 -0.635 -1.06e-07 -16.4
0.8 -0.636 -2.11e-07 -16.3
0.9 -0.637 -3.9e-07 -16.3
1.0 -0.636 -6.66e-07 -16.3
1.1 -0.635 -1.06e-06 -16.2
1.2 -0.642 -1.62e-06 -16.2
1.3 -0.638 -2.33e-06 -16.2
1.4 -0.644 -3.26e-06 -16.1
1.5 -0.649 -4.4e-06 -16.1
1.6 -0.653 -5.79e-06 -16.0
1.7 -0.656 -7.44e-06 -16.0
1.8 -0.649 -9.22e-06 -16.0
1.9 -0.66 -1.16e-05 -15.9
2.0 -0.661 -1.41e-05 -15.9
2.1 -0.662 -1.69e-05 -15.8
2.2 -0.662 -2.01e-05 -15.8
2.3 -0.661 -2.35e-05 -15.8
2.4 -0.669 -2.78e-05 -15.7
2.5 -0.667 -3.2e-05 -15.7
2.6 -0.674 -3.71e-05 -15.7
2.7 -0.67 -4.21e-05 -15.6
2.8 -0.676 -4.82e-05 -15.6
2.9 -0.681 -5.48e-05 -15.6
3.0 -0.685 -6.2e-05 -15.5
3.1 -0.689 -6.97e-05 -15.5
3.2 -0.691 -7.79e-05 -15.5
3.3 -0.694 -8.68e-05 -15.4
3.4 -0.695 -9.63e-05 -15.4
3.5 -0.696 -0.000106 -15.4
3.6 -0.695 -0.000117 -15.4
3.7 -0.695 -0.000128 -15.4
3.8 -0.703 -0.000142 -15.3
3.9 -0.7 -0.000155 -15.3
4.0 -0.707 -0.00017 -15.3
4.1 -0.702 -0.000184 -15.3
4.2 -0.707 -0.000201 -15.2
4.3 -0.711 -0.00022 -15.2
4.4 -0.714 -0.000239 -15.2
4.5 -0.716 -0.000259 -15.2
4.6 -0.717 -0.000281 -15.2
4.7 -0.716 -0.000303 -15.2
4.8 -0.715 -0.000326 -15.2
4.9 -0.722 -0.000355 -15.2
5.0 -0.719 -0.00038 -15.2
5.1 -0.724 -0.000412 -15.2
5.2 -0.718 -0.00044 -15.2
5.3 -0.721 -0.000474 -15.2
5.4 -0.722 -0.000511 -15.2
5.5 -0.721 -0.000548 -15.2
5.6 -0.72 -0.000588 -15.2
5.7 -0.726 -0.000637 -15.2
5.8 -0.722 -0.00068 -15.3
5.9 -0.725 -0.000733 -15.3
6.0 -0.727 -0.000789 -15.3
6.1 -0.727 -0.000848 -15.3
6.2 -0.725 -0.000909 -15.4
6.3 -0.721 -0.000971 -15.4
6.4 -0.725 -0.00105 -15.4
6.5 -0.727 -0.00113 -15.5
6.6 -0.726 -0.00122 -15.5
6.7 -0.723 -0.00131 -15.6
6.8 -0.718 -0.0014 -15.6
6.9 -0.72 -0.00151 -15.7
7.0 -0.719 -0.00163 -15.8
7.1 -0.725 -0.00178 -15.8
7.2 -0.719 -0.00191 -15.9
7.3 -0.718 -0.00207 -16.0
7.4 -0.724 -0.00227 -16.0
7.5 -0.717 -0.00245 -16.1
7.6 -0.724 -0.0027 -16.2
7.7 -0.718 -0.00293 -16.3
7.8 -0.725 -0.00324 -16.4
7.9 -0.718 -0.00353 -16.5
8.0 -0.724 -0.00393 -16.6
8.1 -0.723 -0.00435 -16.7
8.2 -0.723 -0.00483 -16.8
8.3 -0.719 -0.00549 -16.9
8.4 -0.699 -0.00633 -17.2
8.5 -0.686 -0.00797 -17.6
8.6 -0.691 -0.0116 -18.0
8.7 0.0 0.0 -18.2
8.8 0.0 0.0 -18.2
8.9 0.0 0.0 -18.2
9.0 0.0 0.0 -18.2
9.1 0.0 0.0 -18.2
9.2 0.0 0.0 -18.2
9.3 0.0 0.0 -18.2
9.4 -0.471 -0.00933 -19.0
9.5 -0.412 -0.00529 -18.7
9.6 -0.362 -0.00319 -18.3
9.7 -0.317 -0.00198 -18.0
9.8 -0.276 -0.00125 -17.6
9.9 -0.241 -0.0008 -17.2
10.0 -0.209 -0.000505 -16.9
10.1 -0.184 -0.000337 -16.7
10.2 -0.162 -0.000238 -16.7
10.3 -0.143 -0.000175 -16.8
10.4 -0.131 -0.000135 -16.9
10.5 -0.118 -0.000105 -17.0
10.6 -0.109 -8.54e-05 -17.1
10.7 -0.0984 -6.88e-05 -17.3
10.8 -0.0916 -5.77e-05 -17.4
10.9 -0.0842 -4.83e-05 -17.5
11.0 -0.0771 -4.07e-05 -17.6
11.1 -0.0726 -3.55e-05 -17.7
11.2 -0.0666 -3.05e-05 -17.8
11.3 -0.0617 -2.66e-05 -17.9
11.4 -0.0577 -2.36e-05 -18.0
11.5 -0.0551 -2.14e-05 -18.1
11.6 -0.0519 -1.93e-05 -18.1
11.7 -0.0495 -1.77e-05 -18.2
11.8 -0.0472 -1.62e-05 -18.2
11.9 -0.0442 -1.48e-05 -18.3
12.0 -0.0426 -1.38e-05 -18.3
12.1 -0.0409 -1.29e-05 -18.4
12.2 -0.0387 -1.2e-05 -18.4
12.3 -0.0361 -1.1e-05 -18.5
12.4 -0.0355 -1.06e-05 -18.5
12.5 -0.0344 -1.01e-05 -18.5
12.6 -0.033 -9.5e-06 -18.6
12.7 -0.0317 -9e-06 -18.6
12.8 -0.032 -8.9e-06 -18.6
12.9 -0.0301 -8.3e-06 -18.6
13.0 -0.0303 -8.21e-06 -18.6
13.1 -0.0302 -8.06e-06 -18.6
13.2 -0.03 -7.86e-06 -18.6
13.3 -0.0294 -7.62e-06 -18.6
13.4 -0.0292 -7.45e-06 -18.6
13.5 -0.0283 -7.13e-06 -18.7
13.6 -0.0277 -6.88e-06 -18.7
13.7 -0.0275 -6.7e-06 -18.7
13.8 -0.0285 -6.79e-06 -18.6
13.9 -0.0274 -6.43e-06 -18.7
14.0 -0.0286 -6.59e-06 -18.6
14.1 -0.0278 -6.31e-06 -18.6
14.2 -0.028 -6.31e-06 -18.6
14.3 -0.0284 -6.41e-06 -18.6
14.4 -0.0279 -6.36e-06 -18.6
14.5 -0.0286 -6.72e-06 -18.6
14.6 -0.0286 -7.05e-06 -18.6
14.7 -0.0294 -7.82e-06 -18.6
14.8 -0.0301 -8.91e-06 -18.6
14.9 -0.0304 -1.03e-05 -18.6
15.0 -0.0314 -1.27e-05 -18.7
15.1 -0.0321 -1.6e-05 -18.7
15.2 -0.0344 -2.16e-05 -18.7
15.3 -0.0365 -3.02e-05 -18.8
15.4 -0.0389 -4.41e-05 -19.0
15.5 -0.0416 -6.86e-05 -19.2
15.6 -0.0456 -0.000117 -19.8
15.7 -0.0562 -0.000248 -20.7
15.8 -0.0924 -0.00116 -22.4
15.9 -0.0705 -0.000691 -22.4
16.0 -1.23 -0.0022 28.3
16.1 0.0 0.0 -18.2
16.2 0.0 0.0 -18.2
16.3 0.0 0.0 -18.2
16.4 0.0 0.0 -18.2
16.5 0.0 0.0 -18.2
16.6 0.0 0.0 -18.2
16.7 0.0 0.0 -18.2
16.8 0.0 0.0 -18.2
16.9 0.0 0.0 -18.2
17.0 0.0 0.0 -18.2
17.1 0.0 0.0 -18.2
17.2 0.0 0.0 -18.2
17.3 0.0 0.0 -18.2
17.4 0.0 0.0 -18.2
17.5 0.0 0.0 -18.2
17.6 0.0 0.0 -18.2
17.7 0.0 0.0 -18.2
17.8 0.0 0.0 -18.2
17.9 0.0 0.0 -18.2
18.0 0.0 0.0 -18.2
18.1 0.0 0.0 -18.2
18.2 0.0 0.0 -18.2
18.3 0.0 0.0 -18.2
18.4 0.0 0.0 -18.2
18.5 0.0 0.0 -18.2
18.6 0.0 0.0 -18.2
18.7 0.0 0.0 -18.2
18.8 0.0 0.0 -18.2
18.9 0.0 0.0 -18.2
19.0 0.0 0.0 -18.2
19.1 0.0 0.0 -18.2
19.2 0.0 0.0 -18.2
19.3 0.0 0.0 -18.2
19.4 0.0 0.0 -18.2
19.5 0.0 0.0 -18.2
19.6 0.0 0.0 -18.2
19.7 0.0 0.0 -18.2
19.8 0.0 0.0 -18.2
19.9 0.0 0.0 -18.2
20.0 0.0 0.0 -18.2
20.1 0.0 0.0 -18.2
20.2 0.0 0.0 -18.2
20.3 0.0 0.0 -18.2
20.4 0.0 0.0 -18.2
20.5 0.0 0.0 -18.2
20.6 0.0 0.0 -18.2
20.7 0.0 0.0 -18.2
20.8 0.0 0.0 -18.2
20.9 0.0 0.0 -18.2
21.0 0.0 0.0 -18.2
21.1 0.0 0.0 -18.2
21.2 0.0 0.0 -18.2
21.3 0.0 0.0 -18.2
21.4 0.0 0.0 -18.2
21.5 0.0 0.0 -18.2
21.6 0.0 0.0 -18.2
21.7 0.0 0.0 -18.2
21.8 0.0 0.0 -18.2
21.9 0.0 0.0 -18.2
22.0 0.0 0.0 -18.2
22.1 0.0 0.0 -18.2
22.2 0.0 0.0 -18.2
22.3 0.0 0.0 -18.2
22.4 0.0 0.0 -18.2
22.5 0.0 0.0 -18.2
22.6 0.0 0.0 -18.2
22.7 0.0 0.0 -18.2
22.8 0.0 0.0 -18.2
22.9 0.0 0.0 -18.2
23.0 0.0 0.0 -18.2
23.1 0.0 0.0 -18.2
23.2 0.0 0.0 -18.2
23.3 0.0 0.0 -18.2
23.4 0.0 0.0 -18.2
23.5 0.0 0.0 -18.2
23.6 0.0 0.0 -18.2
23.7 0.0 0.0 -18.2
23.8 0.0 0.0 -18.2
23.9 0.0 0.0 -18.2
24.0 0.0 0.0 -18.2
24.1 0.0 0.0 -18.2
24.2 0.0 0.0 -18.2
24.3 0.0 0.0 -18.2
24.4 0.0 0.0 -18.2
24.5 0.0 0.0 -18.2
24.6 0.0 0.0 -18.2
24.7 0.0 0.0 -18.2
24.8 0.0 0.0 -18.2
24.9 0.0 0.0 -18.2
25.0 0.0 0.0 -18.2
25.1 0.0 0.0 -18.2
25.2 0.0 0.0 -18.2
25.3 0.0 0.0 -18.2
25.4 0.0 0.0 -18.2
25.5 0.0 0.0 -18.2
25.6 0.0 0.0 -18.2
25.7 0.0 0.0 -18.2
25.8 0.0 0.0 -18.2
25.9 0.0 0.0 -18.2
26.0 0.0 0.0 -18.2
26.1 0.0 0.0 -18.2
26.2 0.0 0.0 -18.2
26.3 0.0 0.0 -18.2
26.4 0.0 0.0 -18.2
26.5 0.0 0.0 -18.2
26.6 0.0 0.0 -18.2
26.7 0.0 0.0 -18.2
26.8 0.0 0.0 -18.2
26.9 0.0 0.0 -18.2
27.0 0.0 0.0 -18.2
27.1 0.0 0.0 -18.2
27.2 0.0 0.0 -18.2
27.3 0.0 0.0 -18.2
27.4 0.0 0.0 -18.2
27.5 0.0 0.0 -18.2
27.6 0.0 0.0 -18.2
27.7 0.0 0.0 -18.2
27.8 0.0 0.0 -18.2
27.9 0.0 0.0 -18.2
28.0 0.0 0.0 -18.2
28.1 0.0 0.0 -18.2
28.2 0.0 0.0 -18.2
28.3 0.0 0.0 -18.2
28.4 0.0 0.0 -18.2
28.5 0.0 0.0 -18.2
28.6 0.0 0.0 -18.2
28.7 0.0 0.0 -18.2
28.8 0.0 0.0 -18.2
28.9 0.0 0.0 -18.2
29.0 0.0 0.0 -18.2
29.1 0.0 0.0 -18.2
29.2 0.0 0.0 -18.2
29.3 0.0 0.0 -18.2
29.4 0.0 0.0 -18.2
29.5 0.0 0.0 -18.2
29.6 0.0 0.0 -18.2
29.7 0.0 0.0 -18.2
29.8 0.0 0.0 -18.2
29.9 0.0 0.0 -18.2
30.0 0.0 0.0 -18.2
30.1 0.0 0.0 -18.2
30.2 0.0 0.0 -18.2
30.3 0.0 0.0 -18.2
30.4 0.0 0.0 -18.2
30.5 0.0 0.0 -18.2
30.6 0.0 0.0 -18.2
30.7 0.0 0.0 -18.2
30.8 0.0 0.0 -18.2
30.9 0.0 0.0 -18.2
31.0 0.0 0.0 -18.2
31.1 0.0 0.0 -18.2
31.2 0.0 0.0 -18.2
31.3 0.0 0.0 -18.2
31.4 0.0 0.0 -18.2
31.5 0.0 0.0 -18.2
31.6 0.0 0.0 -18.2
31.7 0.0 0.0 -18.2
31.8 0.0 0.0 -18.2
31.9 0.0 0.0 -18.2
32.0 0.0 0.0 -18.2
32.1 0.0 0.0 -18.2
32.2 0.0 0.0 -18.2
32.3 0.0 0.0 -18.2
32.4 0.0 0.0 -18.2
32.5 0.0 0.0 -18.2
32.6 0.0 0.0 -18.2
32.7 0.0 0.0 -18.2
32.8 0.0 0.0 -18.2
32.9 0.0 0.0 -18.2
33.0 0.0 0.0 -18.2
33.1 0.0 0.0 -18.2
33.2 0.0 0.0 -18.2
33.3 0.0 0.0 -18.2
33.4 0.0 0.0 -18.2
33.5 0.0 0.0 -18.2
33.6 0.0 0.0 -18.2
33.7 0.0 0.0 -18.2
33.8 0.0 0.0 -18.2
33.9 0.0 0.0 -18.2
34.0 0.0 0.0 -18.2
34.1 0.0 0.0 -18.2
34.2 0.0 0.0 -18.2
34.3 0.0 0.0 -18.2
34.4 0.0 0.0 -18.2
34.5 0.0 0.0 -18.2
34.6 0.0 0.0 -18.2
34.7 0.0 0.0 -18.2
34.8 0.0 0.0 -18.2
34.9 0.0 0.0 -18.2
35.0 0.0 0.0 -18.2
35.1 0.0 0.0 -18.2
35.2 0.0 0.0 -18.2
35.3 0.0 0.0 -18.2
35.4 0.0 0.0 -18.2
35.5 0.0 0.0 -18.2
35.6 0.0 0.0 -18.2
35.7 0.0 0.0 -18.2
35.8 0.0 0.0 -18.2
35.9 0.0 0.0 -18.2
36.0 0.0 0.0 -18.2
36.1 0.0 0.0 -18.2
36.2 0.0 0.0 -18.2
36.3 0.0 0.0 -18.2
36.4 0.0 0.0 -18.2
36.5 0.0 0.0 -18.2
36.6 0.0 0.0 -18.2
36.7 0.0 0.0 -18.2
36.8 0.0 0.0 -18.2
36.9 0.0 0.0 -18.2
37.0 0.0 0.0 -18.2
37.1 0.0 0.0 -18.2
37.2 0.0 0.0 -18.2
37.3 0.0 0.0 -18.2
37.4 0.0 0.0 -18.2
37.5 0.0 0.0 -18.2
37.6 0.0 0.0 -18.2
37.7 0.0 0.0 -18.2
37.8 0.0 0.0 -18.2
37.9 0.0 0.0 -18.2
38.0 0.0 0.0 -18.2
38.1 0.0 0.0 -18.2
38.2 0.0 0.0 -18.2
38.3 0.0 0.0 -18.2
38.4 0.0 0.0 -18.2
38.5 0.0 0.0 -18.2
38.6 0.0 0.0 -18.2
38.7 0.0 0.0 -18.2
38.8 0.0 0.0 -18.2
38.9 0.0 0.0 -18.2
39.0 0.0 0.0 -18.2
39.1 0.0 0.0 -18.2
39.2 0.0 0.0 -18.2
39.3 0.0 0.0 -18.2
39.4 0.0 0.0 -18.2
39.5 0.0 0.0 -18.2
39.6 0.0 0.0 -18.2
39.7 0.0 0.0 -18.2
39.8 0.0 0.0 -18.2
39.9 0.0 0.0 -18.2
40.0 0.0 0.0 -18.2
40.1 0.0 0.0 -18.2
40.2 0.0 0.0 -18.2
40.3 0.0 0.0 -18.2
40.4 0.0 0.0 -18.2
40.5 0.0 0.0 -18.2
40.6 0.0 0.0 -18.2
40.7 0.0 0.0 -18.2
40.8 0.0 0.0 -18.2
40.9 0.0 0.0 -18.2
41.0 0.0 0.0 -18.2
41.1 0.0 0.0 -18.2
41.2 0.0 0.0 -18.2
41.3 0.0 0.0 -18.2
41.4 0.0 0.0 -18.2
41.5 0.0 0.0 -18.2
41.6 0.0 0.0 -18.2
41.7 0.0 0.0 -18.2
41.8 0.0 0.0 -18.2
41.9 0.0 0.0 -18.2
42.0 0.0 0.0 -18.2
42.1 0.0 0.0 -18.2
42.2 0.0 0.0 -18.2
42.3 0.0 0.0 -18.2
42.4 0.0 0.0 -18.2
42.5 0.0 0.0 -18.2
42.6 0.0 0.0 -18.2
42.7 0.0 0.0 -18.2
42.8 0.0 0.0 -18.2
42.9 0.0 0.0 -18.2
43.0 0.0 0.0 -18.2
43.1 0.0 0.0 -18.2
43.2 0.0 0.0 -18.2
43.3 0.0 0.0 -18.2
43.4 0.0 0.0 -18.2
43.5 0.0 0.0 -18.2
43.6 0.0 0.0 -18.2
43.7 0.0 0.0 -18.2
43.8 0.0 0.0 -18.2
43.9 0.0 0.0 -18.2
44.0 0.0 0.0 -18.2
44.1 0.0 0.0 -18.2
44.2 0.0 0.0 -18.2
44.3 0.0 0.0 -18.2
44.4 0.0 0.0 -18.2
44.5 0.0 0.0 -18.2
44.6 0.0 0.0 -18.2
44.7 0.0 0.0 -18.2
44.8 0.0 0.0 -18.2
44.9 0.0 0.0 -18.2
45.0 0.0 0.0 -18.2
45.1 0.0 0.0 -18.2
45.2 0.0 0.0 -18.2
45.3 0.0 0.0 -18.2
45.4 0.0 0.0 -18.2
45.5 0.0 0.0 -18.2
45.6 0.0 0.0 -18.2
45.7 0.0 0.0 -18.2
45.8 0.0 0.0 -18.2
45.9 0.0 0.0 -18.2
46.0 0.0 0.0 -18.2
46.1 0.0 0.0 -18.2
46.2 0.0 0.0 -18.2
46.3 0.0 0.0 -18.2
46.4 0.0 0.0 -18.2
46.5 0.0 0.0 -18.2
46.6 0.0 0.0 -18.2
46.7 0.0 0.0 -18.2
46.8 0.0 0.0 -18.2
46.9 0.0 0.0 -18.2
47.0 0.0 0.0 -18.2
47.1 0.0 0.0 -18.2
47.2 0.0 0.0 -18.2
47.3 0.0 0.0 -18.2
47.4 0.0 0.0 -18.2
47.5 0.0 0.0 -18.2
47.6 0.0 0.0 -18.2
47.7 0.0 0.0 -18.2
47.8 0.0 0.0 -18.2
47.9 0.0 0.0 -18.2
48.0 0.0 0.0 -18.2
48.1 0.0 0.0 -18.2
48.2 0.0 0.0 -18.2
48.3 0.0 0.0 -18.2
48.4 0.0 0.0 -18.2
48.5 0.0 0.0 -18.2
48.6 0.0 0.0 -18.2
48.7 0.0 0.0 -18.2
48.8 0.0 0.0 -18.2
48.9 0.0 0.0 -18.2
49.0 0.0 0.0 -18.2
49.1 0.0 0.0 -18.2
49.2 0.0 0.0 -18.2
49.3 0.0 0.0 -18.2
49.4 0.0 0.0 -18.2
49.5 0.0 0.0 -18.2
49.6 0.0 0.0 -18.2
49.7 0.0 0.0 -18.2
49.8 0.0 0.0 -18.2
49.9 0.0 0.0 -18.2
