0.0 0.0
0.1 9.89e-20
0.2 1.45e-19
0.3 8.45e-18
0.4 1.16e-16
0.5 6.51e-16
0.6 2.45e-15
0.7 7.24e-15
0.8 1.81e-14
0.9 4.05e-14
1.0 8.36e-14
1.1 1.59e-13
1.2 2.85e-13
1.3 4.85e-13
1.4 7.88e-13
1.5 1.22e-12
1.6 1.84e-12
1.7 2.66e-12
1.8 3.76e-12
1.9 5.13e-12
2.0 6.94e-12
2.1 9.11e-12
2.2 1.19e-11
2.3 1.52e-11
2.4 1.91e-11
2.5 2.39e-11
2.6 2.94e-11
2.7 3.57e-11
2.8 4.3e-11
2.9 5.13e-11
3.0 6.02e-11
3.1 7.08e-11
3.2 8.25e-11
3.3 9.56e-11
3.4 1.1e-10
3.5 1.26e-10
3.6 1.42e-10
3.7 1.6e-10
3.8 1.8e-10
3.9 2.02e-10
4.0 2.25e-10
4.1 2.49e-10
4.2 2.72e-10
4.3 2.99e-10
4.4 3.27e-10
4.5 3.56e-10
4.6 3.85e-10
4.7 4.16e-10
4.8 4.47e-10
4.9 4.79e-10
5.0 5.11e-10
5.1 5.48e-10
5.2 5.8e-10
5.3 6.12e-10
5.4 6.43e-10
5.5 6.79e-10
5.6 7.09e-10
5.7 7.37e-10
5.8 7.71e-10
5.9 7.96e-10
6.0 8.28e-10
6.1 8.5e-10
6.2 8.78e-10
6.3 9.06e-10
6.4 9.21e-10
6.5 9.45e-10
6.6 9.67e-10
6.7 9.87e-10
6.8 9.93e-10
6.9 1.01e-09
7.0 1.02e-09
7.1 1.04e-09
7.2 1.05e-09
7.3 1.06e-09
7.4 1.07e-09
7.5 1.08e-09
7.6 1.12e-09
7.7 1.14e-09
7.8 1.18e-09
7.9 1.25e-09
8.0 1.49e-09
8.1 2.26e-09
8.2 3.03e-08
8.3 1.16e-08
8.4 1.33e-08
8.5 0.0
8.6 0.0
8.7 0.0
8.8 0.0
8.9 0.0
9.0 0.0
9.1 0.0
9.2 0.0
9.3 0.0
9.4 0.0
9.5 0.0
9.6 0.0
9.7 0.0
9.8 0.0
9.9 0.0
10.0 1.92e-08
10.1 3.19e-09
10.2 2.31e-09
10.3 2.28e-09
10.4 2.31e-09
10.5 2.44e-09
10.6 2.57e-09
10.7 2.75e-09
10.8 2.96e-09
10.9 3.14e-09
11.0 3.44e-09
11.1 3.69e-09
11.2 4e-09
11.3 4.34e-09
11.4 4.74e-09
11.5 5.18e-09
11.6 5.57e-09
11.7 6.12e-09
11.8 6.6e-09
11.9 7.12e-09
12.0 7.67e-09
12.1 8.27e-09
12.2 8.9e-09
12.3 9.55e-09
12.4 1.01e-08
12.5 1.07e-08
12.6 1.12e-08
12.7 1.19e-08
12.8 1.24e-08
12.9 1.31e-08
13.0 1.34e-08
13.1 1.37e-08
13.2 1.43e-08
13.3 1.45e-08
13.4 1.45e-08
13.5 1.51e-08
13.6 2.18e-08
13.7 0.0
13.8 0.0
13.9 0.0
14.0 0.0
14.1 0.0
14.2 0.0
14.3 0.0
14.4 0.0
14.5 0.0
14.6 0.0
14.7 0.0
14.8 0.0
14.9 0.0
15.0 0.0
15.1 0.0
15.2 0.0
15.3 0.0
15.4 0.0
15.5 0.0
15.6 0.0
15.7 0.0
15.8 0.0
15.9 0.0
16.0 0.0
16.1 0.0
16.2 0.0
16.3 0.0
16.4 0.0
16.5 0.0
16.6 0.0
16.7 0.0
16.8 0.0
16.9 0.0
17.0 0.0
17.1 0.0
17.2 0.0
17.3 0.0
17.4 0.0
17.5 0.0
17.6 0.0
17.7 0.0
17.8 0.0
17.9 0.0
18.0 0.0
18.1 0.0
18.2 0.0
18.3 0.0
18.4 0.0
18.5 0.0
18.6 0.0
18.7 0.0
18.8 0.0
18.9 0.0
19.0 0.0
19.1 0.0
19.2 0.0
19.3 0.0
19.4 0.0
19.5 0.0
19.6 0.0
19.7 0.0
19.8 0.0
19.9 0.0
20.0 0.0
20.1 0.0
20.2 0.0
20.3 0.0
20.4 0.0
20.5 0.0
20.6 0.0
20.7 0.0
20.8 0.0
20.9 0.0
21.0 0.0
21.1 0.0
21.2 0.0
21.3 0.0
21.4 0.0
21.5 0.0
21.6 0.0
21.7 0.0
21.8 0.0
21.9 0.0
22.0 0.0
22.1 0.0
22.2 0.0
22.3 0.0
22.4 0.0
22.5 0.0
22.6 0.0
22.7 0.0
22.8 0.0
22.9 0.0
23.0 0.0
23.1 0.0
23.2 0.0
23.3 0.0
23.4 0.0
23.5 0.0
23.6 0.0
23.7 0.0
23.8 0.0
23.9 0.0
24.0 0.0
24.1 0.0
24.2 0.0
24.3 0.0
24.4 0.0
24.5 0.0
24.6 0.0
24.7 0.0
24.8 0.0
24.9 0.0
25.0 0.0
25.1 0.0
25.2 0.0
25.3 0.0
25.4 0.0
25.5 0.0
25.6 0.0
25.7 0.0
25.8 0.0
25.9 0.0
26.0 0.0
26.1 0.0
26.2 0.0
26.3 0.0
26.4 0.0
26.5 0.0
26.6 0.0
26.7 0.0
26.8 0.0
26.9 0.0
27.0 0.0
27.1 0.0
27.2 0.0
27.3 0.0
27.4 0.0
27.5 0.0
27.6 0.0
27.7 0.0
27.8 0.0
27.9 0.0
28.0 0.0
28.1 0.0
28.2 0.0
28.3 0.0
28.4 0.0
28.5 0.0
28.6 0.0
28.7 0.0
28.8 0.0
28.9 0.0
29.0 0.0
29.1 0.0
29.2 0.0
29.3 0.0
29.4 0.0
29.5 0.0
29.6 0.0
29.7 0.0
29.8 0.0
29.9 0.0
30.0 0.0
30.1 0.0
30.2 0.0
30.3 0.0
30.4 0.0
30.5 0.0
30.6 0.0
30.7 0.0
30.8 0.0
30.9 0.0
31.0 0.0
31.1 0.0
31.2 0.0
31.3 0.0
31.4 0.0
31.5 0.0
31.6 0.0
31.7 0.0
31.8 0.0
31.9 0.0
32.0 0.0
32.1 0.0
32.2 0.0
32.3 0.0
32.4 0.0
32.5 0.0
32.6 0.0
32.7 0.0
32.8 0.0
32.9 0.0
33.0 0.0
33.1 0.0
33.2 0.0
33.3 0.0
33.4 0.0
33.5 0.0
33.6 0.0
33.7 0.0
33.8 0.0
33.9 0.0
34.0 0.0
34.1 0.0
34.2 0.0
34.3 0.0
34.4 0.0
34.5 0.0
34.6 0.0
34.7 0.0
34.8 0.0
34.9 0.0
35.0 0.0
35.1 0.0
35.2 0.0
35.3 0.0
35.4 0.0
35.5 0.0
35.6 0.0
35.7 0.0
35.8 0.0
35.9 0.0
36.0 0.0
36.1 0.0
36.2 0.0
36.3 0.0
36.4 0.0
36.5 0.0
36.6 0.0
36.7 0.0
36.8 0.0
36.9 0.0
37.0 0.0
37.1 0.0
37.2 0.0
37.3 0.0
37.4 0.0
37.5 0.0
37.6 0.0
37.7 0.0
37.8 0.0
37.9 0.0
38.0 0.0
38.1 0.0
38.2 0.0
38.3 0.0
38.4 0.0
38.5 0.0
38.6 0.0
38.7 0.0
38.8 0.0
38.9 0.0
39.0 0.0
39.1 0.0
39.2 0.0
39.3 0.0
39.4 0.0
39.5 0.0
39.6 0.0
39.7 0.0
39.8 0.0
39.9 0.0
40.0 0.0
40.1 0.0
40.2 0.0
40.3 0.0
40.4 0.0
40.5 0.0
40.6 0.0
40.7 0.0
40.8 0.0
40.9 0.0
41.0 0.0
41.1 0.0
41.2 0.0
41.3 0.0
41.4 0.0
41.5 0.0
41.6 0.0
41.7 0.0
41.8 0.0
41.9 0.0
42.0 0.0
42.1 0.0
42.2 0.0
42.3 0.0
42.4 0.0
42.5 0.0
42.6 0.0
42.7 0.0
42.8 0.0
42.9 0.0
43.0 0.0
43.1 0.0
43.2 0.0
43.3 0.0
43.4 0.0
43.5 0.0
43.6 0.0
43.7 0.0
43.8 0.0
43.9 0.0
44.0 0.0
44.1 0.0
44.2 0.0
44.3 0.0
44.4 0.0
44.5 0.0
44.6 0.0
44.7 0.0
44.8 0.0
44.9 0.0
45.0 0.0
45.1 0.0
45.2 0.0
45.3 0.0
45.4 0.0
45.5 0.0
45.6 0.0
45.7 0.0
45.8 0.0
45.9 0.0
46.0 0.0
46.1 0.0
46.2 0.0
46.3 0.0
46.4 0.0
46.5 0.0
46.6 0.0
46.7 0.0
46.8 0.0
46.9 0.0
47.0 0.0
47.1 0.0
47.2 0.0
47.3 0.0
47.4 0.0
47.5 0.0
47.6 0.0
47.7 0.0
47.8 0.0
47.9 0.0
48.0 0.0
48.1 0.0
48.2 0.0
48.3 0.0
48.4 0.0
48.5 0.0
48.6 0.0
48.7 0.0
48.8 0.0
48.9 0.0
49.0 0.0
49.1 0.0
49.2 0.0
49.3 0.0
49.4 0.0
49.5 0.0
49.6 0.0
49.7 0.0
49.8 0.0
49.9 0.0
