0.0 0.0
0.1 0.0139
0.2 0.0147
0.3 0.0175
0.4 0.0247
0.5 0.0523
0.6 0.0978
0.7 0.018
0.8 0.00917
0.9 0.00627
1.0 0.0048
1.1 0.00388
1.2 0.00325
1.3 0.00277
1.4 0.00239
1.5 0.00208
1.6 0.00184
1.7 0.00163
1.8 0.00146
1.9 0.0013
2.0 0.00118
2.1 0.00106
2.2 0.000976
2.3 0.000884
2.4 0.000821
2.5 0.00075
2.6 0.000705
2.7 0.000668
2.8 0.000619
2.9 0.000595
3.0 0.000559
3.1 0.000547
3.2 0.00054
3.3 0.00052
3.4 0.000523
3.5 0.000531
3.6 0.000525
3.7 0.000541
3.8 0.000543
3.9 0.000566
4.0 0.000593
4.1 0.000602
4.2 0.000632
4.3 0.000665
4.4 0.000678
4.5 0.000713
4.6 0.000727
4.7 0.000763
4.8 0.000778
4.9 0.000815
5.0 0.000852
5.1 0.000868
5.2 0.000907
5.3 0.000923
5.4 0.000962
5.5 0.000978
5.6 0.00102
5.7 0.00104
5.8 0.00108
5.9 0.00109
6.0 0.00114
6.1 0.00116
6.2 0.0012
6.3 0.00122
6.4 0.00127
6.5 0.00129
6.6 0.00133
6.7 0.00136
6.8 0.0014
6.9 0.00143
7.0 0.00147
7.1 0.0015
7.2 0.00152
7.3 0.00157
7.4 0.00159
7.5 0.00163
7.6 0.00165
7.7 0.00168
7.8 0.00172
7.9 0.00174
8.0 0.00176
8.1 0.0018
8.2 0.00182
8.3 0.00184
8.4 0.00188
8.5 0.0019
8.6 0.00192
8.7 0.00193
8.8 0.00197
8.9 0.00199
9.0 0.002
9.1 0.00201
9.2 0.00202
9.3 0.002
9.4 0.00201
9.5 0.00202
9.6 0.00202
9.7 0.00201
9.8 0.00201
9.9 0.00202
10.0 0.002
10.1 0.002
10.2 0.00199
10.3 0.00199
10.4 0.002
10.5 0.00198
10.6 0.00198
10.7 0.00196
10.8 0.00196
10.9 0.00194
11.0 0.00192
11.1 0.00192
11.2 0.0019
11.3 0.00188
11.4 0.00189
11.5 0.00186
11.6 0.00184
11.7 0.00184
11.8 0.00182
11.9 0.0018
12.0 0.00178
12.1 0.00178
12.2 0.00176
12.3 0.00174
12.4 0.00172
12.5 0.00172
12.6 0.0017
12.7 0.00168
12.8 0.00166
12.9 0.00163
13.0 0.00164
13.1 0.00162
13.2 0.0016
13.3 0.00158
13.4 0.00156
13.5 0.00154
13.6 0.00152
13.7 0.00152
13.8 0.0015
13.9 0.00148
14.0 0.00146
14.1 0.00144
14.2 0.00143
14.3 0.00141
14.4 0.00142
14.5 0.0014
14.6 0.00138
14.7 0.00136
14.8 0.00134
14.9 0.00133
15.0 0.00131
15.1 0.00132
15.2 0.0013
15.3 0.00129
15.4 0.00127
15.5 0.00125
15.6 0.00124
15.7 0.00122
15.8 0.00121
15.9 0.00119
16.0 0.0012
16.1 0.00119
16.2 0.0014
16.3 0.00202
16.4 0.00331
16.5 0.00546
16.6 0.00818
16.7 0.0111
16.8 0.0
16.9 0.0
17.0 0.0
17.1 0.0
17.2 0.0
17.3 0.0
17.4 0.0
17.5 0.0
17.6 0.0
17.7 0.0
17.8 0.0
17.9 0.0
18.0 0.0
18.1 0.0
18.2 0.0
18.3 0.0
18.4 0.0
18.5 0.0
18.6 0.0
18.7 0.0
18.8 0.0
18.9 0.0
19.0 0.0
19.1 0.0
19.2 0.0
19.3 0.0
19.4 0.0
19.5 0.0
19.6 0.0
19.7 0.0
19.8 0.0
19.9 0.0
20.0 0.0
20.1 0.0
20.2 0.0
20.3 0.0
20.4 0.0
20.5 0.0
20.6 0.0
20.7 0.0
20.8 0.0
20.9 0.0
21.0 0.0
21.1 0.0
21.2 0.0
21.3 0.0
21.4 0.0
21.5 0.0
21.6 0.0
21.7 0.0
21.8 0.0
21.9 0.0
22.0 0.0
22.1 0.0
22.2 0.0
22.3 0.0
22.4 0.0
22.5 0.0
22.6 0.0
22.7 0.0
22.8 0.0
22.9 0.0
23.0 0.0
23.1 0.0
23.2 0.0
23.3 0.0
23.4 0.0
23.5 0.0
23.6 0.0
23.7 0.0
23.8 0.0
23.9 0.0
24.0 0.0
24.1 0.0
24.2 0.0
24.3 0.0
24.4 0.0
24.5 0.0
24.6 0.0
24.7 0.0
24.8 0.0
24.9 0.0
25.0 0.0
25.1 0.0
25.2 0.0
25.3 0.0
25.4 0.0
25.5 0.0
25.6 0.0
25.7 0.0
25.8 0.0
25.9 0.0
26.0 0.0
26.1 0.0
26.2 0.0
26.3 0.0
26.4 0.0
26.5 0.0
26.6 0.0
26.7 0.0
26.8 0.0
26.9 0.0
27.0 0.0
27.1 0.0
27.2 0.0
27.3 0.0
27.4 0.0
27.5 0.0
27.6 0.0
27.7 0.0
27.8 0.0
27.9 0.0
28.0 0.0
28.1 0.0
28.2 0.0
28.3 0.0
28.4 0.0
28.5 0.0
28.6 0.0
28.7 0.0
28.8 0.0
28.9 0.0
29.0 0.0
29.1 0.0
29.2 0.0
29.3 0.0
29.4 0.0
29.5 0.0
29.6 0.0
29.7 0.0
29.8 0.0
29.9 0.0
30.0 0.0
30.1 0.0
30.2 0.0
30.3 0.0
30.4 0.0
30.5 0.0
30.6 0.0
30.7 0.0
30.8 0.0
30.9 0.0
31.0 0.0
31.1 0.0
31.2 0.0
31.3 0.0
31.4 0.0
31.5 0.0
31.6 0.0
31.7 0.0
31.8 0.0
31.9 0.0
32.0 0.0
32.1 0.0
32.2 0.0
32.3 0.0
32.4 0.0
32.5 0.0
32.6 0.0
32.7 0.0
32.8 0.0
32.9 0.0
33.0 0.0
33.1 0.0
33.2 0.0
33.3 0.0
33.4 0.0
33.5 0.0
33.6 0.0
33.7 0.0
33.8 0.0
33.9 0.0
34.0 0.0
34.1 0.0
34.2 0.0
34.3 0.0
34.4 0.0
34.5 0.0
34.6 0.0
34.7 0.0
34.8 0.0
34.9 0.0
35.0 0.0
35.1 0.0
35.2 0.0
35.3 0.0
35.4 0.0
35.5 0.0
35.6 0.0
35.7 0.0
35.8 0.0
35.9 0.0
36.0 0.0
36.1 0.0
36.2 0.0
36.3 0.0
36.4 0.0
36.5 0.0
36.6 0.0
36.7 0.0
36.8 0.0
36.9 0.0
37.0 0.0
37.1 0.0
37.2 0.0
37.3 0.0
37.4 0.0
37.5 0.0
37.6 0.0
37.7 0.0
37.8 0.0
37.9 0.0
38.0 0.0
38.1 0.0
38.2 0.0
38.3 0.0
38.4 0.0
38.5 0.0
38.6 0.0
38.7 0.0
38.8 0.0
38.9 0.0
39.0 0.0
39.1 0.0
39.2 0.0
39.3 0.0
39.4 0.0
39.5 0.0
39.6 0.0
39.7 0.0
39.8 0.0
39.9 0.0
40.0 0.0
40.1 0.0
40.2 0.0
40.3 0.0
40.4 0.0
40.5 0.0
40.6 0.0
40.7 0.0
40.8 0.0
40.9 0.0
41.0 0.0
41.1 0.0
41.2 0.0
41.3 0.0
41.4 0.0
41.5 0.0
41.6 0.0
41.7 0.0
41.8 0.0
41.9 0.0
42.0 0.0
42.1 0.0
42.2 0.0
42.3 0.0
42.4 0.0
42.5 0.0
42.6 0.0
42.7 0.0
42.8 0.0
42.9 0.0
43.0 0.0
43.1 0.0
43.2 0.0
43.3 0.0
43.4 0.0
43.5 0.0
43.6 0.0
43.7 0.0
43.8 0.0
43.9 0.0
44.0 0.0
44.1 0.0
44.2 0.0
44.3 0.0
44.4 0.0
44.5 0.0
44.6 0.0
44.7 0.0
44.8 0.0
44.9 0.0
45.0 0.0
45.1 0.0
45.2 0.0
45.3 0.0
45.4 0.0
45.5 0.0
45.6 0.0
45.7 0.0
45.8 0.0
45.9 0.0
46.0 0.0
46.1 0.0
46.2 0.0
46.3 0.0
46.4 0.0
46.5 0.0
46.6 0.0
46.7 0.0
46.8 0.0
46.9 0.0
47.0 0.0
47.1 0.0
47.2 0.0
47.3 0.0
47.4 0.0
47.5 0.0
47.6 0.0
47.7 0.0
47.8 0.0
47.9 0.0
48.0 0.0
48.1 0.0
48.2 0.0
48.3 0.0
48.4 0.0
48.5 0.0
48.6 0.0
48.7 0.0
48.8 0.0
48.9 0.0
49.0 0.0
49.1 0.0
49.2 0.0
49.3 0.0
49.4 0.0
49.5 0.0
49.6 0.0
49.7 0.0
49.8 0.0
49.9 0.0
