0.0 0.0 0.0 0.0
0.1 -0.0338 0.0 18.2
0.2 -0.781 -4.57e-25 14.8
0.3 -1.22 1.33e-19 8.02
0.4 -1.47 8.43e-18 1.83
0.5 -1.62 9.05e-17 -3.47
0.6 -1.72 5.06e-16 -7.9
0.7 -1.8 1.97e-15 -11.5
0.8 -1.88 6.11e-15 -14.5
0.9 -1.95 1.62e-14 -16.8
1.0 -2.01 3.81e-14 -18.7
1.1 -2.08 8.23e-14 -20.0
1.2 -2.15 1.65e-13 -21.0
1.3 -2.22 3.12e-13 -21.7
1.4 -2.29 5.55e-13 -22.2
1.5 -2.36 9.41e-13 -22.4
1.6 -2.43 1.53e-12 -22.5
1.7 -2.5 2.38e-12 -22.6
1.8 -2.57 3.59e-12 -22.5
1.9 -2.63 5.25e-12 -22.5
2.0 -2.7 7.51e-12 -22.4
2.1 -2.77 1.05e-11 -22.3
2.2 -2.84 1.43e-11 -22.3
2.3 -2.9 1.9e-11 -22.4
2.4 -2.97 2.5e-11 -22.4
2.5 -3.03 3.23e-11 -22.6
2.6 -3.1 4.13e-11 -22.7
2.7 -3.16 5.21e-11 -23.0
2.8 -3.22 6.49e-11 -23.3
2.9 -3.29 8.01e-11 -23.6
3.0 -3.35 9.77e-11 -24.0
3.1 -3.41 1.18e-10 -24.4
3.2 -3.47 1.42e-10 -24.9
3.3 -3.53 1.69e-10 -25.4
3.4 -3.59 2e-10 -25.9
3.5 -3.65 2.35e-10 -26.5
3.6 -3.71 2.75e-10 -27.0
3.7 -3.76 3.2e-10 -27.6
3.8 -3.82 3.69e-10 -28.2
3.9 -3.88 4.25e-10 -28.9
4.0 -3.93 4.87e-10 -29.5
4.1 -3.98 5.56e-10 -30.1
4.2 -4.04 6.33e-10 -30.8
4.3 -4.09 7.16e-10 -31.4
4.4 -4.14 8.07e-10 -32.1
4.5 -4.19 9.07e-10 -32.7
4.6 -4.24 1.02e-09 -33.4
4.7 -4.29 1.13e-09 -34.0
4.8 -4.34 1.26e-09 -34.6
4.9 -4.39 1.41e-09 -35.2
5.0 -4.44 1.56e-09 -35.8
5.1 -4.49 1.73e-09 -36.4
5.2 -4.53 1.91e-09 -37.0
5.3 -4.58 2.11e-09 -37.6
5.4 -4.62 2.31e-09 -38.1
5.5 -4.67 2.54e-09 -38.6
5.6 -4.71 2.78e-09 -39.1
5.7 -4.75 3.04e-09 -39.6
5.8 -4.8 3.33e-09 -40.0
5.9 -4.84 3.64e-09 -40.4
6.0 -4.88 3.97e-09 -40.8
6.1 -4.92 4.32e-09 -41.1
6.2 -4.96 4.72e-09 -41.4
6.3 -5.0 5.13e-09 -41.7
6.4 -5.03 5.57e-09 -41.9
6.5 -5.07 6.07e-09 -42.1
6.6 -5.11 6.6e-09 -42.2
6.7 -5.14 7.17e-09 -42.2
6.8 -5.18 7.78e-09 -42.3
6.9 -5.21 8.48e-09 -42.2
7.0 -5.25 9.27e-09 -42.1
7.1 -5.28 1.01e-08 -42.0
7.2 -5.32 1.11e-08 -41.7
7.3 -5.35 1.21e-08 -41.5
7.4 -5.38 1.33e-08 -41.1
7.5 -5.41 1.45e-08 -40.7
7.6 -5.45 1.59e-08 -40.3
7.7 -5.48 1.76e-08 -39.7
7.8 -5.51 1.96e-08 -39.2
7.9 -5.54 2.21e-08 -38.5
8.0 -5.58 2.51e-08 -37.8
8.1 -5.61 2.89e-08 -37.0
8.2 -5.66 3.44e-08 -36.2
8.3 -5.71 4.26e-08 -35.3
8.4 -5.77 5.52e-08 -34.3
8.5 -3.76 -4.92e-07 -32.6
8.6 -1.83 -1.02e-06 -30.8
8.7 -4.23 -3.81e-07 -30.3
8.8 -6.57 2.57e-07 -29.7
8.9 -8.73 8.79e-07 -29.2
9.0 -10.8 1.5e-06 -28.8
9.1 -12.8 2.14e-06 -28.4
9.2 -14.9 2.83e-06 -28.2
9.3 -17.2 3.58e-06 -28.0
9.4 -19.8 4.42e-06 -28.0
9.5 -22.7 5.39e-06 -28.1
9.6 -26.1 6.54e-06 -28.4
9.7 -30.2 7.93e-06 -29.1
9.8 -35.0 9.64e-06 -30.1
9.9 -40.9 1.18e-05 -31.5
10.0 -48.1 1.45e-05 -33.6
10.1 -40.8 1.23e-05 -31.4
10.2 -26.4 7.54e-06 -26.8
10.3 -15.3 3.79e-06 -22.2
10.4 -8.74 1.44e-06 -18.0
10.5 -5.37 1.44e-07 -14.1
10.6 -3.92 -4.92e-07 -10.6
10.7 -3.48 -7.51e-07 -7.46
10.8 -3.51 -8.1e-07 -4.65
10.9 -3.73 -7.71e-07 -2.14
11.0 -4.0 -6.9e-07 0.0824
11.1 -4.28 -5.96e-07 2.05
11.2 -4.53 -5.02e-07 3.79
11.3 -4.74 -4.16e-07 5.33
11.4 -4.93 -3.38e-07 6.67
11.5 -5.08 -2.69e-07 7.85
11.6 -5.21 -2.1e-07 8.87
11.7 -5.32 -1.58e-07 9.75
11.8 -5.41 -1.12e-07 10.5
11.9 -5.49 -7.19e-08 11.1
12.0 -5.55 -3.59e-08 11.7
12.1 -5.6 -3.34e-09 12.1
12.2 -5.65 2.64e-08 12.4
12.3 -5.68 5.4e-08 12.6
12.4 -5.71 8e-08 12.8
12.5 -5.73 1.06e-07 12.8
12.6 -5.75 1.32e-07 12.8
12.7 -5.77 1.58e-07 12.7
12.8 -5.78 1.86e-07 12.4
12.9 -5.79 2.16e-07 12.2
13.0 -5.8 2.48e-07 11.8
13.1 -5.8 2.85e-07 11.3
13.2 -5.81 3.3e-07 10.8
13.3 -5.82 3.83e-07 10.2
13.4 -5.83 4.51e-07 9.49
13.5 -5.85 5.51e-07 8.73
13.6 -5.89 7.01e-07 7.91
13.7 -5.95 9.31e-07 7.01
13.8 -5.95 1e-06 6.02
13.9 -5.85 8.25e-07 4.96
14.0 -5.61 2.19e-07 3.83
14.1 -5.19 -9.67e-07 2.61
14.2 -4.55 -2.91e-06 1.29
14.3 -3.65 -5.84e-06 -0.147
14.4 -2.43 -1e-05 -1.72
14.5 -0.819 -1.58e-05 -3.46
14.6 1.25 -2.35e-05 -5.39
14.7 3.89 -3.38e-05 -7.56
14.8 7.22 -4.73e-05 -10.0
14.9 11.4 -6.47e-05 -12.8
15.0 16.6 -8.7e-05 -16.0
15.1 23.1 -0.000116 -19.7
15.2 31.1 -0.000152 -24.1
15.3 41.2 -0.000198 -29.1
15.4 53.7 -0.000256 -35.0
15.5 69.2 -0.00033 -41.9
15.6 88.5 -0.000422 -50.1
15.7 1.13e+02 -0.000538 -59.7
15.8 1.43e+02 -0.000683 -71.0
15.9 1.81e+02 -0.000865 -84.3
16.0 2.28e+02 -0.00109 -99.7
16.1 2.87e+02 -0.00138 -1.17e+02
16.2 3.64e+02 -0.00158 -1.37e+02
16.3 4.66e+02 -0.00105 -1.58e+02
16.4 6.02e+02 0.00145 -1.8e+02
16.5 7.83e+02 0.00757 -2.03e+02
16.6 1.02e+03 0.0192 -2.34e+02
16.7 1.32e+03 0.0386 -2.77e+02
16.8 1.72e+03 0.0684 -3.35e+02
16.9 2.24e+03 0.112 -4.1e+02
17.0 2.91e+03 0.172 -5.07e+02
17.1 3.8e+03 0.247 -6.28e+02
17.2 4.95e+03 0.332 -7.77e+02
17.3 6.46e+03 0.413 -9.61e+02
17.4 8.44e+03 0.467 -1.19e+03
17.5 1.1e+04 0.46 -1.46e+03
17.6 1.44e+04 0.34 -1.79e+03
17.7 1.88e+04 0.0356 -2.19e+03
17.8 2.46e+04 -0.553 -2.68e+03
17.9 3.22e+04 -1.56 -3.26e+03
18.0 4.2e+04 -3.19 -3.97e+03
18.1 5.5e+04 -5.68 -4.82e+03
18.2 7.18e+04 -9.4 -5.85e+03
18.3 9.39e+04 -14.8 -7.09e+03
18.4 1.23e+05 -22.6 -8.58e+03
18.5 1.61e+05 -33.5 -1.04e+04
18.6 2.1e+05 -48.8 -1.26e+04
18.7 2.71e+05 -69.6 -1.48e+04
18.8 3.55e+05 -98.6 -1.8e+04
18.9 4.65e+05 -1.38e+02 -2.18e+04
19.0 6.05e+05 -1.91e+02 -2.61e+04
19.1 7.93e+05 -2.64e+02 -3.17e+04
19.2 1.03e+06 -3.61e+02 -3.81e+04
19.3 1.35e+06 -4.91e+02 -4.6e+04
19.4 1.76e+06 -6.66e+02 -5.56e+04
19.5 2.3e+06 -9e+02 -6.7e+04
19.6 3.01e+06 -1.21e+03 -8.09e+04
19.7 3.93e+06 -1.63e+03 -9.76e+04
19.8 5.14e+06 -2.18e+03 -1.18e+05
19.9 6.71e+06 -2.91e+03 -1.42e+05
20.0 8.76e+06 -3.87e+03 -1.71e+05
20.1 1.14e+07 -5.15e+03 -2.06e+05
20.2 1.5e+07 -6.84e+03 -2.49e+05
20.3 1.95e+07 -9.07e+03 -3e+05
20.4 2.55e+07 -1.2e+04 -3.62e+05
20.5 3.33e+07 -1.59e+04 -4.37e+05
20.6 4.36e+07 -2.1e+04 -5.26e+05
20.7 5.69e+07 -2.77e+04 -6.35e+05
20.8 7.43e+07 -3.65e+04 -7.66e+05
20.9 9.71e+07 -4.81e+04 -9.23e+05
21.0 1.27e+08 -6.34e+04 -1.11e+06
21.1 1.66e+08 -8.34e+04 -1.34e+06
21.2 2.16e+08 -1.1e+05 -1.62e+06
21.3 2.83e+08 -1.44e+05 -1.95e+06
21.4 3.69e+08 -1.89e+05 -2.36e+06
21.5 4.83e+08 -2.49e+05 -2.84e+06
21.6 6.3e+08 -3.27e+05 -3.43e+06
21.7 8.23e+08 -4.29e+05 -4.13e+06
21.8 1.08e+09 -5.62e+05 -4.99e+06
21.9 1.41e+09 -7.37e+05 -6.01e+06
22.0 1.84e+09 -9.67e+05 -7.25e+06
22.1 2.4e+09 -1.27e+06 -8.75e+06
22.2 3.13e+09 -1.66e+06 -1.06e+07
22.3 4.09e+09 -2.18e+06 -1.27e+07
22.4 5.35e+09 -2.85e+06 -1.54e+07
22.5 6.98e+09 -3.73e+06 -1.85e+07
22.6 9.12e+09 -4.89e+06 -2.23e+07
22.7 1.19e+10 -6.4e+06 -2.69e+07
22.8 1.56e+10 -8.38e+06 -3.25e+07
22.9 2.03e+10 -1.1e+07 -3.92e+07
23.0 2.66e+10 -1.44e+07 -4.73e+07
23.1 3.47e+10 -1.88e+07 -5.7e+07
23.2 4.53e+10 -2.46e+07 -6.88e+07
23.3 5.92e+10 -3.22e+07 -8.3e+07
23.4 7.74e+10 -4.21e+07 -1e+08
23.5 1.01e+11 -5.51e+07 -1.21e+08
23.6 1.32e+11 -7.21e+07 -1.46e+08
23.7 1.72e+11 -9.43e+07 -1.76e+08
23.8 2.25e+11 -1.23e+08 -2.12e+08
23.9 2.94e+11 -1.61e+08 -2.56e+08
24.0 3.84e+11 -2.11e+08 -3.08e+08
24.1 5.02e+11 -2.76e+08 -3.72e+08
24.2 6.56e+11 -3.61e+08 -4.49e+08
24.3 8.57e+11 -4.73e+08 -5.42e+08
24.4 1.12e+12 -6.18e+08 -6.53e+08
24.5 1.46e+12 -8.08e+08 -7.88e+08
24.6 1.91e+12 -1.06e+09 -9.51e+08
24.7 2.5e+12 -1.38e+09 -1.15e+09
24.8 3.26e+12 -1.81e+09 -1.38e+09
24.9 4.26e+12 -2.36e+09 -1.67e+09
25.0 5.56e+12 -3.09e+09 -2.01e+09
25.1 7.27e+12 -4.04e+09 -2.43e+09
25.2 9.49e+12 -5.28e+09 -2.93e+09
25.3 1.24e+13 -6.91e+09 -3.53e+09
25.4 1.62e+13 -9.03e+09 -4.26e+09
25.5 2.12e+13 -1.18e+10 -5.14e+09
25.6 2.76e+13 -1.54e+10 -6.2e+09
25.7 3.61e+13 -2.02e+10 -7.48e+09
25.8 4.72e+13 -2.64e+10 -9.03e+09
25.9 6.16e+13 -3.45e+10 -1.09e+10
26.0 8.05e+13 -4.51e+10 -1.31e+10
26.1 1.05e+14 -5.9e+10 -1.59e+10
26.2 1.37e+14 -7.72e+10 -1.91e+10
26.3 1.79e+14 -1.01e+11 -2.31e+10
26.4 2.34e+14 -1.32e+11 -2.78e+10
26.5 3.06e+14 -1.72e+11 -3.36e+10
26.6 4e+14 -2.25e+11 -4.05e+10
26.7 5.23e+14 -2.95e+11 -4.89e+10
26.8 6.83e+14 -3.85e+11 -5.89e+10
26.9 8.92e+14 -5.04e+11 -7.11e+10
27.0 1.17e+15 -6.58e+11 -8.58e+10
27.1 1.52e+15 -8.61e+11 -1.03e+11
27.2 1.99e+15 -1.13e+12 -1.25e+11
27.3 2.6e+15 -1.47e+12 -1.51e+11
27.4 3.39e+15 -1.92e+12 -1.82e+11
27.5 4.43e+15 -2.51e+12 -2.19e+11
27.6 5.79e+15 -3.29e+12 -2.64e+11
27.7 7.56e+15 -4.3e+12 -3.19e+11
27.8 9.88e+15 -5.62e+12 -3.85e+11
27.9 1.29e+16 -7.34e+12 -4.64e+11
28.0 1.69e+16 -9.6e+12 -5.6e+11
28.1 2.2e+16 -1.25e+13 -6.75e+11
28.2 2.88e+16 -1.64e+13 -8.15e+11
28.3 3.76e+16 -2.14e+13 -9.83e+11
28.4 4.91e+16 -2.8e+13 -1.19e+12
28.5 6.41e+16 -3.66e+13 -1.43e+12
28.6 8.38e+16 -4.79e+13 -1.73e+12
28.7 1.09e+17 -6.26e+13 -2.08e+12
28.8 1.43e+17 -8.19e+13 -2.51e+12
28.9 1.87e+17 -1.07e+14 -3.03e+12
29.0 2.44e+17 -1.4e+14 -3.65e+12
29.1 3.19e+17 -1.83e+14 -4.41e+12
29.2 4.16e+17 -2.39e+14 -5.32e+12
29.3 5.44e+17 -3.12e+14 -6.42e+12
29.4 7.11e+17 -4.08e+14 -7.74e+12
29.5 9.28e+17 -5.34e+14 -9.34e+12
29.6 1.21e+18 -6.98e+14 -1.13e+13
29.7 1.58e+18 -9.12e+14 -1.36e+13
29.8 2.07e+18 -1.19e+15 -1.64e+13
29.9 2.7e+18 -1.56e+15 -1.98e+13
30.0 3.53e+18 -2.04e+15 -2.39e+13
30.1 4.61e+18 -2.66e+15 -2.88e+13
30.2 6.03e+18 -3.48e+15 -3.47e+13
30.3 7.87e+18 -4.55e+15 -4.19e+13
30.4 1.03e+19 -5.95e+15 -5.05e+13
30.5 1.34e+19 -7.77e+15 -6.09e+13
30.6 1.75e+19 -1.02e+16 -7.35e+13
30.7 2.29e+19 -1.33e+16 -8.87e+13
30.8 2.99e+19 -1.74e+16 -1.07e+14
30.9 3.91e+19 -2.27e+16 -1.29e+14
31.0 5.11e+19 -2.97e+16 -1.56e+14
31.1 6.68e+19 -3.88e+16 -1.88e+14
31.2 8.72e+19 -5.07e+16 -2.27e+14
31.3 1.14e+20 -6.62e+16 -2.73e+14
31.4 1.49e+20 -8.66e+16 -3.3e+14
31.5 1.94e+20 -1.13e+17 -3.98e+14
31.6 2.54e+20 -1.48e+17 -4.8e+14
31.7 3.32e+20 -1.93e+17 -5.79e+14
31.8 4.33e+20 -2.53e+17 -6.98e+14
31.9 5.66e+20 -3.3e+17 -8.43e+14
32.0 7.4e+20 -4.32e+17 -1.02e+15
32.1 9.66e+20 -5.64e+17 -1.23e+15
32.2 1.26e+21 -7.38e+17 -1.48e+15
32.3 1.65e+21 -9.64e+17 -1.78e+15
32.4 2.15e+21 -1.26e+18 -2.15e+15
32.5 2.81e+21 -1.65e+18 -2.6e+15
32.6 3.68e+21 -2.15e+18 -3.13e+15
32.7 4.8e+21 -2.81e+18 -3.78e+15
32.8 6.27e+21 -3.68e+18 -4.56e+15
32.9 8.19e+21 -4.81e+18 -5.5e+15
33.0 1.07e+22 -6.28e+18 -6.64e+15
33.1 1.4e+22 -8.21e+18 -8.01e+15
33.2 1.83e+22 -1.07e+19 -9.66e+15
33.3 2.39e+22 -1.4e+19 -1.16e+16
33.4 3.12e+22 -1.83e+19 -1.41e+16
33.5 4.07e+22 -2.4e+19 -1.7e+16
33.6 5.32e+22 -3.13e+19 -2.05e+16
33.7 6.95e+22 -4.09e+19 -2.47e+16
33.8 9.08e+22 -5.35e+19 -2.98e+16
33.9 1.19e+23 -6.99e+19 -3.59e+16
34.0 1.55e+23 -9.14e+19 -4.33e+16
34.1 2.02e+23 -1.19e+20 -5.23e+16
34.2 2.64e+23 -1.56e+20 -6.3e+16
34.3 3.45e+23 -2.04e+20 -7.6e+16
34.4 4.51e+23 -2.67e+20 -9.17e+16
34.5 5.89e+23 -3.49e+20 -1.11e+17
34.6 7.7e+23 -4.56e+20 -1.34e+17
34.7 1.01e+24 -5.96e+20 -1.61e+17
34.8 1.31e+24 -7.78e+20 -1.94e+17
34.9 1.72e+24 -1.02e+21 -2.34e+17
35.0 2.24e+24 -1.33e+21 -2.83e+17
35.1 2.93e+24 -1.74e+21 -3.41e+17
35.2 3.83e+24 -2.27e+21 -4.12e+17
35.3 5e+24 -2.97e+21 -4.96e+17
35.4 6.53e+24 -3.88e+21 -5.99e+17
35.5 8.53e+24 -5.07e+21 -7.22e+17
35.6 1.11e+25 -6.63e+21 -8.72e+17
35.7 1.46e+25 -8.66e+21 -1.05e+18
35.8 1.9e+25 -1.13e+22 -1.27e+18
35.9 2.48e+25 -1.48e+22 -1.53e+18
36.0 3.24e+25 -1.93e+22 -1.85e+18
36.1 4.24e+25 -2.53e+22 -2.23e+18
36.2 5.54e+25 -3.3e+22 -2.69e+18
36.3 7.23e+25 -4.32e+22 -3.24e+18
36.4 9.45e+25 -5.64e+22 -3.91e+18
36.5 1.23e+26 -7.37e+22 -4.72e+18
36.6 1.61e+26 -9.63e+22 -5.69e+18
36.7 2.11e+26 -1.26e+23 -6.86e+18
36.8 2.75e+26 -1.65e+23 -8.28e+18
36.9 3.59e+26 -2.15e+23 -9.99e+18
37.0 4.69e+26 -2.81e+23 -1.2e+19
37.1 6.13e+26 -3.67e+23 -1.45e+19
37.2 8.01e+26 -4.8e+23 -1.75e+19
37.3 1.05e+27 -6.27e+23 -2.12e+19
37.4 1.37e+27 -8.2e+23 -2.55e+19
37.5 1.79e+27 -1.07e+24 -3.08e+19
37.6 2.33e+27 -1.4e+24 -3.71e+19
37.7 3.05e+27 -1.83e+24 -4.48e+19
37.8 3.98e+27 -2.39e+24 -5.4e+19
37.9 5.2e+27 -3.13e+24 -6.52e+19
38.0 6.79e+27 -4.08e+24 -7.87e+19
38.1 8.88e+27 -5.34e+24 -9.49e+19
38.2 1.16e+28 -6.98e+24 -1.14e+20
38.3 1.51e+28 -9.12e+24 -1.38e+20
38.4 1.98e+28 -1.19e+25 -1.67e+20
38.5 2.58e+28 -1.56e+25 -2.01e+20
38.6 3.38e+28 -2.03e+25 -2.42e+20
38.7 4.41e+28 -2.66e+25 -2.92e+20
38.8 5.76e+28 -3.47e+25 -3.53e+20
38.9 7.53e+28 -4.54e+25 -4.26e+20
39.0 9.83e+28 -5.93e+25 -5.13e+20
39.1 1.28e+29 -7.76e+25 -6.19e+20
39.2 1.68e+29 -1.01e+26 -7.47e+20
39.3 2.19e+29 -1.32e+26 -9.01e+20
39.4 2.86e+29 -1.73e+26 -1.09e+21
39.5 3.74e+29 -2.26e+26 -1.31e+21
39.6 4.89e+29 -2.96e+26 -1.58e+21
39.7 6.38e+29 -3.86e+26 -1.91e+21
39.8 8.34e+29 -5.05e+26 -2.3e+21
39.9 1.09e+30 -6.6e+26 -2.78e+21
40.0 1.42e+30 -8.62e+26 -3.35e+21
40.1 1.86e+30 -1.13e+27 -4.04e+21
40.2 2.43e+30 -1.47e+27 -4.88e+21
40.3 3.17e+30 -1.92e+27 -5.88e+21
40.4 4.14e+30 -2.51e+27 -7.1e+21
40.5 5.41e+30 -3.29e+27 -8.56e+21
40.6 7.07e+30 -4.29e+27 -1.03e+22
40.7 9.24e+30 -5.61e+27 -1.25e+22
40.8 1.21e+31 -7.33e+27 -1.5e+22
40.9 1.58e+31 -9.58e+27 -1.81e+22
41.0 2.06e+31 -1.25e+28 -2.19e+22
41.1 2.69e+31 -1.64e+28 -2.64e+22
41.2 3.51e+31 -2.14e+28 -3.18e+22
41.3 4.59e+31 -2.79e+28 -3.84e+22
41.4 6e+31 -3.65e+28 -4.63e+22
41.5 7.83e+31 -4.77e+28 -5.59e+22
41.6 1.02e+32 -6.24e+28 -6.74e+22
41.7 1.34e+32 -8.15e+28 -8.14e+22
41.8 1.75e+32 -1.06e+29 -9.81e+22
41.9 2.28e+32 -1.39e+29 -1.18e+23
42.0 2.98e+32 -1.82e+29 -1.43e+23
42.1 3.89e+32 -2.38e+29 -1.72e+23
42.2 5.09e+32 -3.11e+29 -2.08e+23
42.3 6.64e+32 -4.06e+29 -2.51e+23
42.4 8.68e+32 -5.3e+29 -3.03e+23
42.5 1.13e+33 -6.93e+29 -3.65e+23
42.6 1.48e+33 -9.06e+29 -4.4e+23
42.7 1.93e+33 -1.18e+30 -5.31e+23
42.8 2.53e+33 -1.55e+30 -6.41e+23
42.9 3.3e+33 -2.02e+30 -7.73e+23
43.0 4.31e+33 -2.64e+30 -9.32e+23
43.1 5.63e+33 -3.45e+30 -1.12e+24
43.2 7.36e+33 -4.51e+30 -1.36e+24
43.3 9.61e+33 -5.89e+30 -1.64e+24
43.4 1.26e+34 -7.7e+30 -1.97e+24
43.5 1.64e+34 -1.01e+31 -2.38e+24
43.6 2.14e+34 -1.31e+31 -2.87e+24
43.7 2.8e+34 -1.72e+31 -3.47e+24
43.8 3.66e+34 -2.24e+31 -4.18e+24
43.9 4.78e+34 -2.93e+31 -5.05e+24
44.0 6.24e+34 -3.83e+31 -6.09e+24
44.1 8.15e+34 -5.01e+31 -7.34e+24
44.2 1.07e+35 -6.55e+31 -8.86e+24
44.3 1.39e+35 -8.55e+31 -1.07e+25
44.4 1.82e+35 -1.12e+32 -1.29e+25
44.5 2.37e+35 -1.46e+32 -1.56e+25
44.6 3.1e+35 -1.91e+32 -1.88e+25
44.7 4.05e+35 -2.49e+32 -2.26e+25
44.8 5.29e+35 -3.26e+32 -2.73e+25
44.9 6.91e+35 -4.26e+32 -3.29e+25
45.0 9.03e+35 -5.56e+32 -3.97e+25
45.1 1.18e+36 -7.27e+32 -4.79e+25
45.2 1.54e+36 -9.5e+32 -5.78e+25
45.3 2.01e+36 -1.24e+33 -6.98e+25
45.4 2.63e+36 -1.62e+33 -8.41e+25
45.5 3.44e+36 -2.12e+33 -1.02e+26
45.6 4.49e+36 -2.77e+33 -1.22e+26
45.7 5.86e+36 -3.62e+33 -1.48e+26
45.8 7.66e+36 -4.73e+33 -1.78e+26
45.9 1e+37 -6.18e+33 -2.15e+26
46.0 1.31e+37 -8.08e+33 -2.59e+26
46.1 1.71e+37 -1.06e+34 -3.13e+26
46.2 2.23e+37 -1.38e+34 -3.77e+26
46.3 2.91e+37 -1.8e+34 -4.55e+26
46.4 3.81e+37 -2.35e+34 -5.49e+26
46.5 4.97e+37 -3.08e+34 -6.63e+26
46.6 6.5e+37 -4.02e+34 -7.99e+26
46.7 8.49e+37 -5.25e+34 -9.64e+26
46.8 1.11e+38 -6.86e+34 -1.16e+27
46.9 1.45e+38 -8.97e+34 -1.4e+27
47.0 1.89e+38 -1.17e+35 -1.69e+27
47.1 2.47e+38 -1.53e+35 -2.04e+27
47.2 3.23e+38 -2e+35 -2.46e+27
47.3 4.22e+38 -2.61e+35 -2.97e+27
47.4 5.51e+38 -3.42e+35 -3.59e+27
47.5 7.2e+38 -4.46e+35 -4.33e+27
47.6 9.4e+38 -5.83e+35 -5.22e+27
47.7 1.23e+39 -7.62e+35 -6.3e+27
47.8 1.6e+39 -9.96e+35 -7.59e+27
47.9 2.1e+39 -1.3e+36 -9.16e+27
48.0 2.74e+39 -1.7e+36 -1.11e+28
48.1 3.58e+39 -2.22e+36 -1.33e+28
48.2 4.67e+39 -2.9e+36 -1.61e+28
48.3 6.1e+39 -3.79e+36 -1.94e+28
48.4 7.97e+39 -4.96e+36 -2.34e+28
48.5 1.04e+40 -6.48e+36 -2.82e+28
48.6 1.36e+40 -8.46e+36 -3.41e+28
48.7 1.78e+40 -1.11e+37 -4.11e+28
48.8 2.32e+40 -1.44e+37 -4.96e+28
48.9 3.03e+40 -1.89e+37 -5.98e+28
49.0 3.96e+40 -2.47e+37 -7.21e+28
49.1 5.18e+40 -3.22e+37 -8.7e+28
49.2 6.76e+40 -4.21e+37 -1.05e+29
49.3 8.83e+40 -5.5e+37 -1.27e+29
49.4 1.15e+41 -7.19e+37 -1.53e+29
49.5 1.51e+41 -9.39e+37 -1.84e+29
49.6 1.97e+41 -1.23e+38 -2.22e+29
49.7 2.57e+41 -1.6e+38 -2.68e+29
49.8 3.36e+41 -2.1e+38 -3.24e+29
49.9 4.39e+41 -2.74e+38 -3.9e+29
