0.0 0.0 0.0 0.0
0.1 0.172 3.96e-18 -20.0
0.2 0.171 5.81e-18 -20.0
0.3 0.171 3.38e-16 -19.9
0.4 0.169 4.62e-15 -19.8
0.5 0.167 2.59e-14 -19.7
0.6 0.166 9.7e-14 -19.6
0.7 0.165 2.84e-13 -19.4
0.8 0.162 7.04e-13 -19.3
0.9 0.16 1.56e-12 -19.1
1.0 0.158 3.19e-12 -19.0
1.1 0.155 6.01e-12 -18.9
1.2 0.153 1.06e-11 -18.8
1.3 0.152 1.78e-11 -18.7
1.4 0.151 2.85e-11 -18.6
1.5 0.148 4.34e-11 -18.5
1.6 0.149 6.42e-11 -18.5
1.7 0.148 9.14e-11 -18.4
1.8 0.147 1.27e-10 -18.4
1.9 0.145 1.7e-10 -18.3
2.0 0.146 2.25e-10 -18.3
2.1 0.144 2.89e-10 -18.3
2.2 0.146 3.7e-10 -18.3
2.3 0.145 4.61e-10 -18.3
2.4 0.145 5.67e-10 -18.3
2.5 0.147 6.96e-10 -18.3
2.6 0.147 8.36e-10 -18.3
2.7 0.147 9.93e-10 -18.3
2.8 0.148 1.17e-09 -18.3
2.9 0.148 1.36e-09 -18.3
3.0 0.147 1.56e-09 -18.4
3.1 0.148 1.79e-09 -18.4
3.2 0.149 2.04e-09 -18.4
3.3 0.15 2.31e-09 -18.4
3.4 0.151 2.59e-09 -18.5
3.5 0.152 2.9e-09 -18.5
3.6 0.152 3.19e-09 -18.5
3.7 0.153 3.52e-09 -18.6
3.8 0.154 3.87e-09 -18.6
3.9 0.155 4.23e-09 -18.7
4.0 0.157 4.6e-09 -18.7
4.1 0.158 4.98e-09 -18.8
4.2 0.157 5.31e-09 -18.8
4.3 0.158 5.7e-09 -18.9
4.4 0.16 6.09e-09 -19.0
4.5 0.161 6.48e-09 -19.1
4.6 0.162 6.87e-09 -19.1
4.7 0.163 7.25e-09 -19.2
4.8 0.164 7.62e-09 -19.3
4.9 0.165 7.98e-09 -19.4
5.0 0.165 8.33e-09 -19.5
5.1 0.169 8.74e-09 -19.6
5.2 0.169 9.05e-09 -19.7
5.3 0.17 9.34e-09 -19.8
5.4 0.17 9.61e-09 -19.9
5.5 0.173 9.95e-09 -20.0
5.6 0.173 1.02e-08 -20.1
5.7 0.173 1.04e-08 -20.3
5.8 0.175 1.06e-08 -20.4
5.9 0.175 1.08e-08 -20.5
6.0 0.177 1.1e-08 -20.6
6.1 0.176 1.1e-08 -20.7
6.2 0.178 1.12e-08 -20.9
6.3 0.18 1.13e-08 -21.0
6.4 0.178 1.13e-08 -21.1
6.5 0.179 1.14e-08 -21.3
6.6 0.181 1.14e-08 -21.4
6.7 0.182 1.15e-08 -21.5
6.8 0.179 1.13e-08 -21.6
6.9 0.18 1.13e-08 -21.7
7.0 0.181 1.13e-08 -21.8
7.1 0.181 1.13e-08 -22.0
7.2 0.182 1.12e-08 -22.1
7.3 0.182 1.11e-08 -22.2
7.4 0.183 1.11e-08 -22.3
7.5 0.183 1.1e-08 -22.4
7.6 0.19 1.13e-08 -22.6
7.7 0.194 1.13e-08 -22.7
7.8 0.2 1.15e-08 -22.9
7.9 0.213 1.2e-08 -23.3
8.0 0.262 1.41e-08 -24.2
8.1 0.423 2.13e-08 -27.3
8.2 6.23 2.84e-07 -1.38e+02
8.3 2.33 1.08e-07 -63.9
8.4 2.64 1.23e-07 -69.4
8.5 0.0 0.0 -18.2
8.6 0.0 0.0 -18.2
8.7 0.0 0.0 -18.2
8.8 0.0 0.0 -18.2
8.9 0.0 0.0 -18.2
9.0 0.0 0.0 -18.2
9.1 0.0 0.0 -18.2
9.2 0.0 0.0 -18.2
9.3 0.0 0.0 -18.2
9.4 0.0 0.0 -18.2
9.5 0.0 0.0 -18.2
9.6 0.0 0.0 -18.2
9.7 0.0 0.0 -18.2
9.8 0.0 0.0 -18.2
9.9 0.0 0.0 -18.2
10.0 2.93 1.89e-07 -69.9
10.1 0.391 3.14e-08 -26.0
10.2 0.243 2.28e-08 -23.4
10.3 0.219 2.26e-08 -22.9
10.4 0.203 2.29e-08 -22.6
10.5 0.2 2.42e-08 -22.4
10.6 0.193 2.53e-08 -22.2
10.7 0.19 2.69e-08 -22.1
10.8 0.189 2.89e-08 -22.0
10.9 0.182 3.04e-08 -21.8
11.0 0.184 3.31e-08 -21.7
11.1 0.18 3.52e-08 -21.5
11.2 0.177 3.78e-08 -21.4
11.3 0.176 4.07e-08 -21.2
11.4 0.175 4.4e-08 -21.1
11.5 0.175 4.77e-08 -20.9
11.6 0.17 5.07e-08 -20.7
11.7 0.172 5.51e-08 -20.6
11.8 0.168 5.88e-08 -20.4
11.9 0.165 6.27e-08 -20.2
12.0 0.162 6.69e-08 -20.0
12.1 0.16 7.12e-08 -19.8
12.2 0.158 7.58e-08 -19.6
12.3 0.156 8.04e-08 -19.5
12.4 0.149 8.35e-08 -19.3
12.5 0.148 8.82e-08 -19.1
12.6 0.14 9.1e-08 -18.9
12.7 0.14 9.55e-08 -18.7
12.8 0.132 9.78e-08 -18.6
12.9 0.132 1.02e-07 -18.4
13.0 0.123 1.03e-07 -18.3
13.1 0.114 1.04e-07 -18.2
13.2 0.114 1.08e-07 -18.0
13.3 0.104 1.07e-07 -18.0
13.4 0.092 1.06e-07 -17.9
13.5 0.0952 1.09e-07 -17.8
13.6 0.245 1.6e-07 -16.7
13.7 0.0 0.0 -18.2
13.8 0.0 0.0 -18.2
13.9 0.0 0.0 -18.2
14.0 0.0 0.0 -18.2
14.1 0.0 0.0 -18.2
14.2 0.0 0.0 -18.2
14.3 0.0 0.0 -18.2
14.4 0.0 0.0 -18.2
14.5 0.0 0.0 -18.2
14.6 0.0 0.0 -18.2
14.7 0.0 0.0 -18.2
14.8 0.0 0.0 -18.2
14.9 0.0 0.0 -18.2
15.0 0.0 0.0 -18.2
15.1 0.0 0.0 -18.2
15.2 0.0 0.0 -18.2
15.3 0.0 0.0 -18.2
15.4 0.0 0.0 -18.2
15.5 0.0 0.0 -18.2
15.6 0.0 0.0 -18.2
15.7 0.0 0.0 -18.2
15.8 0.0 0.0 -18.2
15.9 0.0 0.0 -18.2
16.0 0.0 0.0 -18.2
16.1 0.0 0.0 -18.2
16.2 0.0 0.0 -18.2
16.3 0.0 0.0 -18.2
16.4 0.0 0.0 -18.2
16.5 0.0 0.0 -18.2
16.6 0.0 0.0 -18.2
16.7 0.0 0.0 -18.2
16.8 0.0 0.0 -18.2
16.9 0.0 0.0 -18.2
17.0 0.0 0.0 -18.2
17.1 0.0 0.0 -18.2
17.2 0.0 0.0 -18.2
17.3 0.0 0.0 -18.2
17.4 0.0 0.0 -18.2
17.5 0.0 0.0 -18.2
17.6 0.0 0.0 -18.2
17.7 0.0 0.0 -18.2
17.8 0.0 0.0 -18.2
17.9 0.0 0.0 -18.2
18.0 0.0 0.0 -18.2
18.1 0.0 0.0 -18.2
18.2 0.0 0.0 -18.2
18.3 0.0 0.0 -18.2
18.4 0.0 0.0 -18.2
18.5 0.0 0.0 -18.2
18.6 0.0 0.0 -18.2
18.7 0.0 0.0 -18.2
18.8 0.0 0.0 -18.2
18.9 0.0 0.0 -18.2
19.0 0.0 0.0 -18.2
19.1 0.0 0.0 -18.2
19.2 0.0 0.0 -18.2
19.3 0.0 0.0 -18.2
19.4 0.0 0.0 -18.2
19.5 0.0 0.0 -18.2
19.6 0.0 0.0 -18.2
19.7 0.0 0.0 -18.2
19.8 0.0 0.0 -18.2
19.9 0.0 0.0 -18.2
20.0 0.0 0.0 -18.2
20.1 0.0 0.0 -18.2
20.2 0.0 0.0 -18.2
20.3 0.0 0.0 -18.2
20.4 0.0 0.0 -18.2
20.5 0.0 0.0 -18.2
20.6 0.0 0.0 -18.2
20.7 0.0 0.0 -18.2
20.8 0.0 0.0 -18.2
20.9 0.0 0.0 -18.2
21.0 0.0 0.0 -18.2
21.1 0.0 0.0 -18.2
21.2 0.0 0.0 -18.2
21.3 0.0 0.0 -18.2
21.4 0.0 0.0 -18.2
21.5 0.0 0.0 -18.2
21.6 0.0 0.0 -18.2
21.7 0.0 0.0 -18.2
21.8 0.0 0.0 -18.2
21.9 0.0 0.0 -18.2
22.0 0.0 0.0 -18.2
22.1 0.0 0.0 -18.2
22.2 0.0 0.0 -18.2
22.3 0.0 0.0 -18.2
22.4 0.0 0.0 -18.2
22.5 0.0 0.0 -18.2
22.6 0.0 0.0 -18.2
22.7 0.0 0.0 -18.2
22.8 0.0 0.0 -18.2
22.9 0.0 0.0 -18.2
23.0 0.0 0.0 -18.2
23.1 0.0 0.0 -18.2
23.2 0.0 0.0 -18.2
23.3 0.0 0.0 -18.2
23.4 0.0 0.0 -18.2
23.5 0.0 0.0 -18.2
23.6 0.0 0.0 -18.2
23.7 0.0 0.0 -18.2
23.8 0.0 0.0 -18.2
23.9 0.0 0.0 -18.2
24.0 0.0 0.0 -18.2
24.1 0.0 0.0 -18.2
24.2 0.0 0.0 -18.2
24.3 0.0 0.0 -18.2
24.4 0.0 0.0 -18.2
24.5 0.0 0.0 -18.2
24.6 0.0 0.0 -18.2
24.7 0.0 0.0 -18.2
24.8 0.0 0.0 -18.2
24.9 0.0 0.0 -18.2
25.0 0.0 0.0 -18.2
25.1 0.0 0.0 -18.2
25.2 0.0 0.0 -18.2
25.3 0.0 0.0 -18.2
25.4 0.0 0.0 -18.2
25.5 0.0 0.0 -18.2
25.6 0.0 0.0 -18.2
25.7 0.0 0.0 -18.2
25.8 0.0 0.0 -18.2
25.9 0.0 0.0 -18.2
26.0 0.0 0.0 -18.2
26.1 0.0 0.0 -18.2
26.2 0.0 0.0 -18.2
26.3 0.0 0.0 -18.2
26.4 0.0 0.0 -18.2
26.5 0.0 0.0 -18.2
26.6 0.0 0.0 -18.2
26.7 0.0 0.0 -18.2
26.8 0.0 0.0 -18.2
26.9 0.0 0.0 -18.2
27.0 0.0 0.0 -18.2
27.1 0.0 0.0 -18.2
27.2 0.0 0.0 -18.2
27.3 0.0 0.0 -18.2
27.4 0.0 0.0 -18.2
27.5 0.0 0.0 -18.2
27.6 0.0 0.0 -18.2
27.7 0.0 0.0 -18.2
27.8 0.0 0.0 -18.2
27.9 0.0 0.0 -18.2
28.0 0.0 0.0 -18.2
28.1 0.0 0.0 -18.2
28.2 0.0 0.0 -18.2
28.3 0.0 0.0 -18.2
28.4 0.0 0.0 -18.2
28.5 0.0 0.0 -18.2
28.6 0.0 0.0 -18.2
28.7 0.0 0.0 -18.2
28.8 0.0 0.0 -18.2
28.9 0.0 0.0 -18.2
29.0 0.0 0.0 -18.2
29.1 0.0 0.0 -18.2
29.2 0.0 0.0 -18.2
29.3 0.0 0.0 -18.2
29.4 0.0 0.0 -18.2
29.5 0.0 0.0 -18.2
29.6 0.0 0.0 -18.2
29.7 0.0 0.0 -18.2
29.8 0.0 0.0 -18.2
29.9 0.0 0.0 -18.2
30.0 0.0 0.0 -18.2
30.1 0.0 0.0 -18.2
30.2 0.0 0.0 -18.2
30.3 0.0 0.0 -18.2
30.4 0.0 0.0 -18.2
30.5 0.0 0.0 -18.2
30.6 0.0 0.0 -18.2
30.7 0.0 0.0 -18.2
30.8 0.0 0.0 -18.2
30.9 0.0 0.0 -18.2
31.0 0.0 0.0 -18.2
31.1 0.0 0.0 -18.2
31.2 0.0 0.0 -18.2
31.3 0.0 0.0 -18.2
31.4 0.0 0.0 -18.2
31.5 0.0 0.0 -18.2
31.6 0.0 0.0 -18.2
31.7 0.0 0.0 -18.2
31.8 0.0 0.0 -18.2
31.9 0.0 0.0 -18.2
32.0 0.0 0.0 -18.2
32.1 0.0 0.0 -18.2
32.2 0.0 0.0 -18.2
32.3 0.0 0.0 -18.2
32.4 0.0 0.0 -18.2
32.5 0.0 0.0 -18.2
32.6 0.0 0.0 -18.2
32.7 0.0 0.0 -18.2
32.8 0.0 0.0 -18.2
32.9 0.0 0.0 -18.2
33.0 0.0 0.0 -18.2
33.1 0.0 0.0 -18.2
33.2 0.0 0.0 -18.2
33.3 0.0 0.0 -18.2
33.4 0.0 0.0 -18.2
33.5 0.0 0.0 -18.2
33.6 0.0 0.0 -18.2
33.7 0.0 0.0 -18.2
33.8 0.0 0.0 -18.2
33.9 0.0 0.0 -18.2
34.0 0.0 0.0 -18.2
34.1 0.0 0.0 -18.2
34.2 0.0 0.0 -18.2
34.3 0.0 0.0 -18.2
34.4 0.0 0.0 -18.2
34.5 0.0 0.0 -18.2
34.6 0.0 0.0 -18.2
34.7 0.0 0.0 -18.2
34.8 0.0 0.0 -18.2
34.9 0.0 0.0 -18.2
35.0 0.0 0.0 -18.2
35.1 0.0 0.0 -18.2
35.2 0.0 0.0 -18.2
35.3 0.0 0.0 -18.2
35.4 0.0 0.0 -18.2
35.5 0.0 0.0 -18.2
35.6 0.0 0.0 -18.2
35.7 0.0 0.0 -18.2
35.8 0.0 0.0 -18.2
35.9 0.0 0.0 -18.2
36.0 0.0 0.0 -18.2
36.1 0.0 0.0 -18.2
36.2 0.0 0.0 -18.2
36.3 0.0 0.0 -18.2
36.4 0.0 0.0 -18.2
36.5 0.0 0.0 -18.2
36.6 0.0 0.0 -18.2
36.7 0.0 0.0 -18.2
36.8 0.0 0.0 -18.2
36.9 0.0 0.0 -18.2
37.0 0.0 0.0 -18.2
37.1 0.0 0.0 -18.2
37.2 0.0 0.0 -18.2
37.3 0.0 0.0 -18.2
37.4 0.0 0.0 -18.2
37.5 0.0 0.0 -18.2
37.6 0.0 0.0 -18.2
37.7 0.0 0.0 -18.2
37.8 0.0 0.0 -18.2
37.9 0.0 0.0 -18.2
38.0 0.0 0.0 -18.2
38.1 0.0 0.0 -18.2
38.2 0.0 0.0 -18.2
38.3 0.0 0.0 -18.2
38.4 0.0 0.0 -18.2
38.5 0.0 0.0 -18.2
38.6 0.0 0.0 -18.2
38.7 0.0 0.0 -18.2
38.8 0.0 0.0 -18.2
38.9 0.0 0.0 -18.2
39.0 0.0 0.0 -18.2
39.1 0.0 0.0 -18.2
39.2 0.0 0.0 -18.2
39.3 0.0 0.0 -18.2
39.4 0.0 0.0 -18.2
39.5 0.0 0.0 -18.2
39.6 0.0 0.0 -18.2
39.7 0.0 0.0 -18.2
39.8 0.0 0.0 -18.2
39.9 0.0 0.0 -18.2
40.0 0.0 0.0 -18.2
40.1 0.0 0.0 -18.2
40.2 0.0 0.0 -18.2
40.3 0.0 0.0 -18.2
40.4 0.0 0.0 -18.2
40.5 0.0 0.0 -18.2
40.6 0.0 0.0 -18.2
40.7 0.0 0.0 -18.2
40.8 0.0 0.0 -18.2
40.9 0.0 0.0 -18.2
41.0 0.0 0.0 -18.2
41.1 0.0 0.0 -18.2
41.2 0.0 0.0 -18.2
41.3 0.0 0.0 -18.2
41.4 0.0 0.0 -18.2
41.5 0.0 0.0 -18.2
41.6 0.0 0.0 -18.2
41.7 0.0 0.0 -18.2
41.8 0.0 0.0 -18.2
41.9 0.0 0.0 -18.2
42.0 0.0 0.0 -18.2
42.1 0.0 0.0 -18.2
42.2 0.0 0.0 -18.2
42.3 0.0 0.0 -18.2
42.4 0.0 0.0 -18.2
42.5 0.0 0.0 -18.2
42.6 0.0 0.0 -18.2
42.7 0.0 0.0 -18.2
42.8 0.0 0.0 -18.2
42.9 0.0 0.0 -18.2
43.0 0.0 0.0 -18.2
43.1 0.0 0.0 -18.2
43.2 0.0 0.0 -18.2
43.3 0.0 0.0 -18.2
43.4 0.0 0.0 -18.2
43.5 0.0 0.0 -18.2
43.6 0.0 0.0 -18.2
43.7 0.0 0.0 -18.2
43.8 0.0 0.0 -18.2
43.9 0.0 0.0 -18.2
44.0 0.0 0.0 -18.2
44.1 0.0 0.0 -18.2
44.2 0.0 0.0 -18.2
44.3 0.0 0.0 -18.2
44.4 0.0 0.0 -18.2
44.5 0.0 0.0 -18.2
44.6 0.0 0.0 -18.2
44.7 0.0 0.0 -18.2
44.8 0.0 0.0 -18.2
44.9 0.0 0.0 -18.2
45.0 0.0 0.0 -18.2
45.1 0.0 0.0 -18.2
45.2 0.0 0.0 -18.2
45.3 0.0 0.0 -18.2
45.4 0.0 0.0 -18.2
45.5 0.0 0.0 -18.2
45.6 0.0 0.0 -18.2
45.7 0.0 0.0 -18.2
45.8 0.0 0.0 -18.2
45.9 0.0 0.0 -18.2
46.0 0.0 0.0 -18.2
46.1 0.0 0.0 -18.2
46.2 0.0 0.0 -18.2
46.3 0.0 0.0 -18.2
46.4 0.0 0.0 -18.2
46.5 0.0 0.0 -18.2
46.6 0.0 0.0 -18.2
46.7 0.0 0.0 -18.2
46.8 0.0 0.0 -18.2
46.9 0.0 0.0 -18.2
47.0 0.0 0.0 -18.2
47.1 0.0 0.0 -18.2
47.2 0.0 0.0 -18.2
47.3 0.0 0.0 -18.2
47.4 0.0 0.0 -18.2
47.5 0.0 0.0 -18.2
47.6 0.0 0.0 -18.2
47.7 0.0 0.0 -18.2
47.8 0.0 0.0 -18.2
47.9 0.0 0.0 -18.2
48.0 0.0 0.0 -18.2
48.1 0.0 0.0 -18.2
48.2 0.0 0.0 -18.2
48.3 0.0 0.0 -18.2
48.4 0.0 0.0 -18.2
48.5 0.0 0.0 -18.2
48.6 0.0 0.0 -18.2
48.7 0.0 0.0 -18.2
48.8 0.0 0.0 -18.2
48.9 0.0 0.0 -18.2
49.0 0.0 0.0 -18.2
49.1 0.0 0.0 -18.2
49.2 0.0 0.0 -18.2
49.3 0.0 0.0 -18.2
49.4 0.0 0.0 -18.2
49.5 0.0 0.0 -18.2
49.6 0.0 0.0 -18.2
49.7 0.0 0.0 -18.2
49.8 0.0 0.0 -18.2
49.9 0.0 0.0 -18.2
