0.0 7.49e-06 -6.08e-28 -0.0058
0.1 -0.000102 1.78e-22 -0.0218
0.2 -0.000359 1.14e-20 -0.0454
0.3 -0.000612 1.3e-19 -0.0738
0.4 -0.000797 7.87e-19 -0.105
0.5 -0.000892 3.31e-18 -0.136
0.6 -0.000898 1.1e-17 -0.167
0.7 -0.000822 3.1e-17 -0.196
0.8 -0.000672 7.76e-17 -0.223
0.9 -0.00046 1.77e-16 -0.247
1.0 -0.000194 3.73e-16 -0.268
1.1 0.000119 7.37e-16 -0.287
1.2 0.000471 1.38e-15 -0.302
1.3 0.000857 2.44e-15 -0.315
1.4 0.00127 4.14e-15 -0.325
1.5 0.00171 6.74e-15 -0.332
1.6 0.00217 1.06e-14 -0.338
1.7 0.00266 1.61e-14 -0.341
1.8 0.00315 2.39e-14 -0.344
1.9 0.00366 3.45e-14 -0.345
2.0 0.00418 4.87e-14 -0.344
2.1 0.00472 6.73e-14 -0.343
2.2 0.00526 9.12e-14 -0.342
2.3 0.00581 1.22e-13 -0.34
2.4 0.00637 1.6e-13 -0.338
2.5 0.00693 2.07e-13 -0.335
2.6 0.0075 2.64e-13 -0.333
2.7 0.00808 3.34e-13 -0.33
2.8 0.00865 4.17e-13 -0.328
2.9 0.00924 5.16e-13 -0.326
3.0 0.00982 6.32e-13 -0.324
3.1 0.0104 7.68e-13 -0.322
3.2 0.011 9.25e-13 -0.32
3.3 0.0116 1.11e-12 -0.318
3.4 0.0122 1.32e-12 -0.317
3.5 0.0128 1.56e-12 -0.315
3.6 0.0134 1.83e-12 -0.314
3.7 0.014 2.13e-12 -0.313
3.8 0.0146 2.48e-12 -0.312
3.9 0.0152 2.87e-12 -0.311
4.0 0.0158 3.3e-12 -0.31
4.1 0.0164 3.78e-12 -0.309
4.2 0.017 4.31e-12 -0.309
4.3 0.0176 4.9e-12 -0.308
4.4 0.0182 5.55e-12 -0.307
4.5 0.0188 6.26e-12 -0.307
4.6 0.0194 7.04e-12 -0.306
4.7 0.02 7.9e-12 -0.305
4.8 0.0206 8.83e-12 -0.304
4.9 0.0212 9.85e-12 -0.303
5.0 0.0218 1.1e-11 -0.302
5.1 0.0224 1.22e-11 -0.301
5.2 0.023 1.35e-11 -0.3
5.3 0.0236 1.49e-11 -0.299
5.4 0.0242 1.64e-11 -0.298
5.5 0.0248 1.81e-11 -0.296
5.6 0.0254 1.98e-11 -0.295
5.7 0.026 2.18e-11 -0.293
5.8 0.0266 2.39e-11 -0.291
5.9 0.0272 2.61e-11 -0.289
6.0 0.0278 2.85e-11 -0.287
6.1 0.0283 3.11e-11 -0.285
6.2 0.0289 3.4e-11 -0.282
6.3 0.0295 3.7e-11 -0.28
6.4 0.0301 4.03e-11 -0.277
6.5 0.0307 4.39e-11 -0.274
6.6 0.0312 4.77e-11 -0.271
6.7 0.0318 5.19e-11 -0.268
6.8 0.0324 5.65e-11 -0.264
6.9 0.0329 6.15e-11 -0.26
7.0 0.0335 6.71e-11 -0.256
7.1 0.034 7.31e-11 -0.252
7.2 0.0346 7.98e-11 -0.248
7.3 0.0351 8.72e-11 -0.243
7.4 0.0356 9.54e-11 -0.238
7.5 0.0362 1.05e-10 -0.233
7.6 0.0367 1.15e-10 -0.228
7.7 0.0372 1.27e-10 -0.222
7.8 0.0377 1.42e-10 -0.216
7.9 0.0382 1.59e-10 -0.21
8.0 0.0387 1.81e-10 -0.204
8.1 0.0391 2.11e-10 -0.197
8.2 0.0395 2.53e-10 -0.191
8.3 0.0426 -4.4e-10 -0.183
8.4 0.048 -1.74e-09 -0.174
8.5 0.0495 -2.02e-09 -0.166
8.6 0.0478 -1.4e-09 -0.159
8.7 0.0435 -3.65e-11 -0.153
8.8 0.0372 1.97e-09 -0.148
8.9 0.0291 4.56e-09 -0.144
9.0 0.0193 7.71e-09 -0.141
9.1 0.008 1.14e-08 -0.139
9.2 -0.00508 1.57e-08 -0.138
9.3 -0.0201 2.08e-08 -0.139
9.4 -0.0376 2.66e-08 -0.141
9.5 -0.0579 3.35e-08 -0.145
9.6 -0.0817 4.16e-08 -0.151
9.7 -0.11 5.15e-08 -0.159
9.8 -0.144 6.36e-08 -0.17
9.9 -0.163 7.1e-08 -0.177
10.0 -0.16 7.1e-08 -0.177
10.1 -0.142 6.6e-08 -0.169
10.2 -0.118 5.84e-08 -0.157
10.3 -0.0919 5e-08 -0.142
10.4 -0.0673 4.18e-08 -0.124
10.5 -0.0452 3.44e-08 -0.106
10.6 -0.026 2.78e-08 -0.0866
10.7 -0.00944 2.21e-08 -0.0678
10.8 0.00464 1.72e-08 -0.0496
10.9 0.0166 1.31e-08 -0.0323
11.0 0.0267 9.71e-09 -0.0162
11.1 0.0352 6.84e-09 -0.0014
11.2 0.0424 4.46e-09 0.012
11.3 0.0485 2.47e-09 0.024
11.4 0.0537 8.33e-10 0.0346
11.5 0.0581 -5.18e-10 0.0439
11.6 0.0618 -1.63e-09 0.0518
11.7 0.0649 -2.53e-09 0.0586
11.8 0.0675 -3.26e-09 0.0641
11.9 0.0698 -3.84e-09 0.0686
12.0 0.0717 -4.31e-09 0.0721
12.1 0.0733 -4.66e-09 0.0746
12.2 0.0747 -4.93e-09 0.0763
12.3 0.0758 -5.12e-09 0.0772
12.4 0.0768 -5.24e-09 0.0773
12.5 0.0776 -5.31e-09 0.0768
12.6 0.0783 -5.32e-09 0.0756
12.7 0.0789 -5.29e-09 0.0739
12.8 0.0794 -5.2e-09 0.0716
12.9 0.0798 -5.08e-09 0.0688
13.0 0.0801 -4.9e-09 0.0656
13.1 0.0804 -4.67e-09 0.0619
13.2 0.0806 -4.38e-09 0.0578
13.3 0.0807 -3.98e-09 0.0533
13.4 0.0807 -3.44e-09 0.0484
13.5 0.0806 -2.65e-09 0.0433
13.6 0.0806 -1.88e-09 0.0377
13.7 0.0806 -1.44e-09 0.0319
13.8 0.0809 -1.86e-09 0.0257
13.9 0.0817 -3.81e-09 0.0191
14.0 0.0832 -8.08e-09 0.0122
14.1 0.0857 -1.57e-08 0.00482
14.2 0.0895 -2.78e-08 -0.00312
14.3 0.0948 -4.59e-08 -0.0117
14.4 0.102 -7.18e-08 -0.0212
14.5 0.112 -1.08e-07 -0.0316
14.6 0.125 -1.57e-07 -0.0433
14.7 0.141 -2.22e-07 -0.0566
14.8 0.162 -3.08e-07 -0.0719
14.9 0.189 -4.2e-07 -0.0896
15.0 0.223 -5.65e-07 -0.11
15.1 0.265 -7.51e-07 -0.134
15.2 0.318 -9.89e-07 -0.163
15.3 0.384 -1.29e-06 -0.197
15.4 0.467 -1.67e-06 -0.237
15.5 0.57 -2.16e-06 -0.285
15.6 0.698 -2.77e-06 -0.343
15.7 0.859 -3.53e-06 -0.41
15.8 1.06 -4.49e-06 -0.491
15.9 1.31 -5.7e-06 -0.585
16.0 1.63 -7e-06 -0.695
16.1 2.04 -7.41e-06 -0.819
16.2 2.57 -4.43e-06 -0.955
16.3 3.27 6.31e-06 -1.1
16.4 4.18 3.11e-05 -1.28
16.5 5.37 7.83e-05 -1.49
16.6 6.93 0.000159 -1.76
16.7 8.95 0.000286 -2.1
16.8 11.6 0.000476 -2.55
16.9 15.0 0.00074 -3.11
17.0 19.5 0.00108 -3.83
17.1 25.4 0.00148 -4.72
17.2 33.1 0.0019 -5.83
17.3 43.2 0.00225 -7.19
17.4 56.3 0.00239 -8.86
17.5 73.5 0.0021 -10.9
17.6 96.0 0.00106 -13.4
17.7 1.25e+02 -0.00118 -16.4
17.8 1.64e+02 -0.00528 -20.1
17.9 2.14e+02 -0.0121 -24.5
18.0 2.8e+02 -0.023 -29.9
18.1 3.66e+02 -0.0396 -36.3
18.2 4.78e+02 -0.0642 -44.2
18.3 6.25e+02 -0.1 -53.6
18.4 8.17e+02 -0.151 -64.9
18.5 1.07e+03 -0.224 -78.7
18.6 1.4e+03 -0.325 -95.2
18.7 1.82e+03 -0.464 -1.15e+02
18.8 2.38e+03 -0.656 -1.39e+02
18.9 3.12e+03 -0.918 -1.69e+02
19.0 4.07e+03 -1.27 -2.04e+02
19.1 5.32e+03 -1.76 -2.46e+02
19.2 6.95e+03 -2.41 -2.97e+02
19.3 9.09e+03 -3.28 -3.59e+02
19.4 1.19e+04 -4.45 -4.33e+02
19.5 1.55e+04 -6.02 -5.23e+02
19.6 2.03e+04 -8.11 -6.31e+02
19.7 2.65e+04 -10.9 -7.61e+02
19.8 3.46e+04 -14.6 -9.18e+02
19.9 4.52e+04 -19.5 -1.11e+03
20.0 5.9e+04 -26.0 -1.34e+03
20.1 7.71e+04 -34.6 -1.61e+03
20.2 1.01e+05 -45.9 -1.94e+03
20.3 1.32e+05 -60.9 -2.34e+03
20.4 1.72e+05 -80.6 -2.82e+03
20.5 2.25e+05 -1.07e+02 -3.41e+03
20.6 2.93e+05 -1.41e+02 -4.11e+03
20.7 3.83e+05 -1.86e+02 -4.95e+03
20.8 5e+05 -2.45e+02 -5.97e+03
20.9 6.54e+05 -3.23e+02 -7.2e+03
21.0 8.54e+05 -4.26e+02 -8.69e+03
21.1 1.12e+06 -5.61e+02 -1.05e+04
21.2 1.46e+06 -7.37e+02 -1.26e+04
21.3 1.9e+06 -9.69e+02 -1.52e+04
21.4 2.49e+06 -1.27e+03 -1.84e+04
21.5 3.25e+06 -1.67e+03 -2.22e+04
21.6 4.24e+06 -2.2e+03 -2.67e+04
21.7 5.54e+06 -2.88e+03 -3.23e+04
21.8 7.24e+06 -3.78e+03 -3.89e+04
21.9 9.46e+06 -4.96e+03 -4.69e+04
22.0 1.24e+07 -6.51e+03 -5.66e+04
22.1 1.61e+07 -8.53e+03 -6.83e+04
22.2 2.11e+07 -1.12e+04 -8.23e+04
22.3 2.76e+07 -1.46e+04 -9.93e+04
22.4 3.6e+07 -1.92e+04 -1.2e+05
22.5 4.7e+07 -2.51e+04 -1.44e+05
22.6 6.14e+07 -3.29e+04 -1.74e+05
22.7 8.02e+07 -4.31e+04 -2.1e+05
22.8 1.05e+08 -5.64e+04 -2.54e+05
22.9 1.37e+08 -7.39e+04 -3.06e+05
23.0 1.79e+08 -9.67e+04 -3.69e+05
23.1 2.34e+08 -1.27e+05 -4.45e+05
23.2 3.05e+08 -1.66e+05 -5.37e+05
23.3 3.99e+08 -2.17e+05 -6.48e+05
23.4 5.21e+08 -2.84e+05 -7.81e+05
23.5 6.8e+08 -3.71e+05 -9.42e+05
23.6 8.89e+08 -4.86e+05 -1.14e+06
23.7 1.16e+09 -6.35e+05 -1.37e+06
23.8 1.52e+09 -8.31e+05 -1.65e+06
23.9 1.98e+09 -1.09e+06 -2e+06
24.0 2.59e+09 -1.42e+06 -2.41e+06
24.1 3.38e+09 -1.86e+06 -2.9e+06
24.2 4.42e+09 -2.43e+06 -3.5e+06
24.3 5.77e+09 -3.18e+06 -4.23e+06
24.4 7.54e+09 -4.16e+06 -5.1e+06
24.5 9.85e+09 -5.44e+06 -6.15e+06
24.6 1.29e+10 -7.12e+06 -7.42e+06
24.7 1.68e+10 -9.31e+06 -8.95e+06
24.8 2.2e+10 -1.22e+07 -1.08e+07
24.9 2.87e+10 -1.59e+07 -1.3e+07
25.0 3.75e+10 -2.08e+07 -1.57e+07
25.1 4.89e+10 -2.72e+07 -1.89e+07
25.2 6.39e+10 -3.56e+07 -2.29e+07
25.3 8.35e+10 -4.65e+07 -2.76e+07
25.4 1.09e+11 -6.08e+07 -3.33e+07
25.5 1.43e+11 -7.95e+07 -4.01e+07
25.6 1.86e+11 -1.04e+08 -4.84e+07
25.7 2.43e+11 -1.36e+08 -5.84e+07
25.8 3.18e+11 -1.78e+08 -7.04e+07
25.9 4.15e+11 -2.32e+08 -8.5e+07
26.0 5.42e+11 -3.04e+08 -1.03e+08
26.1 7.08e+11 -3.97e+08 -1.24e+08
26.2 9.25e+11 -5.2e+08 -1.49e+08
26.3 1.21e+12 -6.79e+08 -1.8e+08
26.4 1.58e+12 -8.88e+08 -2.17e+08
26.5 2.06e+12 -1.16e+09 -2.62e+08
26.6 2.69e+12 -1.52e+09 -3.16e+08
26.7 3.52e+12 -1.98e+09 -3.81e+08
26.8 4.6e+12 -2.59e+09 -4.6e+08
26.9 6.01e+12 -3.39e+09 -5.55e+08
27.0 7.85e+12 -4.43e+09 -6.69e+08
27.1 1.02e+13 -5.8e+09 -8.07e+08
27.2 1.34e+13 -7.58e+09 -9.74e+08
27.3 1.75e+13 -9.91e+09 -1.17e+09
27.4 2.28e+13 -1.3e+10 -1.42e+09
27.5 2.98e+13 -1.69e+10 -1.71e+09
27.6 3.9e+13 -2.21e+10 -2.06e+09
27.7 5.09e+13 -2.89e+10 -2.49e+09
27.8 6.65e+13 -3.78e+10 -3e+09
27.9 8.69e+13 -4.94e+10 -3.62e+09
28.0 1.14e+14 -6.46e+10 -4.37e+09
28.1 1.48e+14 -8.45e+10 -5.27e+09
28.2 1.94e+14 -1.1e+11 -6.36e+09
28.3 2.53e+14 -1.44e+11 -7.67e+09
28.4 3.31e+14 -1.89e+11 -9.25e+09
28.5 4.32e+14 -2.47e+11 -1.12e+10
28.6 5.64e+14 -3.23e+11 -1.35e+10
28.7 7.37e+14 -4.22e+11 -1.62e+10
28.8 9.63e+14 -5.51e+11 -1.96e+10
28.9 1.26e+15 -7.21e+11 -2.36e+10
29.0 1.64e+15 -9.42e+11 -2.85e+10
29.1 2.15e+15 -1.23e+12 -3.44e+10
29.2 2.8e+15 -1.61e+12 -4.15e+10
29.3 3.66e+15 -2.1e+12 -5.01e+10
29.4 4.79e+15 -2.75e+12 -6.04e+10
29.5 6.25e+15 -3.6e+12 -7.28e+10
29.6 8.17e+15 -4.7e+12 -8.79e+10
29.7 1.07e+16 -6.14e+12 -1.06e+11
29.8 1.39e+16 -8.03e+12 -1.28e+11
29.9 1.82e+16 -1.05e+13 -1.54e+11
30.0 2.38e+16 -1.37e+13 -1.86e+11
30.1 3.11e+16 -1.79e+13 -2.25e+11
30.2 4.06e+16 -2.34e+13 -2.71e+11
30.3 5.3e+16 -3.06e+13 -3.27e+11
30.4 6.92e+16 -4.01e+13 -3.94e+11
30.5 9.05e+16 -5.24e+13 -4.76e+11
30.6 1.18e+17 -6.84e+13 -5.74e+11
30.7 1.54e+17 -8.95e+13 -6.92e+11
30.8 2.02e+17 -1.17e+14 -8.35e+11
30.9 2.63e+17 -1.53e+14 -1.01e+12
31.0 3.44e+17 -2e+14 -1.21e+12
31.1 4.5e+17 -2.61e+14 -1.47e+12
31.2 5.87e+17 -3.41e+14 -1.77e+12
31.3 7.67e+17 -4.46e+14 -2.13e+12
31.4 1e+18 -5.83e+14 -2.57e+12
31.5 1.31e+18 -7.62e+14 -3.1e+12
31.6 1.71e+18 -9.96e+14 -3.74e+12
31.7 2.23e+18 -1.3e+15 -4.52e+12
31.8 2.92e+18 -1.7e+15 -5.45e+12
31.9 3.81e+18 -2.22e+15 -6.57e+12
32.0 4.98e+18 -2.91e+15 -7.93e+12
32.1 6.51e+18 -3.8e+15 -9.57e+12
32.2 8.5e+18 -4.97e+15 -1.15e+13
32.3 1.11e+19 -6.49e+15 -1.39e+13
32.4 1.45e+19 -8.49e+15 -1.68e+13
32.5 1.89e+19 -1.11e+16 -2.03e+13
32.6 2.47e+19 -1.45e+16 -2.44e+13
32.7 3.23e+19 -1.9e+16 -2.95e+13
32.8 4.22e+19 -2.48e+16 -3.56e+13
32.9 5.52e+19 -3.24e+16 -4.29e+13
33.0 7.21e+19 -4.23e+16 -5.18e+13
33.1 9.42e+19 -5.53e+16 -6.25e+13
33.2 1.23e+20 -7.23e+16 -7.53e+13
33.3 1.61e+20 -9.45e+16 -9.09e+13
33.4 2.1e+20 -1.23e+17 -1.1e+14
33.5 2.74e+20 -1.61e+17 -1.32e+14
33.6 3.58e+20 -2.11e+17 -1.6e+14
33.7 4.68e+20 -2.76e+17 -1.92e+14
33.8 6.11e+20 -3.6e+17 -2.32e+14
33.9 7.98e+20 -4.71e+17 -2.8e+14
34.0 1.04e+21 -6.16e+17 -3.38e+14
34.1 1.36e+21 -8.05e+17 -4.08e+14
34.2 1.78e+21 -1.05e+18 -4.92e+14
34.3 2.33e+21 -1.37e+18 -5.93e+14
34.4 3.04e+21 -1.8e+18 -7.16e+14
34.5 3.97e+21 -2.35e+18 -8.63e+14
34.6 5.18e+21 -3.07e+18 -1.04e+15
34.7 6.77e+21 -4.01e+18 -1.26e+15
34.8 8.85e+21 -5.24e+18 -1.52e+15
34.9 1.16e+22 -6.85e+18 -1.83e+15
35.0 1.51e+22 -8.95e+18 -2.21e+15
35.1 1.97e+22 -1.17e+19 -2.66e+15
35.2 2.58e+22 -1.53e+19 -3.21e+15
35.3 3.36e+22 -2e+19 -3.87e+15
35.4 4.4e+22 -2.61e+19 -4.67e+15
35.5 5.74e+22 -3.41e+19 -5.64e+15
35.6 7.5e+22 -4.46e+19 -6.8e+15
35.7 9.8e+22 -5.83e+19 -8.2e+15
35.8 1.28e+23 -7.62e+19 -9.9e+15
35.9 1.67e+23 -9.96e+19 -1.19e+16
36.0 2.18e+23 -1.3e+20 -1.44e+16
36.1 2.85e+23 -1.7e+20 -1.74e+16
36.2 3.73e+23 -2.22e+20 -2.1e+16
36.3 4.87e+23 -2.91e+20 -2.53e+16
36.4 6.36e+23 -3.8e+20 -3.05e+16
36.5 8.31e+23 -4.96e+20 -3.68e+16
36.6 1.09e+24 -6.49e+20 -4.44e+16
36.7 1.42e+24 -8.48e+20 -5.35e+16
36.8 1.85e+24 -1.11e+21 -6.46e+16
36.9 2.42e+24 -1.45e+21 -7.79e+16
37.0 3.16e+24 -1.89e+21 -9.4e+16
37.1 4.13e+24 -2.47e+21 -1.13e+17
37.2 5.39e+24 -3.23e+21 -1.37e+17
37.3 7.05e+24 -4.22e+21 -1.65e+17
37.4 9.21e+24 -5.52e+21 -1.99e+17
37.5 1.2e+25 -7.21e+21 -2.4e+17
37.6 1.57e+25 -9.43e+21 -2.9e+17
37.7 2.05e+25 -1.23e+22 -3.5e+17
37.8 2.68e+25 -1.61e+22 -4.22e+17
37.9 3.5e+25 -2.1e+22 -5.09e+17
38.0 4.57e+25 -2.75e+22 -6.14e+17
38.1 5.98e+25 -3.59e+22 -7.4e+17
38.2 7.81e+25 -4.7e+22 -8.93e+17
38.3 1.02e+26 -6.14e+22 -1.08e+18
38.4 1.33e+26 -8.02e+22 -1.3e+18
38.5 1.74e+26 -1.05e+23 -1.57e+18
38.6 2.27e+26 -1.37e+23 -1.89e+18
38.7 2.97e+26 -1.79e+23 -2.28e+18
38.8 3.88e+26 -2.34e+23 -2.75e+18
38.9 5.07e+26 -3.06e+23 -3.32e+18
39.0 6.62e+26 -4e+23 -4.01e+18
39.1 8.65e+26 -5.22e+23 -4.83e+18
39.2 1.13e+27 -6.82e+23 -5.83e+18
39.3 1.48e+27 -8.92e+23 -7.03e+18
39.4 1.93e+27 -1.17e+24 -8.48e+18
39.5 2.52e+27 -1.52e+24 -1.02e+19
39.6 3.29e+27 -1.99e+24 -1.23e+19
39.7 4.3e+27 -2.6e+24 -1.49e+19
39.8 5.61e+27 -3.4e+24 -1.8e+19
39.9 7.33e+27 -4.44e+24 -2.17e+19
40.0 9.58e+27 -5.81e+24 -2.62e+19
40.1 1.25e+28 -7.59e+24 -3.15e+19
40.2 1.64e+28 -9.91e+24 -3.81e+19
40.3 2.14e+28 -1.3e+25 -4.59e+19
40.4 2.79e+28 -1.69e+25 -5.54e+19
40.5 3.64e+28 -2.21e+25 -6.68e+19
40.6 4.76e+28 -2.89e+25 -8.06e+19
40.7 6.22e+28 -3.78e+25 -9.72e+19
40.8 8.13e+28 -4.94e+25 -1.17e+20
40.9 1.06e+29 -6.45e+25 -1.42e+20
41.0 1.39e+29 -8.43e+25 -1.71e+20
41.1 1.81e+29 -1.1e+26 -2.06e+20
41.2 2.37e+29 -1.44e+26 -2.48e+20
41.3 3.09e+29 -1.88e+26 -3e+20
41.4 4.04e+29 -2.46e+26 -3.62e+20
41.5 5.27e+29 -3.21e+26 -4.36e+20
41.6 6.89e+29 -4.2e+26 -5.26e+20
41.7 9e+29 -5.49e+26 -6.35e+20
41.8 1.18e+30 -7.17e+26 -7.66e+20
41.9 1.54e+30 -9.37e+26 -9.24e+20
42.0 2.01e+30 -1.22e+27 -1.11e+21
42.1 2.62e+30 -1.6e+27 -1.34e+21
42.2 3.42e+30 -2.09e+27 -1.62e+21
42.3 4.47e+30 -2.73e+27 -1.96e+21
42.4 5.84e+30 -3.57e+27 -2.36e+21
42.5 7.63e+30 -4.67e+27 -2.85e+21
42.6 9.97e+30 -6.1e+27 -3.43e+21
42.7 1.3e+31 -7.97e+27 -4.14e+21
42.8 1.7e+31 -1.04e+28 -5e+21
42.9 2.22e+31 -1.36e+28 -6.03e+21
43.0 2.9e+31 -1.78e+28 -7.27e+21
43.1 3.79e+31 -2.32e+28 -8.78e+21
43.2 4.96e+31 -3.04e+28 -1.06e+22
43.3 6.47e+31 -3.97e+28 -1.28e+22
43.4 8.46e+31 -5.18e+28 -1.54e+22
43.5 1.1e+32 -6.77e+28 -1.86e+22
43.6 1.44e+32 -8.85e+28 -2.24e+22
43.7 1.89e+32 -1.16e+29 -2.7e+22
43.8 2.46e+32 -1.51e+29 -3.26e+22
43.9 3.22e+32 -1.98e+29 -3.94e+22
44.0 4.2e+32 -2.58e+29 -4.75e+22
44.1 5.49e+32 -3.37e+29 -5.73e+22
44.2 7.17e+32 -4.41e+29 -6.91e+22
44.3 9.37e+32 -5.76e+29 -8.34e+22
44.4 1.22e+33 -7.53e+29 -1.01e+23
44.5 1.6e+33 -9.83e+29 -1.21e+23
44.6 2.09e+33 -1.29e+30 -1.46e+23
44.7 2.73e+33 -1.68e+30 -1.77e+23
44.8 3.56e+33 -2.19e+30 -2.13e+23
44.9 4.66e+33 -2.87e+30 -2.57e+23
45.0 6.08e+33 -3.75e+30 -3.1e+23
45.1 7.94e+33 -4.9e+30 -3.74e+23
45.2 1.04e+34 -6.4e+30 -4.51e+23
45.3 1.36e+34 -8.36e+30 -5.44e+23
45.4 1.77e+34 -1.09e+31 -6.57e+23
45.5 2.31e+34 -1.43e+31 -7.92e+23
45.6 3.02e+34 -1.87e+31 -9.55e+23
45.7 3.95e+34 -2.44e+31 -1.15e+24
45.8 5.16e+34 -3.18e+31 -1.39e+24
45.9 6.74e+34 -4.16e+31 -1.68e+24
46.0 8.8e+34 -5.44e+31 -2.02e+24
46.1 1.15e+35 -7.11e+31 -2.44e+24
46.2 1.5e+35 -9.28e+31 -2.94e+24
46.3 1.96e+35 -1.21e+32 -3.55e+24
46.4 2.56e+35 -1.59e+32 -4.29e+24
46.5 3.35e+35 -2.07e+32 -5.17e+24
46.6 4.37e+35 -2.71e+32 -6.24e+24
46.7 5.71e+35 -3.54e+32 -7.52e+24
46.8 7.46e+35 -4.62e+32 -9.08e+24
46.9 9.75e+35 -6.04e+32 -1.09e+25
47.0 1.27e+36 -7.89e+32 -1.32e+25
47.1 1.66e+36 -1.03e+33 -1.59e+25
47.2 2.17e+36 -1.35e+33 -1.92e+25
47.3 2.84e+36 -1.76e+33 -2.32e+25
47.4 3.71e+36 -2.3e+33 -2.8e+25
47.5 4.85e+36 -3.01e+33 -3.37e+25
47.6 6.33e+36 -3.93e+33 -4.07e+25
47.7 8.27e+36 -5.13e+33 -4.91e+25
47.8 1.08e+37 -6.71e+33 -5.93e+25
47.9 1.41e+37 -8.76e+33 -7.15e+25
48.0 1.84e+37 -1.14e+34 -8.62e+25
48.1 2.41e+37 -1.5e+34 -1.04e+26
48.2 3.15e+37 -1.95e+34 -1.25e+26
48.3 4.11e+37 -2.55e+34 -1.51e+26
48.4 5.37e+37 -3.34e+34 -1.83e+26
48.5 7.01e+37 -4.36e+34 -2.2e+26
48.6 9.16e+37 -5.7e+34 -2.66e+26
48.7 1.2e+38 -7.45e+34 -3.21e+26
48.8 1.56e+38 -9.73e+34 -3.87e+26
48.9 2.04e+38 -1.27e+35 -4.67e+26
49.0 2.67e+38 -1.66e+35 -5.63e+26
49.1 3.48e+38 -2.17e+35 -6.79e+26
49.2 4.55e+38 -2.84e+35 -8.19e+26
49.3 5.95e+38 -3.71e+35 -9.88e+26
49.4 7.77e+38 -4.84e+35 -1.19e+27
49.5 1.01e+39 -6.33e+35 -1.44e+27
49.6 1.33e+39 -8.27e+35 -1.73e+27
49.7 1.73e+39 -1.08e+36 -2.09e+27
49.8 2.26e+39 -1.41e+36 -2.52e+27
49.9 2.96e+39 -1.84e+36 -3.05e+27
