0.0 0.0
0.1 -0.553
0.2 -0.585
0.3 -0.698
0.4 -0.983
0.5 -2.08
0.6 -3.88
0.7 -0.709
0.8 -0.361
0.9 -0.247
1.0 -0.189
1.1 -0.154
1.2 -0.129
1.3 -0.111
1.4 -0.0964
1.5 -0.0849
1.6 -0.0758
1.7 -0.0679
1.8 -0.0616
1.9 -0.0559
2.0 -0.0514
2.1 -0.0471
2.2 -0.0438
2.3 -0.0405
2.4 -0.0381
2.5 -0.0356
2.6 -0.0338
2.7 -0.0323
2.8 -0.0306
2.9 -0.0296
3.0 -0.0283
3.1 -0.0277
3.2 -0.0272
3.3 -0.0265
3.4 -0.0265
3.5 -0.0266
3.6 -0.0264
3.7 -0.0269
3.8 -0.027
3.9 -0.0277
4.0 -0.0285
4.1 -0.0288
4.2 -0.0297
4.3 -0.0307
4.4 -0.0311
4.5 -0.032
4.6 -0.0325
4.7 -0.0334
4.8 -0.0338
4.9 -0.0348
5.0 -0.0357
5.1 -0.0361
5.2 -0.037
5.3 -0.0374
5.4 -0.0383
5.5 -0.0386
5.6 -0.0395
5.7 -0.0399
5.8 -0.0408
5.9 -0.0412
6.0 -0.0421
6.1 -0.0426
6.2 -0.0435
6.3 -0.044
6.4 -0.0449
6.5 -0.0454
6.6 -0.0463
6.7 -0.0468
6.8 -0.0478
6.9 -0.0483
7.0 -0.0492
7.1 -0.0497
7.2 -0.0501
7.3 -0.051
7.4 -0.0514
7.5 -0.0523
7.6 -0.0527
7.7 -0.053
7.8 -0.0538
7.9 -0.0542
8.0 -0.0545
8.1 -0.0552
8.2 -0.0555
8.3 -0.0558
8.4 -0.0564
8.5 -0.0567
8.6 -0.057
8.7 -0.0572
8.8 -0.0578
8.9 -0.058
9.0 -0.0581
9.1 -0.0582
9.2 -0.0583
9.3 -0.058
9.4 -0.058
9.5 -0.058
9.6 -0.0581
9.7 -0.0577
9.8 -0.0577
9.9 -0.0578
10.0 -0.0574
10.1 -0.0574
10.2 -0.0571
10.3 -0.0571
10.4 -0.057
10.5 -0.0567
10.6 -0.0567
10.7 -0.0563
10.8 -0.0563
10.9 -0.0559
11.0 -0.0556
11.1 -0.0555
11.2 -0.0551
11.3 -0.0548
11.4 -0.0547
11.5 -0.0543
11.6 -0.054
11.7 -0.0539
11.8 -0.0535
11.9 -0.0531
12.0 -0.0527
12.1 -0.0527
12.2 -0.0523
12.3 -0.0519
12.4 -0.0516
12.5 -0.0515
12.6 -0.0511
12.7 -0.0508
12.8 -0.0504
12.9 -0.05
13.0 -0.05
13.1 -0.0496
13.2 -0.0493
13.3 -0.0489
13.4 -0.0486
13.5 -0.0482
13.6 -0.0479
13.7 -0.0478
13.8 -0.0475
13.9 -0.0472
14.0 -0.0468
14.1 -0.0465
14.2 -0.0462
14.3 -0.0458
14.4 -0.0459
14.5 -0.0456
14.6 -0.0452
14.7 -0.0449
14.8 -0.0446
14.9 -0.0443
15.0 -0.044
15.1 -0.0441
15.2 -0.0438
15.3 -0.0435
15.4 -0.0432
15.5 -0.043
15.6 -0.0427
15.7 -0.0424
15.8 -0.0421
15.9 -0.0418
16.0 -0.0419
16.1 -0.0419
16.2 -0.0454
16.3 -0.055
16.4 -0.0707
16.5 -0.087
16.6 -0.095
16.7 -0.0899
16.8 0.0
16.9 0.0
17.0 0.0
17.1 0.0
17.2 0.0
17.3 0.0
17.4 0.0
17.5 0.0
17.6 0.0
17.7 0.0
17.8 0.0
17.9 0.0
18.0 0.0
18.1 0.0
18.2 0.0
18.3 0.0
18.4 0.0
18.5 0.0
18.6 0.0
18.7 0.0
18.8 0.0
18.9 0.0
19.0 0.0
19.1 0.0
19.2 0.0
19.3 0.0
19.4 0.0
19.5 0.0
19.6 0.0
19.7 0.0
19.8 0.0
19.9 0.0
20.0 0.0
20.1 0.0
20.2 0.0
20.3 0.0
20.4 0.0
20.5 0.0
20.6 0.0
20.7 0.0
20.8 0.0
20.9 0.0
21.0 0.0
21.1 0.0
21.2 0.0
21.3 0.0
21.4 0.0
21.5 0.0
21.6 0.0
21.7 0.0
21.8 0.0
21.9 0.0
22.0 0.0
22.1 0.0
22.2 0.0
22.3 0.0
22.4 0.0
22.5 0.0
22.6 0.0
22.7 0.0
22.8 0.0
22.9 0.0
23.0 0.0
23.1 0.0
23.2 0.0
23.3 0.0
23.4 0.0
23.5 0.0
23.6 0.0
23.7 0.0
23.8 0.0
23.9 0.0
24.0 0.0
24.1 0.0
24.2 0.0
24.3 0.0
24.4 0.0
24.5 0.0
24.6 0.0
24.7 0.0
24.8 0.0
24.9 0.0
25.0 0.0
25.1 0.0
25.2 0.0
25.3 0.0
25.4 0.0
25.5 0.0
25.6 0.0
25.7 0.0
25.8 0.0
25.9 0.0
26.0 0.0
26.1 0.0
26.2 0.0
26.3 0.0
26.4 0.0
26.5 0.0
26.6 0.0
26.7 0.0
26.8 0.0
26.9 0.0
27.0 0.0
27.1 0.0
27.2 0.0
27.3 0.0
27.4 0.0
27.5 0.0
27.6 0.0
27.7 0.0
27.8 0.0
27.9 0.0
28.0 0.0
28.1 0.0
28.2 0.0
28.3 0.0
28.4 0.0
28.5 0.0
28.6 0.0
28.7 0.0
28.8 0.0
28.9 0.0
29.0 0.0
29.1 0.0
29.2 0.0
29.3 0.0
29.4 0.0
29.5 0.0
29.6 0.0
29.7 0.0
29.8 0.0
29.9 0.0
30.0 0.0
30.1 0.0
30.2 0.0
30.3 0.0
30.4 0.0
30.5 0.0
30.6 0.0
30.7 0.0
30.8 0.0
30.9 0.0
31.0 0.0
31.1 0.0
31.2 0.0
31.3 0.0
31.4 0.0
31.5 0.0
31.6 0.0
31.7 0.0
31.8 0.0
31.9 0.0
32.0 0.0
32.1 0.0
32.2 0.0
32.3 0.0
32.4 0.0
32.5 0.0
32.6 0.0
32.7 0.0
32.8 0.0
32.9 0.0
33.0 0.0
33.1 0.0
33.2 0.0
33.3 0.0
33.4 0.0
33.5 0.0
33.6 0.0
33.7 0.0
33.8 0.0
33.9 0.0
34.0 0.0
34.1 0.0
34.2 0.0
34.3 0.0
34.4 0.0
34.5 0.0
34.6 0.0
34.7 0.0
34.8 0.0
34.9 0.0
35.0 0.0
35.1 0.0
35.2 0.0
35.3 0.0
35.4 0.0
35.5 0.0
35.6 0.0
35.7 0.0
35.8 0.0
35.9 0.0
36.0 0.0
36.1 0.0
36.2 0.0
36.3 0.0
36.4 0.0
36.5 0.0
36.6 0.0
36.7 0.0
36.8 0.0
36.9 0.0
37.0 0.0
37.1 0.0
37.2 0.0
37.3 0.0
37.4 0.0
37.5 0.0
37.6 0.0
37.7 0.0
37.8 0.0
37.9 0.0
38.0 0.0
38.1 0.0
38.2 0.0
38.3 0.0
38.4 0.0
38.5 0.0
38.6 0.0
38.7 0.0
38.8 0.0
38.9 0.0
39.0 0.0
39.1 0.0
39.2 0.0
39.3 0.0
39.4 0.0
39.5 0.0
39.6 0.0
39.7 0.0
39.8 0.0
39.9 0.0
40.0 0.0
40.1 0.0
40.2 0.0
40.3 0.0
40.4 0.0
40.5 0.0
40.6 0.0
40.7 0.0
40.8 0.0
40.9 0.0
41.0 0.0
41.1 0.0
41.2 0.0
41.3 0.0
41.4 0.0
41.5 0.0
41.6 0.0
41.7 0.0
41.8 0.0
41.9 0.0
42.0 0.0
42.1 0.0
42.2 0.0
42.3 0.0
42.4 0.0
42.5 0.0
42.6 0.0
42.7 0.0
42.8 0.0
42.9 0.0
43.0 0.0
43.1 0.0
43.2 0.0
43.3 0.0
43.4 0.0
43.5 0.0
43.6 0.0
43.7 0.0
43.8 0.0
43.9 0.0
44.0 0.0
44.1 0.0
44.2 0.0
44.3 0.0
44.4 0.0
44.5 0.0
44.6 0.0
44.7 0.0
44.8 0.0
44.9 0.0
45.0 0.0
45.1 0.0
45.2 0.0
45.3 0.0
45.4 0.0
45.5 0.0
45.6 0.0
45.7 0.0
45.8 0.0
45.9 0.0
46.0 0.0
46.1 0.0
46.2 0.0
46.3 0.0
46.4 0.0
46.5 0.0
46.6 0.0
46.7 0.0
46.8 0.0
46.9 0.0
47.0 0.0
47.1 0.0
47.2 0.0
47.3 0.0
47.4 0.0
47.5 0.0
47.6 0.0
47.7 0.0
47.8 0.0
47.9 0.0
48.0 0.0
48.1 0.0
48.2 0.0
48.3 0.0
48.4 0.0
48.5 0.0
48.6 0.0
48.7 0.0
48.8 0.0
48.9 0.0
49.0 0.0
49.1 0.0
49.2 0.0
49.3 0.0
49.4 0.0
49.5 0.0
49.6 0.0
49.7 0.0
49.8 0.0
49.9 0.0
