0.0 -0.0034 -3.48e-09 0.0047 0.0058
0.1 -0.00654 -2.7e-08 0.00892 0.0111
0.2 -0.00944 -8.96e-08 0.0127 0.0158
0.3 -0.0122 -2.11e-07 0.0162 0.0202
0.4 -0.0146 -4.25e-07 0.0193 0.0242
0.5 -0.017 -7.95e-07 0.0222 0.0279
0.6 -0.0191 -1.41e-06 0.0248 0.0313
0.7 -0.0212 -2.27e-06 0.0272 0.0345
0.8 -0.023 -3.36e-06 0.0295 0.0374
0.9 -0.0247 -4.64e-06 0.0317 0.0402
1.0 -0.0263 -6.1e-06 0.0337 0.0427
1.1 -0.0278 -7.71e-06 0.0356 0.0452
1.2 -0.0292 -9.44e-06 0.0374 0.0474
1.3 -0.0305 -1.13e-05 0.0391 0.0496
1.4 -0.0318 -1.32e-05 0.0407 0.0517
1.5 -0.0329 -1.52e-05 0.0423 0.0536
1.6 -0.034 -1.73e-05 0.0439 0.0555
1.7 -0.035 -1.94e-05 0.0454 0.0573
1.8 -0.036 -2.15e-05 0.0468 0.0591
1.9 -0.0369 -2.37e-05 0.0482 0.0607
2.0 -0.0377 -2.59e-05 0.0496 0.0623
2.1 -0.0385 -2.8e-05 0.0509 0.0638
2.2 -0.0392 -3.02e-05 0.0522 0.0653
2.3 -0.0399 -3.25e-05 0.0534 0.0667
2.4 -0.0405 -3.46e-05 0.0546 0.068
2.5 -0.0412 -3.68e-05 0.0558 0.0694
2.6 -0.0417 -3.9e-05 0.0569 0.0706
2.7 -0.0423 -4.11e-05 0.0581 0.0718
2.8 -0.0428 -4.33e-05 0.0592 0.073
2.9 -0.0433 -4.54e-05 0.0602 0.0742
3.0 -0.0438 -4.75e-05 0.0613 0.0753
3.1 -0.0443 -4.96e-05 0.0622 0.0764
3.2 -0.0447 -5.17e-05 0.0632 0.0774
3.3 -0.0451 -5.37e-05 0.0641 0.0784
3.4 -0.0455 -5.58e-05 0.065 0.0793
3.5 -0.0459 -5.78e-05 0.0657 0.0802
3.6 -0.0462 -5.98e-05 0.0665 0.081
3.7 -0.0466 -6.18e-05 0.0672 0.0817
3.8 -0.0469 -6.38e-05 0.0678 0.0824
3.9 -0.0472 -6.58e-05 0.0684 0.0831
4.0 -0.0475 -6.78e-05 0.0689 0.0837
4.1 -0.0478 -6.98e-05 0.0694 0.0842
4.2 -0.048 -7.18e-05 0.0698 0.0847
4.3 -0.0483 -7.38e-05 0.0701 0.0851
4.4 -0.0486 -7.58e-05 0.0704 0.0855
4.5 -0.0488 -7.78e-05 0.0706 0.0858
4.6 -0.049 -7.99e-05 0.0707 0.086
4.7 -0.0492 -8.2e-05 0.0706 0.0861
4.8 -0.0495 -8.41e-05 0.0706 0.0862
4.9 -0.0496 -8.63e-05 0.0704 0.0861
5.0 -0.0498 -8.85e-05 0.0701 0.086
5.1 -0.05 -9.07e-05 0.0697 0.0858
5.2 -0.0501 -9.31e-05 0.0692 0.0855
5.3 -0.0503 -9.55e-05 0.0686 0.0851
5.4 -0.0504 -9.79e-05 0.0679 0.0845
5.5 -0.0505 -0.0001 0.067 0.0839
5.6 -0.0507 -0.000103 0.066 0.0832
5.7 -0.0508 -0.000106 0.0649 0.0824
5.8 -0.0509 -0.000109 0.0636 0.0815
5.9 -0.051 -0.000112 0.0622 0.0804
6.0 -0.0511 -0.000115 0.0607 0.0793
6.1 -0.0512 -0.000118 0.059 0.0781
6.2 -0.0513 -0.000122 0.0571 0.0767
6.3 -0.0513 -0.000125 0.0551 0.0753
6.4 -0.0514 -0.000129 0.0529 0.0738
6.5 -0.0515 -0.000133 0.0506 0.0722
6.6 -0.0515 -0.000137 0.0482 0.0705
6.7 -0.0515 -0.000142 0.0455 0.0687
6.8 -0.0515 -0.000147 0.0427 0.067
6.9 -0.0516 -0.000152 0.0398 0.0652
7.0 -0.0516 -0.000157 0.0369 0.0634
7.1 -0.0516 -0.000163 0.0337 0.0617
7.2 -0.0516 -0.00017 0.0305 0.06
7.3 -0.0516 -0.000177 0.0272 0.0584
7.4 -0.0516 -0.000184 0.0238 0.0569
7.5 -0.0517 -0.000192 0.0204 0.0555
7.6 -0.0516 -0.000201 0.0169 0.0543
7.7 -0.0517 -0.000211 0.0134 0.0534
7.8 -0.0517 -0.000222 0.00986 0.0526
7.9 -0.0517 -0.000234 0.00633 0.0521
8.0 -0.0517 -0.000248 0.0028 0.0518
8.1 -0.0517 -0.000263 -0.00072 0.0517
8.2 -0.0517 -0.00028 -0.0044 0.0519
8.3 -0.0516 -0.000301 -0.00854 0.0523
8.4 -0.0514 -0.000328 -0.0133 0.0531
8.5 -0.0513 -0.000373 -0.0186 0.0545
8.6 -0.0474 -0.000354 -0.0231 0.0527
8.7 -0.0438 -0.000337 -0.0269 0.0514
8.8 -0.0405 -0.000321 -0.0301 0.0505
8.9 -0.0374 -0.000307 -0.0328 0.0498
9.0 -0.0346 -0.000293 -0.0351 0.0493
9.1 -0.032 -0.00028 -0.0369 0.0488
9.2 -0.0295 -0.000269 -0.0394 0.0492
9.3 -0.0298 -0.000306 -0.0439 0.053
9.4 -0.0298 -0.00032 -0.0468 0.0555
9.5 -0.0294 -0.000322 -0.0482 0.0565
9.6 -0.0289 -0.000318 -0.048 0.0561
9.7 -0.0282 -0.00031 -0.0466 0.0544
9.8 -0.0274 -0.000301 -0.0439 0.0517
9.9 -0.0264 -0.00029 -0.0403 0.0482
10.0 -0.0254 -0.00028 -0.0364 0.0444
10.1 -0.0244 -0.00027 -0.0327 0.0408
10.2 -0.0233 -0.00026 -0.0295 0.0376
10.3 -0.0223 -0.000251 -0.0268 0.0349
10.4 -0.0213 -0.000242 -0.0247 0.0326
10.5 -0.0203 -0.000234 -0.023 0.0307
10.6 -0.0194 -0.000227 -0.0219 0.0292
10.7 -0.0185 -0.000219 -0.0211 0.0281
10.8 -0.0176 -0.000213 -0.0209 0.0273
10.9 -0.0168 -0.000207 -0.021 0.0268
11.0 -0.016 -0.000201 -0.0213 0.0266
11.1 -0.0152 -0.000196 -0.0219 0.0267
11.2 -0.0145 -0.000191 -0.0227 0.027
11.3 -0.0139 -0.000186 -0.0237 0.0274
11.4 -0.0132 -0.000182 -0.0246 0.028
11.5 -0.0127 -0.000178 -0.0256 0.0286
11.6 -0.0121 -0.000175 -0.0266 0.0292
11.7 -0.0116 -0.000171 -0.0276 0.03
11.8 -0.0112 -0.000168 -0.0287 0.0308
11.9 -0.0107 -0.000166 -0.0296 0.0315
12.0 -0.0103 -0.000163 -0.0306 0.0323
12.1 -0.00995 -0.000161 -0.0315 0.033
12.2 -0.0096 -0.000158 -0.0325 0.0339
12.3 -0.00929 -0.000156 -0.0334 0.0346
12.4 -0.009 -0.000155 -0.0341 0.0353
12.5 -0.00873 -0.000153 -0.0349 0.0359
12.6 -0.00849 -0.000151 -0.0356 0.0366
12.7 -0.00827 -0.00015 -0.0361 0.037
12.8 -0.00807 -0.000149 -0.0366 0.0375
12.9 -0.00789 -0.000148 -0.037 0.0378
13.0 -0.00774 -0.000147 -0.0373 0.0381
13.1 -0.0076 -0.000146 -0.0375 0.0383
13.2 -0.00747 -0.000145 -0.0377 0.0384
13.3 -0.00736 -0.000144 -0.0377 0.0385
13.4 -0.00725 -0.000143 -0.0378 0.0385
13.5 -0.00715 -0.000143 -0.0379 0.0386
13.6 -0.00707 -0.000142 -0.0379 0.0386
13.7 -0.007 -0.000142 -0.0378 0.0385
13.8 -0.00693 -0.000141 -0.0377 0.0384
13.9 -0.00688 -0.000141 -0.0375 0.0381
14.0 -0.00682 -0.000141 -0.0373 0.0379
14.1 -0.00677 -0.00014 -0.037 0.0377
14.2 -0.00673 -0.00014 -0.0367 0.0373
14.3 -0.00668 -0.00014 -0.0365 0.0371
14.4 -0.00663 -0.00014 -0.0361 0.0367
14.5 -0.00658 -0.00014 -0.0358 0.0364
14.6 -0.00652 -0.00014 -0.0355 0.0361
14.7 -0.00646 -0.00014 -0.0351 0.0357
14.8 -0.00638 -0.00014 -0.0349 0.0355
14.9 -0.00628 -0.00014 -0.0346 0.0352
15.0 -0.00617 -0.00014 -0.0345 0.0351
15.1 -0.00604 -0.000141 -0.0345 0.035
15.2 -0.00589 -0.000141 -0.0346 0.0351
15.3 -0.00573 -0.000142 -0.0352 0.0357
15.4 -0.00555 -0.000142 -0.0367 0.0371
15.5 -0.00536 -0.000143 -0.0396 0.04
15.6 -0.00521 -0.000145 -0.0451 0.0454
15.7 -0.00523 -0.000151 -0.0541 0.0544
15.8 -0.00507 -0.000154 -0.0635 0.0638
15.9 -0.0936 -0.000316 0.206 0.226
16.0 -0.482 -0.000783 0.562 0.74
16.1 -1.19 -0.00137 1.01 1.55
16.2 -2.3 -0.00208 1.52 2.76
16.3 -3.94 -0.00292 2.09 4.47
16.4 -6.29 -0.00393 2.67 6.83
16.5 -9.57 -0.00519 3.14 10.1
16.6 -14.9 0.0258 3.77 15.4
16.7 -22.3 0.0649 4.62 22.8
16.8 -32.1 0.106 5.7 32.6
16.9 -45.3 0.151 7.06 45.8
17.0 -62.7 0.203 8.74 63.3
17.1 -85.8 0.263 10.8 86.5
17.2 -1.16e+02 0.335 13.3 1.17e+02
17.3 -1.57e+02 0.423 16.4 1.57e+02
17.4 -2.1e+02 0.53 20.1 2.11e+02
17.5 -2.79e+02 0.662 24.6 2.8e+02
17.6 -3.71e+02 0.825 30.1 3.72e+02
17.7 -4.92e+02 1.03 36.8 4.93e+02
17.8 -6.5e+02 1.28 44.9 6.52e+02
17.9 -8.58e+02 1.59 54.7 8.6e+02
18.0 -1.13e+03 1.98 66.6 1.13e+03
18.1 -1.49e+03 2.46 81.1 1.49e+03
18.2 -1.96e+03 3.07 98.5 1.96e+03
18.3 -2.57e+03 3.83 1.2e+02 2.57e+03
18.4 -3.37e+03 4.79 1.45e+02 3.37e+03
18.5 -4.42e+03 5.99 1.76e+02 4.43e+03
18.6 -5.8e+03 7.51 2.14e+02 5.8e+03
18.7 -7.59e+03 9.43 2.59e+02 7.6e+03
18.8 -9.94e+03 11.9 3.14e+02 9.95e+03
18.9 -1.3e+04 14.9 3.8e+02 1.3e+04
19.0 -1.7e+04 18.8 4.6e+02 1.7e+04
19.1 -2.23e+04 23.8 5.57e+02 2.23e+04
19.2 -2.91e+04 30.1 6.74e+02 2.92e+04
19.3 -3.81e+04 38.2 8.15e+02 3.81e+04
19.4 -4.98e+04 48.6 9.85e+02 4.98e+04
19.5 -6.51e+04 61.8 1.19e+03 6.51e+04
19.6 -8.51e+04 78.7 1.44e+03 8.52e+04
19.7 -1.11e+05 1.01e+02 1.74e+03 1.11e+05
19.8 -1.45e+05 1.28e+02 2.1e+03 1.45e+05
19.9 -1.9e+05 1.64e+02 2.54e+03 1.9e+05
20.0 -2.48e+05 2.11e+02 3.07e+03 2.48e+05
20.1 -3.25e+05 2.71e+02 3.71e+03 3.25e+05
20.2 -4.24e+05 3.48e+02 4.48e+03 4.24e+05
20.3 -5.54e+05 4.48e+02 5.41e+03 5.54e+05
20.4 -7.24e+05 5.77e+02 6.54e+03 7.24e+05
20.5 -9.46e+05 7.44e+02 7.9e+03 9.46e+05
20.6 -1.24e+06 9.6e+02 9.54e+03 1.24e+06
20.7 -1.61e+06 1.24e+03 1.15e+04 1.61e+06
20.8 -2.11e+06 1.6e+03 1.39e+04 2.11e+06
20.9 -2.76e+06 2.08e+03 1.68e+04 2.76e+06
21.0 -3.6e+06 2.69e+03 2.03e+04 3.6e+06
21.1 -4.7e+06 3.49e+03 2.45e+04 4.7e+06
21.2 -6.14e+06 4.52e+03 2.95e+04 6.14e+06
21.3 -8.02e+06 5.87e+03 3.56e+04 8.02e+06
21.4 -1.05e+07 7.63e+03 4.3e+04 1.05e+07
21.5 -1.37e+07 9.91e+03 5.19e+04 1.37e+07
21.6 -1.79e+07 1.29e+04 6.27e+04 1.79e+07
21.7 -2.34e+07 1.68e+04 7.57e+04 2.34e+07
21.8 -3.05e+07 2.18e+04 9.13e+04 3.05e+07
21.9 -3.99e+07 2.84e+04 1.1e+05 3.99e+07
22.0 -5.21e+07 3.69e+04 1.33e+05 5.21e+07
22.1 -6.81e+07 4.81e+04 1.6e+05 6.81e+07
22.2 -8.89e+07 6.27e+04 1.94e+05 8.89e+07
22.3 -1.16e+08 8.17e+04 2.34e+05 1.16e+08
22.4 -1.52e+08 1.06e+05 2.82e+05 1.52e+08
22.5 -1.98e+08 1.39e+05 3.4e+05 1.98e+08
22.6 -2.59e+08 1.81e+05 4.11e+05 2.59e+08
22.7 -3.38e+08 2.36e+05 4.96e+05 3.38e+08
22.8 -4.42e+08 3.08e+05 5.98e+05 4.42e+08
22.9 -5.77e+08 4.02e+05 7.21e+05 5.77e+08
23.0 -7.54e+08 5.25e+05 8.71e+05 7.54e+08
23.1 -9.85e+08 6.85e+05 1.05e+06 9.85e+08
23.2 -1.29e+09 8.94e+05 1.27e+06 1.29e+09
23.3 -1.68e+09 1.17e+06 1.53e+06 1.68e+09
23.4 -2.2e+09 1.52e+06 1.84e+06 2.2e+09
23.5 -2.87e+09 1.99e+06 2.23e+06 2.87e+09
23.6 -3.75e+09 2.6e+06 2.69e+06 3.75e+09
23.7 -4.9e+09 3.39e+06 3.24e+06 4.9e+09
23.8 -6.39e+09 4.43e+06 3.91e+06 6.39e+09
23.9 -8.35e+09 5.79e+06 4.72e+06 8.35e+09
24.0 -1.09e+10 7.56e+06 5.69e+06 1.09e+10
24.1 -1.43e+10 9.88e+06 6.87e+06 1.43e+10
24.2 -1.86e+10 1.29e+07 8.28e+06 1.86e+10
24.3 -2.43e+10 1.69e+07 9.99e+06 2.43e+10
24.4 -3.18e+10 2.2e+07 1.21e+07 3.18e+10
24.5 -4.15e+10 2.88e+07 1.45e+07 4.15e+10
24.6 -5.42e+10 3.76e+07 1.75e+07 5.42e+10
24.7 -7.08e+10 4.92e+07 2.12e+07 7.08e+10
24.8 -9.25e+10 6.42e+07 2.55e+07 9.25e+10
24.9 -1.21e+11 8.39e+07 3.08e+07 1.21e+11
25.0 -1.58e+11 1.1e+08 3.72e+07 1.58e+11
25.1 -2.06e+11 1.43e+08 4.48e+07 2.06e+11
25.2 -2.69e+11 1.87e+08 5.41e+07 2.69e+11
25.3 -3.52e+11 2.45e+08 6.53e+07 3.52e+11
25.4 -4.6e+11 3.2e+08 7.87e+07 4.6e+11
25.5 -6.01e+11 4.18e+08 9.5e+07 6.01e+11
25.6 -7.85e+11 5.47e+08 1.15e+08 7.85e+11
25.7 -1.03e+12 7.14e+08 1.38e+08 1.03e+12
25.8 -1.34e+12 9.34e+08 1.67e+08 1.34e+12
25.9 -1.75e+12 1.22e+09 2.01e+08 1.75e+12
26.0 -2.29e+12 1.59e+09 2.43e+08 2.29e+12
26.1 -2.99e+12 2.08e+09 2.93e+08 2.99e+12
26.2 -3.9e+12 2.72e+09 3.53e+08 3.9e+12
26.3 -5.09e+12 3.56e+09 4.26e+08 5.09e+12
26.4 -6.66e+12 4.65e+09 5.14e+08 6.66e+12
26.5 -8.69e+12 6.08e+09 6.2e+08 8.69e+12
26.6 -1.14e+13 7.95e+09 7.48e+08 1.14e+13
26.7 -1.48e+13 1.04e+10 9.03e+08 1.48e+13
26.8 -1.94e+13 1.36e+10 1.09e+09 1.94e+13
26.9 -2.53e+13 1.77e+10 1.31e+09 2.53e+13
27.0 -3.31e+13 2.32e+10 1.59e+09 3.31e+13
27.1 -4.32e+13 3.03e+10 1.91e+09 4.32e+13
27.2 -5.64e+13 3.96e+10 2.31e+09 5.64e+13
27.3 -7.37e+13 5.18e+10 2.78e+09 7.37e+13
27.4 -9.63e+13 6.77e+10 3.36e+09 9.63e+13
27.5 -1.26e+14 8.85e+10 4.05e+09 1.26e+14
27.6 -1.64e+14 1.16e+11 4.89e+09 1.64e+14
27.7 -2.15e+14 1.51e+11 5.89e+09 2.15e+14
27.8 -2.8e+14 1.98e+11 7.11e+09 2.8e+14
27.9 -3.66e+14 2.58e+11 8.58e+09 3.66e+14
28.0 -4.79e+14 3.38e+11 1.03e+10 4.79e+14
28.1 -6.25e+14 4.41e+11 1.25e+10 6.25e+14
28.2 -8.17e+14 5.77e+11 1.51e+10 8.17e+14
28.3 -1.07e+15 7.54e+11 1.82e+10 1.07e+15
28.4 -1.39e+15 9.85e+11 2.19e+10 1.39e+15
28.5 -1.82e+15 1.29e+12 2.64e+10 1.82e+15
28.6 -2.38e+15 1.68e+12 3.19e+10 2.38e+15
28.7 -3.11e+15 2.2e+12 3.85e+10 3.11e+15
28.8 -4.06e+15 2.87e+12 4.64e+10 4.06e+15
28.9 -5.3e+15 3.76e+12 5.6e+10 5.3e+15
29.0 -6.93e+15 4.91e+12 6.76e+10 6.93e+15
29.1 -9.05e+15 6.42e+12 8.15e+10 9.05e+15
29.2 -1.18e+16 8.39e+12 9.83e+10 1.18e+16
29.3 -1.54e+16 1.1e+13 1.19e+11 1.54e+16
29.4 -2.02e+16 1.43e+13 1.43e+11 2.02e+16
29.5 -2.64e+16 1.87e+13 1.73e+11 2.64e+16
29.6 -3.44e+16 2.45e+13 2.08e+11 3.44e+16
29.7 -4.5e+16 3.2e+13 2.51e+11 4.5e+16
29.8 -5.87e+16 4.18e+13 3.03e+11 5.87e+16
29.9 -7.67e+16 5.46e+13 3.66e+11 7.67e+16
30.0 -1e+17 7.14e+13 4.41e+11 1e+17
30.1 -1.31e+17 9.33e+13 5.32e+11 1.31e+17
30.2 -1.71e+17 1.22e+14 6.42e+11 1.71e+17
30.3 -2.23e+17 1.59e+14 7.74e+11 2.23e+17
30.4 -2.92e+17 2.08e+14 9.34e+11 2.92e+17
30.5 -3.81e+17 2.72e+14 1.13e+12 3.81e+17
30.6 -4.98e+17 3.56e+14 1.36e+12 4.98e+17
30.7 -6.51e+17 4.65e+14 1.64e+12 6.51e+17
30.8 -8.5e+17 6.08e+14 1.98e+12 8.5e+17
30.9 -1.11e+18 7.95e+14 2.39e+12 1.11e+18
31.0 -1.45e+18 1.04e+15 2.88e+12 1.45e+18
31.1 -1.9e+18 1.36e+15 3.47e+12 1.9e+18
31.2 -2.48e+18 1.77e+15 4.19e+12 2.48e+18
31.3 -3.23e+18 2.32e+15 5.05e+12 3.23e+18
31.4 -4.22e+18 3.03e+15 6.1e+12 4.22e+18
31.5 -5.52e+18 3.96e+15 7.36e+12 5.52e+18
31.6 -7.21e+18 5.18e+15 8.87e+12 7.21e+18
31.7 -9.42e+18 6.76e+15 1.07e+13 9.42e+18
31.8 -1.23e+19 8.84e+15 1.29e+13 1.23e+19
31.9 -1.61e+19 1.16e+16 1.56e+13 1.61e+19
32.0 -2.1e+19 1.51e+16 1.88e+13 2.1e+19
32.1 -2.74e+19 1.97e+16 2.27e+13 2.74e+19
32.2 -3.58e+19 2.58e+16 2.73e+13 3.58e+19
32.3 -4.68e+19 3.37e+16 3.3e+13 4.68e+19
32.4 -6.11e+19 4.41e+16 3.98e+13 6.11e+19
32.5 -7.99e+19 5.76e+16 4.8e+13 7.99e+19
32.6 -1.04e+20 7.52e+16 5.79e+13 1.04e+20
32.7 -1.36e+20 9.83e+16 6.99e+13 1.36e+20
32.8 -1.78e+20 1.29e+17 8.43e+13 1.78e+20
32.9 -2.33e+20 1.68e+17 1.02e+14 2.33e+20
33.0 -3.04e+20 2.19e+17 1.23e+14 3.04e+20
33.1 -3.97e+20 2.87e+17 1.48e+14 3.97e+20
33.2 -5.18e+20 3.75e+17 1.79e+14 5.18e+20
33.3 -6.77e+20 4.9e+17 2.15e+14 6.77e+20
33.4 -8.85e+20 6.4e+17 2.6e+14 8.85e+20
33.5 -1.16e+21 8.37e+17 3.13e+14 1.16e+21
33.6 -1.51e+21 1.09e+18 3.78e+14 1.51e+21
33.7 -1.97e+21 1.43e+18 4.56e+14 1.97e+21
33.8 -2.58e+21 1.87e+18 5.5e+14 2.58e+21
33.9 -3.37e+21 2.44e+18 6.64e+14 3.37e+21
34.0 -4.4e+21 3.19e+18 8.01e+14 4.4e+21
34.1 -5.74e+21 4.17e+18 9.66e+14 5.74e+21
34.2 -7.5e+21 5.45e+18 1.17e+15 7.5e+21
34.3 -9.8e+21 7.12e+18 1.41e+15 9.8e+21
34.4 -1.28e+22 9.3e+18 1.7e+15 1.28e+22
34.5 -1.67e+22 1.22e+19 2.05e+15 1.67e+22
34.6 -2.19e+22 1.59e+19 2.47e+15 2.19e+22
34.7 -2.85e+22 2.08e+19 2.98e+15 2.85e+22
34.8 -3.73e+22 2.71e+19 3.59e+15 3.73e+22
34.9 -4.87e+22 3.55e+19 4.33e+15 4.87e+22
35.0 -6.36e+22 4.63e+19 5.23e+15 6.36e+22
35.1 -8.31e+22 6.06e+19 6.31e+15 8.31e+22
35.2 -1.09e+23 7.91e+19 7.61e+15 1.09e+23
35.3 -1.42e+23 1.03e+20 9.18e+15 1.42e+23
35.4 -1.85e+23 1.35e+20 1.11e+16 1.85e+23
35.5 -2.42e+23 1.77e+20 1.34e+16 2.42e+23
35.6 -3.16e+23 2.31e+20 1.61e+16 3.16e+23
35.7 -4.13e+23 3.02e+20 1.94e+16 4.13e+23
35.8 -5.4e+23 3.94e+20 2.34e+16 5.4e+23
35.9 -7.05e+23 5.15e+20 2.83e+16 7.05e+23
36.0 -9.21e+23 6.73e+20 3.41e+16 9.21e+23
36.1 -1.2e+24 8.8e+20 4.12e+16 1.2e+24
36.2 -1.57e+24 1.15e+21 4.97e+16 1.57e+24
36.3 -2.05e+24 1.5e+21 5.99e+16 2.05e+24
36.4 -2.68e+24 1.96e+21 7.23e+16 2.68e+24
36.5 -3.5e+24 2.57e+21 8.72e+16 3.5e+24
36.6 -4.58e+24 3.35e+21 1.05e+17 4.58e+24
36.7 -5.98e+24 4.38e+21 1.27e+17 5.98e+24
36.8 -7.81e+24 5.73e+21 1.53e+17 7.81e+24
36.9 -1.02e+25 7.48e+21 1.85e+17 1.02e+25
37.0 -1.33e+25 9.78e+21 2.23e+17 1.33e+25
37.1 -1.74e+25 1.28e+22 2.69e+17 1.74e+25
37.2 -2.27e+25 1.67e+22 3.24e+17 2.27e+25
37.3 -2.97e+25 2.18e+22 3.91e+17 2.97e+25
37.4 -3.88e+25 2.85e+22 4.72e+17 3.88e+25
37.5 -5.07e+25 3.73e+22 5.69e+17 5.07e+25
37.6 -6.62e+25 4.87e+22 6.87e+17 6.62e+25
37.7 -8.65e+25 6.36e+22 8.28e+17 8.65e+25
37.8 -1.13e+26 8.32e+22 9.99e+17 1.13e+26
37.9 -1.48e+26 1.09e+23 1.21e+18 1.48e+26
38.0 -1.93e+26 1.42e+23 1.45e+18 1.93e+26
38.1 -2.52e+26 1.86e+23 1.75e+18 2.52e+26
38.2 -3.29e+26 2.42e+23 2.12e+18 3.29e+26
38.3 -4.3e+26 3.17e+23 2.55e+18 4.3e+26
38.4 -5.62e+26 4.14e+23 3.08e+18 5.62e+26
38.5 -7.34e+26 5.41e+23 3.72e+18 7.34e+26
38.6 -9.58e+26 7.07e+23 4.48e+18 9.58e+26
38.7 -1.25e+27 9.24e+23 5.41e+18 1.25e+27
38.8 -1.64e+27 1.21e+24 6.52e+18 1.64e+27
38.9 -2.14e+27 1.58e+24 7.87e+18 2.14e+27
39.0 -2.79e+27 2.06e+24 9.49e+18 2.79e+27
39.1 -3.65e+27 2.69e+24 1.15e+19 3.65e+27
39.2 -4.76e+27 3.52e+24 1.38e+19 4.76e+27
39.3 -6.22e+27 4.6e+24 1.67e+19 6.22e+27
39.4 -8.13e+27 6.01e+24 2.01e+19 8.13e+27
39.5 -1.06e+28 7.86e+24 2.43e+19 1.06e+28
39.6 -1.39e+28 1.03e+25 2.93e+19 1.39e+28
39.7 -1.81e+28 1.34e+25 3.53e+19 1.81e+28
39.8 -2.37e+28 1.75e+25 4.26e+19 2.37e+28
39.9 -3.09e+28 2.29e+25 5.14e+19 3.09e+28
40.0 -4.04e+28 2.99e+25 6.2e+19 4.04e+28
40.1 -5.28e+28 3.91e+25 7.48e+19 5.28e+28
40.2 -6.89e+28 5.11e+25 9.02e+19 6.89e+28
40.3 -9e+28 6.68e+25 1.09e+20 9e+28
40.4 -1.18e+29 8.73e+25 1.31e+20 1.18e+29
40.5 -1.54e+29 1.14e+26 1.58e+20 1.54e+29
40.6 -2.01e+29 1.49e+26 1.91e+20 2.01e+29
40.7 -2.62e+29 1.95e+26 2.3e+20 2.62e+29
40.8 -3.43e+29 2.54e+26 2.78e+20 3.43e+29
40.9 -4.47e+29 3.32e+26 3.35e+20 4.47e+29
41.0 -5.85e+29 4.34e+26 4.05e+20 5.85e+29
41.1 -7.64e+29 5.68e+26 4.88e+20 7.64e+29
41.2 -9.97e+29 7.42e+26 5.89e+20 9.97e+29
41.3 -1.3e+30 9.69e+26 7.1e+20 1.3e+30
41.4 -1.7e+30 1.27e+27 8.57e+20 1.7e+30
41.5 -2.22e+30 1.65e+27 1.03e+21 2.22e+30
41.6 -2.9e+30 2.16e+27 1.25e+21 2.9e+30
41.7 -3.79e+30 2.83e+27 1.5e+21 3.79e+30
41.8 -4.96e+30 3.69e+27 1.81e+21 4.96e+30
41.9 -6.48e+30 4.82e+27 2.19e+21 6.48e+30
42.0 -8.46e+30 6.3e+27 2.64e+21 8.46e+30
42.1 -1.11e+31 8.24e+27 3.19e+21 1.11e+31
42.2 -1.44e+31 1.08e+28 3.84e+21 1.44e+31
42.3 -1.89e+31 1.41e+28 4.64e+21 1.89e+31
42.4 -2.46e+31 1.84e+28 5.59e+21 2.46e+31
42.5 -3.22e+31 2.4e+28 6.75e+21 3.22e+31
42.6 -4.2e+31 3.14e+28 8.14e+21 4.2e+31
42.7 -5.49e+31 4.1e+28 9.82e+21 5.49e+31
42.8 -7.17e+31 5.36e+28 1.18e+22 7.17e+31
42.9 -9.37e+31 7e+28 1.43e+22 9.37e+31
43.0 -1.22e+32 9.15e+28 1.72e+22 1.22e+32
43.1 -1.6e+32 1.2e+29 2.08e+22 1.6e+32
43.2 -2.09e+32 1.56e+29 2.51e+22 2.09e+32
43.3 -2.73e+32 2.04e+29 3.03e+22 2.73e+32
43.4 -3.56e+32 2.67e+29 3.65e+22 3.56e+32
43.5 -4.66e+32 3.48e+29 4.4e+22 4.66e+32
43.6 -6.08e+32 4.55e+29 5.31e+22 6.08e+32
43.7 -7.95e+32 5.95e+29 6.41e+22 7.95e+32
43.8 -1.04e+33 7.77e+29 7.73e+22 1.04e+33
43.9 -1.36e+33 1.02e+30 9.33e+22 1.36e+33
44.0 -1.77e+33 1.33e+30 1.13e+23 1.77e+33
44.1 -2.31e+33 1.73e+30 1.36e+23 2.31e+33
44.2 -3.02e+33 2.27e+30 1.64e+23 3.02e+33
44.3 -3.95e+33 2.96e+30 1.98e+23 3.95e+33
44.4 -5.16e+33 3.87e+30 2.38e+23 5.16e+33
44.5 -6.74e+33 5.06e+30 2.88e+23 6.74e+33
44.6 -8.8e+33 6.61e+30 3.47e+23 8.8e+33
44.7 -1.15e+34 8.63e+30 4.18e+23 1.15e+34
44.8 -1.5e+34 1.13e+31 5.05e+23 1.5e+34
44.9 -1.96e+34 1.47e+31 6.09e+23 1.96e+34
45.0 -2.56e+34 1.93e+31 7.35e+23 2.56e+34
45.1 -3.35e+34 2.52e+31 8.86e+23 3.35e+34
45.2 -4.38e+34 3.29e+31 1.07e+24 4.38e+34
45.3 -5.72e+34 4.3e+31 1.29e+24 5.72e+34
45.4 -7.47e+34 5.61e+31 1.56e+24 7.47e+34
45.5 -9.75e+34 7.33e+31 1.88e+24 9.75e+34
45.6 -1.27e+35 9.58e+31 2.26e+24 1.27e+35
45.7 -1.66e+35 1.25e+32 2.73e+24 1.66e+35
45.8 -2.17e+35 1.64e+32 3.29e+24 2.17e+35
45.9 -2.84e+35 2.14e+32 3.97e+24 2.84e+35
46.0 -3.71e+35 2.79e+32 4.8e+24 3.71e+35
46.1 -4.85e+35 3.65e+32 5.78e+24 4.85e+35
46.2 -6.33e+35 4.77e+32 6.98e+24 6.33e+35
46.3 -8.27e+35 6.23e+32 8.42e+24 8.27e+35
46.4 -1.08e+36 8.14e+32 1.02e+25 1.08e+36
46.5 -1.41e+36 1.06e+33 1.23e+25 1.41e+36
46.6 -1.84e+36 1.39e+33 1.48e+25 1.84e+36
46.7 -2.41e+36 1.82e+33 1.78e+25 2.41e+36
46.8 -3.15e+36 2.37e+33 2.15e+25 3.15e+36
46.9 -4.11e+36 3.1e+33 2.59e+25 4.11e+36
47.0 -5.37e+36 4.05e+33 3.13e+25 5.37e+36
47.1 -7.01e+36 5.29e+33 3.78e+25 7.01e+36
47.2 -9.16e+36 6.92e+33 4.56e+25 9.16e+36
47.3 -1.2e+37 9.04e+33 5.5e+25 1.2e+37
47.4 -1.56e+37 1.18e+34 6.63e+25 1.56e+37
47.5 -2.04e+37 1.54e+34 8e+25 2.04e+37
47.6 -2.67e+37 2.02e+34 9.65e+25 2.67e+37
47.7 -3.49e+37 2.63e+34 1.16e+26 3.49e+37
47.8 -4.55e+37 3.44e+34 1.4e+26 4.55e+37
47.9 -5.95e+37 4.5e+34 1.69e+26 5.95e+37
48.0 -7.77e+37 5.87e+34 2.04e+26 7.77e+37
48.1 -1.02e+38 7.68e+34 2.46e+26 1.02e+38
48.2 -1.33e+38 1e+35 2.97e+26 1.33e+38
48.3 -1.73e+38 1.31e+35 3.59e+26 1.73e+38
48.4 -2.26e+38 1.71e+35 4.33e+26 2.26e+38
48.5 -2.96e+38 2.24e+35 5.22e+26 2.96e+38
48.6 -3.86e+38 2.92e+35 6.3e+26 3.86e+38
48.7 -5.04e+38 3.82e+35 7.6e+26 5.04e+38
48.8 -6.59e+38 4.99e+35 9.17e+26 6.59e+38
48.9 -8.61e+38 6.52e+35 1.11e+27 8.61e+38
49.0 -1.12e+39 8.52e+35 1.33e+27 1.12e+39
49.1 -1.47e+39 1.11e+36 1.61e+27 1.47e+39
49.2 -1.92e+39 1.45e+36 1.94e+27 1.92e+39
49.3 -2.51e+39 1.9e+36 2.34e+27 2.51e+39
49.4 -3.27e+39 2.48e+36 2.82e+27 3.27e+39
49.5 -4.28e+39 3.24e+36 3.41e+27 4.28e+39
49.6 -5.59e+39 4.24e+36 4.11e+27 5.59e+39
49.7 -7.3e+39 5.54e+36 4.96e+27 7.3e+39
49.8 -9.54e+39 7.24e+36 5.98e+27 9.54e+39
49.9 -1.25e+40 9.45e+36 7.22e+27 1.25e+40
