0.0 3.5 -0.000151 -0.0155
0.1 3.5 -0.000597 -0.0591
0.2 3.5 -0.00136 -0.125
0.3 3.5 -0.00251 -0.207
0.4 3.5 -0.00442 -0.293
0.5 3.5 -0.00779 -0.378
0.6 3.5 -0.0121 -0.453
0.7 3.5 -0.0165 -0.519
0.8 3.5 -0.0206 -0.573
0.9 3.5 -0.0246 -0.618
1.0 3.5 -0.0283 -0.652
1.1 3.5 -0.0319 -0.678
1.2 3.5 -0.0353 -0.696
1.3 3.5 -0.0385 -0.707
1.4 3.5 -0.0414 -0.711
1.5 3.5 -0.0443 -0.709
1.6 3.5 -0.0469 -0.702
1.7 3.5 -0.0494 -0.691
1.8 3.5 -0.0517 -0.675
1.9 3.5 -0.0539 -0.655
2.0 3.5 -0.0559 -0.632
2.1 3.5 -0.0579 -0.607
2.2 3.5 -0.0597 -0.579
2.3 3.5 -0.0614 -0.549
2.4 3.5 -0.0629 -0.518
2.5 3.5 -0.0644 -0.486
2.6 3.5 -0.0658 -0.454
2.7 3.5 -0.0671 -0.423
2.8 3.5 -0.0684 -0.393
2.9 3.5 -0.0695 -0.366
3.0 3.5 -0.0706 -0.343
3.1 3.5 -0.0716 -0.324
3.2 3.5 -0.0726 -0.311
3.3 3.5 -0.0735 -0.304
3.4 3.5 -0.0743 -0.302
3.5 3.5 -0.0751 -0.306
3.6 3.5 -0.0759 -0.314
3.7 3.5 -0.0766 -0.326
3.8 3.5 -0.0772 -0.34
3.9 3.5 -0.0779 -0.355
4.0 3.5 -0.0785 -0.37
4.1 3.5 -0.079 -0.384
4.2 3.5 -0.0796 -0.396
4.3 3.5 -0.0801 -0.407
4.4 3.5 -0.0806 -0.416
4.5 3.5 -0.0811 -0.422
4.6 3.5 -0.0816 -0.426
4.7 3.5 -0.082 -0.428
4.8 3.5 -0.0824 -0.427
4.9 3.5 -0.0829 -0.425
5.0 3.5 -0.0833 -0.422
5.1 3.5 -0.0837 -0.417
5.2 3.5 -0.084 -0.411
5.3 3.5 -0.0844 -0.405
5.4 3.5 -0.0848 -0.398
5.5 3.5 -0.0852 -0.391
5.6 3.5 -0.0855 -0.385
5.7 3.5 -0.0859 -0.379
5.8 3.5 -0.0862 -0.374
5.9 3.5 -0.0865 -0.37
6.0 3.5 -0.0869 -0.367
6.1 3.5 -0.0872 -0.365
6.2 3.5 -0.0876 -0.365
6.3 3.5 -0.0879 -0.365
6.4 3.5 -0.0882 -0.366
6.5 3.5 -0.0886 -0.368
6.6 3.5 -0.0889 -0.371
6.7 3.5 -0.0892 -0.374
6.8 3.5 -0.0895 -0.377
6.9 3.5 -0.0899 -0.38
7.0 3.5 -0.0902 -0.383
7.1 3.5 -0.0906 -0.386
7.2 3.5 -0.0909 -0.388
7.3 3.5 -0.0912 -0.39
7.4 3.5 -0.0916 -0.391
7.5 3.5 -0.0919 -0.392
7.6 3.5 -0.0923 -0.392
7.7 3.5 -0.0926 -0.392
7.8 3.5 -0.093 -0.391
7.9 3.5 -0.0933 -0.391
8.0 3.5 -0.0937 -0.389
8.1 3.5 -0.094 -0.388
8.2 3.5 -0.0944 -0.387
8.3 3.5 -0.0948 -0.385
8.4 3.5 -0.0951 -0.384
8.5 3.5 -0.0955 -0.383
8.6 3.5 -0.0959 -0.382
8.7 3.5 -0.0962 -0.381
8.8 3.5 -0.0966 -0.38
8.9 3.5 -0.097 -0.379
9.0 3.5 -0.0974 -0.379
9.1 3.5 -0.0978 -0.379
9.2 3.5 -0.0982 -0.379
9.3 3.5 -0.0985 -0.38
9.4 3.5 -0.0989 -0.38
9.5 3.5 -0.0993 -0.381
9.6 3.5 -0.0997 -0.381
9.7 3.5 -0.1 -0.382
9.8 3.5 -0.101 -0.383
9.9 3.5 -0.101 -0.383
10.0 3.5 -0.101 -0.384
10.1 3.5 -0.102 -0.384
10.2 3.5 -0.102 -0.385
10.3 3.5 -0.103 -0.385
10.4 3.5 -0.103 -0.385
10.5 3.5 -0.103 -0.385
10.6 3.49 -0.104 -0.385
10.7 3.49 -0.104 -0.385
10.8 3.49 -0.105 -0.385
10.9 3.49 -0.105 -0.384
11.0 3.49 -0.105 -0.384
11.1 3.49 -0.106 -0.384
11.2 3.49 -0.106 -0.384
11.3 3.49 -0.106 -0.383
11.4 3.49 -0.107 -0.383
11.5 3.49 -0.107 -0.383
11.6 3.49 -0.108 -0.383
11.7 3.49 -0.108 -0.382
11.8 3.49 -0.108 -0.382
11.9 3.49 -0.109 -0.382
12.0 3.49 -0.109 -0.382
12.1 3.49 -0.11 -0.382
12.2 3.49 -0.11 -0.383
12.3 3.49 -0.11 -0.383
12.4 3.49 -0.111 -0.383
12.5 3.49 -0.111 -0.383
12.6 3.49 -0.112 -0.383
12.7 3.49 -0.112 -0.383
12.8 3.49 -0.112 -0.383
12.9 3.49 -0.113 -0.383
13.0 3.49 -0.113 -0.384
13.1 3.49 -0.113 -0.384
13.2 3.49 -0.114 -0.384
13.3 3.49 -0.114 -0.384
13.4 3.49 -0.115 -0.384
13.5 3.49 -0.115 -0.384
13.6 3.49 -0.115 -0.384
13.7 3.49 -0.116 -0.384
13.8 3.49 -0.116 -0.383
13.9 3.49 -0.116 -0.383
14.0 3.49 -0.117 -0.383
14.1 3.49 -0.117 -0.383
14.2 3.49 -0.117 -0.383
14.3 3.49 -0.118 -0.383
14.4 3.49 -0.118 -0.383
14.5 3.49 -0.118 -0.383
14.6 3.49 -0.119 -0.383
14.7 3.49 -0.119 -0.383
14.8 3.49 -0.119 -0.383
14.9 3.49 -0.12 -0.383
15.0 3.49 -0.12 -0.383
15.1 3.49 -0.12 -0.383
15.2 3.49 -0.121 -0.383
15.3 3.49 -0.121 -0.383
15.4 3.49 -0.121 -0.383
15.5 3.49 -0.122 -0.383
15.6 3.49 -0.122 -0.383
15.7 3.49 -0.122 -0.383
15.8 3.49 -0.123 -0.383
15.9 3.49 -0.123 -0.383
16.0 3.49 -0.123 -0.383
16.1 3.49 -0.124 -0.383
16.2 3.49 -0.124 -0.383
16.3 3.49 -0.124 -0.383
16.4 3.49 -0.125 -0.383
16.5 3.49 -0.125 -0.383
16.6 3.52 -0.127 -0.387
16.7 3.69 -0.133 -0.407
16.8 4.05 -0.143 -0.449
16.9 4.67 -0.159 -0.519
17.0 5.65 -0.179 -0.623
17.1 7.13 -0.205 -0.769
17.2 9.27 -0.237 -0.967
17.3 12.3 -0.278 -1.23
17.4 16.5 -0.327 -1.57
17.5 22.3 -0.388 -2.02
17.6 30.2 -0.464 -2.58
17.7 40.9 -0.557 -3.29
17.8 55.3 -0.671 -4.19
17.9 74.5 -0.814 -5.31
18.0 1e+02 -0.991 -6.69
18.1 1.34e+02 -1.21 -8.41
18.2 1.79e+02 -1.49 -10.5
18.3 2.39e+02 -1.83 -13.2
18.4 3.18e+02 -2.27 -16.4
18.5 4.22e+02 -2.81 -20.3
18.6 5.58e+02 -3.5 -25.1
18.7 7.38e+02 -4.37 -31.1
18.8 9.74e+02 -5.48 -38.3
18.9 1.28e+03 -6.89 -47.1
19.0 1.69e+03 -8.68 -57.8
19.1 2.22e+03 -11.0 -70.9
19.2 2.92e+03 -13.9 -86.8
19.3 3.83e+03 -17.6 -1.06e+02
19.4 5.03e+03 -22.4 -1.3e+02
19.5 6.59e+03 -28.5 -1.58e+02
19.6 8.64e+03 -36.4 -1.93e+02
19.7 1.13e+04 -46.5 -2.35e+02
19.8 1.48e+04 -59.5 -2.86e+02
19.9 1.94e+04 -76.3 -3.48e+02
20.0 2.54e+04 -97.9 -4.23e+02
20.1 3.32e+04 -1.26e+02 -5.13e+02
20.2 4.34e+04 -1.62e+02 -6.23e+02
20.3 5.68e+04 -2.09e+02 -7.56e+02
20.4 7.43e+04 -2.69e+02 -9.17e+02
20.5 9.71e+04 -3.47e+02 -1.11e+03
20.6 1.27e+05 -4.49e+02 -1.35e+03
20.7 1.66e+05 -5.81e+02 -1.63e+03
20.8 2.17e+05 -7.51e+02 -1.98e+03
20.9 2.83e+05 -9.73e+02 -2.39e+03
21.0 3.7e+05 -1.26e+03 -2.9e+03
21.1 4.84e+05 -1.64e+03 -3.51e+03
21.2 6.32e+05 -2.12e+03 -4.24e+03
21.3 8.26e+05 -2.75e+03 -5.13e+03
21.4 1.08e+06 -3.58e+03 -6.21e+03
21.5 1.41e+06 -4.65e+03 -7.51e+03
21.6 1.84e+06 -6.04e+03 -9.08e+03
21.7 2.41e+06 -7.86e+03 -1.1e+04
21.8 3.14e+06 -1.02e+04 -1.33e+04
21.9 4.11e+06 -1.33e+04 -1.6e+04
22.0 5.37e+06 -1.73e+04 -1.94e+04
22.1 7.01e+06 -2.26e+04 -2.34e+04
22.2 9.16e+06 -2.94e+04 -2.83e+04
22.3 1.2e+07 -3.83e+04 -3.42e+04
22.4 1.56e+07 -4.99e+04 -4.13e+04
22.5 2.04e+07 -6.5e+04 -4.98e+04
22.6 2.67e+07 -8.48e+04 -6.02e+04
22.7 3.49e+07 -1.11e+05 -7.27e+04
22.8 4.55e+07 -1.44e+05 -8.78e+04
22.9 5.95e+07 -1.88e+05 -1.06e+05
23.0 7.77e+07 -2.45e+05 -1.28e+05
23.1 1.01e+08 -3.2e+05 -1.54e+05
23.2 1.33e+08 -4.18e+05 -1.86e+05
23.3 1.73e+08 -5.45e+05 -2.25e+05
23.4 2.26e+08 -7.11e+05 -2.72e+05
23.5 2.96e+08 -9.29e+05 -3.28e+05
23.6 3.86e+08 -1.21e+06 -3.96e+05
23.7 5.04e+08 -1.58e+06 -4.78e+05
23.8 6.59e+08 -2.07e+06 -5.77e+05
23.9 8.61e+08 -2.7e+06 -6.96e+05
24.0 1.12e+09 -3.52e+06 -8.4e+05
24.1 1.47e+09 -4.6e+06 -1.01e+06
24.2 1.92e+09 -6e+06 -1.22e+06
24.3 2.51e+09 -7.84e+06 -1.48e+06
24.4 3.27e+09 -1.02e+07 -1.78e+06
24.5 4.28e+09 -1.34e+07 -2.15e+06
24.6 5.59e+09 -1.75e+07 -2.6e+06
24.7 7.3e+09 -2.28e+07 -3.13e+06
24.8 9.54e+09 -2.98e+07 -3.78e+06
24.9 1.25e+10 -3.89e+07 -4.56e+06
25.0 1.63e+10 -5.08e+07 -5.5e+06
25.1 2.13e+10 -6.64e+07 -6.64e+06
25.2 2.78e+10 -8.67e+07 -8.01e+06
25.3 3.63e+10 -1.13e+08 -9.66e+06
25.4 4.74e+10 -1.48e+08 -1.17e+07
25.5 6.19e+10 -1.93e+08 -1.41e+07
25.6 8.09e+10 -2.53e+08 -1.7e+07
25.7 1.06e+11 -3.3e+08 -2.05e+07
25.8 1.38e+11 -4.31e+08 -2.47e+07
25.9 1.8e+11 -5.63e+08 -2.98e+07
26.0 2.36e+11 -7.35e+08 -3.6e+07
26.1 3.08e+11 -9.61e+08 -4.34e+07
26.2 4.02e+11 -1.26e+09 -5.24e+07
26.3 5.25e+11 -1.64e+09 -6.32e+07
26.4 6.86e+11 -2.14e+09 -7.62e+07
26.5 8.96e+11 -2.8e+09 -9.2e+07
26.6 1.17e+12 -3.66e+09 -1.11e+08
26.7 1.53e+12 -4.78e+09 -1.34e+08
26.8 2e+12 -6.24e+09 -1.61e+08
26.9 2.61e+12 -8.15e+09 -1.95e+08
27.0 3.41e+12 -1.07e+10 -2.35e+08
27.1 4.45e+12 -1.39e+10 -2.84e+08
27.2 5.82e+12 -1.82e+10 -3.42e+08
27.3 7.6e+12 -2.38e+10 -4.13e+08
27.4 9.93e+12 -3.1e+10 -4.98e+08
27.5 1.3e+13 -4.05e+10 -6.01e+08
27.6 1.69e+13 -5.3e+10 -7.25e+08
27.7 2.21e+13 -6.92e+10 -8.74e+08
27.8 2.89e+13 -9.04e+10 -1.05e+09
27.9 3.78e+13 -1.18e+11 -1.27e+09
28.0 4.93e+13 -1.54e+11 -1.53e+09
28.1 6.44e+13 -2.02e+11 -1.85e+09
28.2 8.42e+13 -2.63e+11 -2.23e+09
28.3 1.1e+14 -3.44e+11 -2.69e+09
28.4 1.44e+14 -4.5e+11 -3.25e+09
28.5 1.88e+14 -5.87e+11 -3.92e+09
28.6 2.45e+14 -7.67e+11 -4.73e+09
28.7 3.2e+14 -1e+12 -5.71e+09
28.8 4.18e+14 -1.31e+12 -6.89e+09
28.9 5.46e+14 -1.71e+12 -8.31e+09
29.0 7.14e+14 -2.24e+12 -1e+10
29.1 9.32e+14 -2.92e+12 -1.21e+10
29.2 1.22e+15 -3.82e+12 -1.46e+10
29.3 1.59e+15 -4.99e+12 -1.76e+10
29.4 2.08e+15 -6.51e+12 -2.12e+10
29.5 2.72e+15 -8.51e+12 -2.56e+10
29.6 3.55e+15 -1.11e+13 -3.09e+10
29.7 4.63e+15 -1.45e+13 -3.73e+10
29.8 6.05e+15 -1.9e+13 -4.5e+10
29.9 7.91e+15 -2.48e+13 -5.42e+10
30.0 1.03e+16 -3.24e+13 -6.54e+10
30.1 1.35e+16 -4.23e+13 -7.89e+10
30.2 1.76e+16 -5.53e+13 -9.52e+10
30.3 2.3e+16 -7.22e+13 -1.15e+11
30.4 3.01e+16 -9.44e+13 -1.39e+11
30.5 3.93e+16 -1.23e+14 -1.67e+11
30.6 5.13e+16 -1.61e+14 -2.02e+11
30.7 6.71e+16 -2.1e+14 -2.43e+11
30.8 8.76e+16 -2.75e+14 -2.93e+11
30.9 1.14e+17 -3.59e+14 -3.54e+11
31.0 1.49e+17 -4.69e+14 -4.27e+11
31.1 1.95e+17 -6.13e+14 -5.15e+11
31.2 2.55e+17 -8.01e+14 -6.22e+11
31.3 3.33e+17 -1.05e+15 -7.5e+11
31.4 4.35e+17 -1.37e+15 -9.05e+11
31.5 5.69e+17 -1.79e+15 -1.09e+12
31.6 7.43e+17 -2.33e+15 -1.32e+12
31.7 9.7e+17 -3.05e+15 -1.59e+12
31.8 1.27e+18 -3.98e+15 -1.92e+12
31.9 1.66e+18 -5.21e+15 -2.31e+12
32.0 2.16e+18 -6.8e+15 -2.79e+12
32.1 2.83e+18 -8.88e+15 -3.36e+12
32.2 3.69e+18 -1.16e+16 -4.06e+12
32.3 4.82e+18 -1.52e+16 -4.9e+12
32.4 6.3e+18 -1.98e+16 -5.91e+12
32.5 8.23e+18 -2.59e+16 -7.12e+12
32.6 1.08e+19 -3.38e+16 -8.59e+12
32.7 1.4e+19 -4.42e+16 -1.04e+13
32.8 1.83e+19 -5.77e+16 -1.25e+13
32.9 2.4e+19 -7.54e+16 -1.51e+13
33.0 3.13e+19 -9.85e+16 -1.82e+13
33.1 4.09e+19 -1.29e+17 -2.2e+13
33.2 5.34e+19 -1.68e+17 -2.65e+13
33.3 6.98e+19 -2.2e+17 -3.2e+13
33.4 9.12e+19 -2.87e+17 -3.85e+13
33.5 1.19e+20 -3.75e+17 -4.65e+13
33.6 1.56e+20 -4.9e+17 -5.61e+13
33.7 2.03e+20 -6.4e+17 -6.77e+13
33.8 2.66e+20 -8.36e+17 -8.16e+13
33.9 3.47e+20 -1.09e+18 -9.85e+13
34.0 4.53e+20 -1.43e+18 -1.19e+14
34.1 5.92e+20 -1.86e+18 -1.43e+14
34.2 7.73e+20 -2.44e+18 -1.73e+14
34.3 1.01e+21 -3.18e+18 -2.09e+14
34.4 1.32e+21 -4.16e+18 -2.52e+14
34.5 1.72e+21 -5.43e+18 -3.04e+14
34.6 2.25e+21 -7.1e+18 -3.66e+14
34.7 2.94e+21 -9.27e+18 -4.42e+14
34.8 3.84e+21 -1.21e+19 -5.33e+14
34.9 5.02e+21 -1.58e+19 -6.43e+14
35.0 6.56e+21 -2.07e+19 -7.76e+14
35.1 8.57e+21 -2.7e+19 -9.36e+14
35.2 1.12e+22 -3.53e+19 -1.13e+15
35.3 1.46e+22 -4.61e+19 -1.36e+15
35.4 1.91e+22 -6.02e+19 -1.64e+15
35.5 2.49e+22 -7.87e+19 -1.98e+15
35.6 3.26e+22 -1.03e+20 -2.39e+15
35.7 4.26e+22 -1.34e+20 -2.88e+15
35.8 5.56e+22 -1.75e+20 -3.48e+15
35.9 7.26e+22 -2.29e+20 -4.2e+15
36.0 9.49e+22 -3e+20 -5.06e+15
36.1 1.24e+23 -3.91e+20 -6.11e+15
36.2 1.62e+23 -5.11e+20 -7.37e+15
36.3 2.12e+23 -6.68e+20 -8.89e+15
36.4 2.76e+23 -8.73e+20 -1.07e+16
36.5 3.61e+23 -1.14e+21 -1.29e+16
36.6 4.72e+23 -1.49e+21 -1.56e+16
36.7 6.16e+23 -1.95e+21 -1.88e+16
36.8 8.05e+23 -2.54e+21 -2.27e+16
36.9 1.05e+24 -3.32e+21 -2.74e+16
37.0 1.37e+24 -4.34e+21 -3.31e+16
37.1 1.79e+24 -5.67e+21 -3.99e+16
37.2 2.34e+24 -7.41e+21 -4.81e+16
37.3 3.06e+24 -9.67e+21 -5.8e+16
37.4 4e+24 -1.26e+22 -7e+16
37.5 5.22e+24 -1.65e+22 -8.44e+16
37.6 6.82e+24 -2.16e+22 -1.02e+17
37.7 8.91e+24 -2.82e+22 -1.23e+17
37.8 1.16e+25 -3.68e+22 -1.48e+17
37.9 1.52e+25 -4.81e+22 -1.79e+17
38.0 1.99e+25 -6.28e+22 -2.16e+17
38.1 2.6e+25 -8.21e+22 -2.6e+17
38.2 3.39e+25 -1.07e+23 -3.14e+17
38.3 4.43e+25 -1.4e+23 -3.79e+17
38.4 5.79e+25 -1.83e+23 -4.57e+17
38.5 7.56e+25 -2.39e+23 -5.51e+17
38.6 9.88e+25 -3.12e+23 -6.65e+17
38.7 1.29e+26 -4.08e+23 -8.02e+17
38.8 1.69e+26 -5.33e+23 -9.68e+17
38.9 2.2e+26 -6.97e+23 -1.17e+18
39.0 2.88e+26 -9.1e+23 -1.41e+18
39.1 3.76e+26 -1.19e+24 -1.7e+18
39.2 4.91e+26 -1.55e+24 -2.05e+18
39.3 6.41e+26 -2.03e+24 -2.47e+18
39.4 8.38e+26 -2.65e+24 -2.98e+18
39.5 1.09e+27 -3.46e+24 -3.6e+18
39.6 1.43e+27 -4.53e+24 -4.34e+18
39.7 1.87e+27 -5.91e+24 -5.24e+18
39.8 2.44e+27 -7.72e+24 -6.32e+18
39.9 3.19e+27 -1.01e+25 -7.62e+18
40.0 4.16e+27 -1.32e+25 -9.19e+18
40.1 5.44e+27 -1.72e+25 -1.11e+19
40.2 7.1e+27 -2.25e+25 -1.34e+19
40.3 9.28e+27 -2.94e+25 -1.61e+19
40.4 1.21e+28 -3.84e+25 -1.95e+19
40.5 1.58e+28 -5.02e+25 -2.35e+19
40.6 2.07e+28 -6.55e+25 -2.83e+19
40.7 2.7e+28 -8.56e+25 -3.42e+19
40.8 3.53e+28 -1.12e+26 -4.12e+19
40.9 4.61e+28 -1.46e+26 -4.98e+19
41.0 6.02e+28 -1.91e+26 -6e+19
41.1 7.87e+28 -2.49e+26 -7.24e+19
41.2 1.03e+29 -3.26e+26 -8.73e+19
41.3 1.34e+29 -4.26e+26 -1.05e+20
41.4 1.75e+29 -5.56e+26 -1.27e+20
41.5 2.29e+29 -7.27e+26 -1.53e+20
41.6 2.99e+29 -9.49e+26 -1.85e+20
41.7 3.91e+29 -1.24e+27 -2.23e+20
41.8 5.11e+29 -1.62e+27 -2.69e+20
41.9 6.67e+29 -2.12e+27 -3.25e+20
42.0 8.72e+29 -2.77e+27 -3.92e+20
42.1 1.14e+30 -3.61e+27 -4.73e+20
42.2 1.49e+30 -4.72e+27 -5.7e+20
42.3 1.94e+30 -6.17e+27 -6.88e+20
42.4 2.54e+30 -8.05e+27 -8.3e+20
42.5 3.32e+30 -1.05e+28 -1e+21
42.6 4.33e+30 -1.37e+28 -1.21e+21
42.7 5.66e+30 -1.8e+28 -1.46e+21
42.8 7.39e+30 -2.35e+28 -1.76e+21
42.9 9.66e+30 -3.07e+28 -2.12e+21
43.0 1.26e+31 -4e+28 -2.56e+21
43.1 1.65e+31 -5.23e+28 -3.09e+21
43.2 2.15e+31 -6.83e+28 -3.72e+21
43.3 2.81e+31 -8.93e+28 -4.49e+21
43.4 3.67e+31 -1.17e+29 -5.42e+21
43.5 4.8e+31 -1.52e+29 -6.53e+21
43.6 6.27e+31 -1.99e+29 -7.88e+21
43.7 8.19e+31 -2.6e+29 -9.51e+21
43.8 1.07e+32 -3.4e+29 -1.15e+22
43.9 1.4e+32 -4.44e+29 -1.38e+22
44.0 1.83e+32 -5.8e+29 -1.67e+22
44.1 2.38e+32 -7.58e+29 -2.01e+22
44.2 3.12e+32 -9.9e+29 -2.43e+22
44.3 4.07e+32 -1.29e+30 -2.93e+22
44.4 5.32e+32 -1.69e+30 -3.54e+22
44.5 6.94e+32 -2.21e+30 -4.27e+22
44.6 9.07e+32 -2.88e+30 -5.15e+22
44.7 1.19e+33 -3.77e+30 -6.21e+22
44.8 1.55e+33 -4.92e+30 -7.49e+22
44.9 2.02e+33 -6.43e+30 -9.03e+22
45.0 2.64e+33 -8.4e+30 -1.09e+23
45.1 3.45e+33 -1.1e+31 -1.31e+23
45.2 4.51e+33 -1.43e+31 -1.59e+23
45.3 5.89e+33 -1.87e+31 -1.91e+23
45.4 7.69e+33 -2.45e+31 -2.31e+23
45.5 1.01e+34 -3.2e+31 -2.78e+23
45.6 1.31e+34 -4.17e+31 -3.36e+23
45.7 1.72e+34 -5.45e+31 -4.05e+23
45.8 2.24e+34 -7.13e+31 -4.89e+23
45.9 2.93e+34 -9.31e+31 -5.9e+23
46.0 3.82e+34 -1.22e+32 -7.11e+23
46.1 4.99e+34 -1.59e+32 -8.58e+23
46.2 6.52e+34 -2.08e+32 -1.04e+24
46.3 8.52e+34 -2.71e+32 -1.25e+24
46.4 1.11e+35 -3.54e+32 -1.51e+24
46.5 1.45e+35 -4.63e+32 -1.82e+24
46.6 1.9e+35 -6.05e+32 -2.19e+24
46.7 2.48e+35 -7.9e+32 -2.65e+24
46.8 3.24e+35 -1.03e+33 -3.19e+24
46.9 4.24e+35 -1.35e+33 -3.85e+24
47.0 5.53e+35 -1.76e+33 -4.64e+24
47.1 7.23e+35 -2.3e+33 -5.6e+24
47.2 9.44e+35 -3.01e+33 -6.76e+24
47.3 1.23e+36 -3.93e+33 -8.15e+24
47.4 1.61e+36 -5.13e+33 -9.84e+24
47.5 2.1e+36 -6.7e+33 -1.19e+25
47.6 2.75e+36 -8.75e+33 -1.43e+25
47.7 3.59e+36 -1.14e+34 -1.73e+25
47.8 4.69e+36 -1.49e+34 -2.08e+25
47.9 6.13e+36 -1.95e+34 -2.51e+25
48.0 8.01e+36 -2.55e+34 -3.03e+25
48.1 1.05e+37 -3.33e+34 -3.66e+25
48.2 1.37e+37 -4.35e+34 -4.41e+25
48.3 1.79e+37 -5.68e+34 -5.32e+25
48.4 2.33e+37 -7.43e+34 -6.42e+25
48.5 3.05e+37 -9.7e+34 -7.75e+25
48.6 3.98e+37 -1.27e+35 -9.34e+25
48.7 5.2e+37 -1.66e+35 -1.13e+26
48.8 6.79e+37 -2.16e+35 -1.36e+26
48.9 8.87e+37 -2.83e+35 -1.64e+26
49.0 1.16e+38 -3.69e+35 -1.98e+26
49.1 1.51e+38 -4.82e+35 -2.39e+26
49.2 1.98e+38 -6.3e+35 -2.88e+26
49.3 2.58e+38 -8.23e+35 -3.47e+26
49.4 3.37e+38 -1.08e+36 -4.19e+26
49.5 4.41e+38 -1.4e+36 -5.06e+26
49.6 5.76e+38 -1.84e+36 -6.1e+26
49.7 7.52e+38 -2.4e+36 -7.36e+26
49.8 9.83e+38 -3.13e+36 -8.88e+26
49.9 1.28e+39 -4.09e+36 -1.07e+27
