0.0 0.0 0.0 -1.15e-21
0.1 0.0 0.0 1.69e-14
0.2 0.0 0.0 3.04e-13
0.3 0.0 0.0 2.08e-12
0.4 0.0 0.0 8.86e-12
0.5 0.0 0.0 2.84e-11
0.6 0.0 0.0 7.61e-11
0.7 0.0 0.0 1.8e-10
0.8 0.0 0.0 3.87e-10
0.9 0.0 0.0 7.73e-10
1.0 0.0 0.0 1.44e-09
1.1 0.0 0.0 2.54e-09
1.2 0.0 0.0 4.24e-09
1.3 0.0 0.0 6.78e-09
1.4 0.0 0.0 1.04e-08
1.5 0.0 0.0 1.55e-08
1.6 0.0 0.0 2.24e-08
1.7 0.0 0.0 3.14e-08
1.8 0.0 0.0 4.3e-08
1.9 0.0 0.0 5.77e-08
2.0 0.0 0.0 7.6e-08
2.1 0.0 0.0 9.85e-08
2.2 0.0 0.0 1.26e-07
2.3 0.0 0.0 1.58e-07
2.4 0.0 0.0 1.97e-07
2.5 0.0 0.0 2.42e-07
2.6 0.0 0.0 2.95e-07
2.7 0.0 0.0 3.55e-07
2.8 0.0 0.0 4.25e-07
2.9 0.0 0.0 5.04e-07
3.0 0.0 0.0 5.95e-07
3.1 0.0 0.0 6.96e-07
3.2 0.0 0.0 8.1e-07
3.3 0.0 0.0 9.38e-07
3.4 0.0 0.0 1.08e-06
3.5 0.0 0.0 1.24e-06
3.6 0.0 0.0 1.41e-06
3.7 0.0 0.0 1.6e-06
3.8 0.0 0.0 1.8e-06
3.9 0.0 0.0 2.03e-06
4.0 0.0 0.0 2.27e-06
4.1 0.0 0.0 2.54e-06
4.2 0.0 0.0 2.83e-06
4.3 0.0 0.0 3.14e-06
4.4 0.0 0.0 3.47e-06
4.5 0.0 0.0 3.83e-06
4.6 0.0 0.0 4.21e-06
4.7 0.0 0.0 4.63e-06
4.8 0.0 0.0 5.06e-06
4.9 0.0 0.0 5.53e-06
5.0 0.0 0.0 6.03e-06
5.1 0.0 0.0 6.56e-06
5.2 0.0 0.0 7.12e-06
5.3 0.0 0.0 7.72e-06
5.4 0.0 0.0 8.35e-06
5.5 0.0 0.0 9.01e-06
5.6 0.0 0.0 9.71e-06
5.7 0.0 0.0 1.04e-05
5.8 0.0 0.0 1.12e-05
5.9 0.0 0.0 1.2e-05
6.0 0.0 0.0 1.29e-05
6.1 0.0 0.0 1.38e-05
6.2 0.0 0.0 1.48e-05
6.3 0.0 0.0 1.57e-05
6.4 0.0 0.0 1.68e-05
6.5 0.0 0.0 1.79e-05
6.6 0.0 0.0 1.9e-05
6.7 0.0 0.0 2.02e-05
6.8 0.0 0.0 2.14e-05
6.9 0.0 0.0 2.27e-05
7.0 0.0 0.0 2.4e-05
7.1 0.0 0.0 2.54e-05
7.2 0.0 0.0 2.69e-05
7.3 0.0 0.0 2.84e-05
7.4 0.0 0.0 3e-05
7.5 0.0 0.0 3.17e-05
7.6 0.0 0.0 3.34e-05
7.7 0.0 0.0 3.52e-05
7.8 0.0 0.0 3.7e-05
7.9 0.0 0.0 3.9e-05
8.0 0.0 0.0 4.1e-05
8.1 0.0 0.0 4.31e-05
8.2 0.0 0.0 4.53e-05
8.3 0.0 0.0 4.76e-05
8.4 0.0 0.0 4.99e-05
8.5 0.0 0.0 5.24e-05
8.6 0.0 0.0 5.47e-05
8.7 0.0 0.0 5.67e-05
8.8 0.0 0.0 5.85e-05
8.9 0.0 0.0 6.01e-05
9.0 0.0 0.0 6.14e-05
9.1 0.0 0.0 6.26e-05
9.2 0.0 0.0 6.36e-05
9.3 0.0 0.0 6.47e-05
9.4 0.0 0.0 6.6e-05
9.5 0.0 0.0 6.75e-05
9.6 0.0 0.0 6.9e-05
9.7 0.0 0.0 7.06e-05
9.8 0.0 0.0 7.22e-05
9.9 0.0 0.0 7.38e-05
10.0 0.0 0.0 7.53e-05
10.1 0.0 0.0 7.68e-05
10.2 0.0 0.0 7.82e-05
10.3 0.0 0.0 7.95e-05
10.4 0.0 0.0 8.07e-05
10.5 0.0 0.0 8.18e-05
10.6 0.0 0.0 8.29e-05
10.7 0.0 0.0 8.39e-05
10.8 0.0 0.0 8.48e-05
10.9 0.0 0.0 8.56e-05
11.0 0.0 0.0 8.64e-05
11.1 0.0 0.0 8.71e-05
11.2 0.0 0.0 8.77e-05
11.3 0.0 0.0 8.83e-05
11.4 0.0 0.0 8.89e-05
11.5 0.0 0.0 8.94e-05
11.6 0.0 0.0 8.98e-05
11.7 0.0 0.0 9.03e-05
11.8 0.0 0.0 9.07e-05
11.9 0.0 0.0 9.1e-05
12.0 0.0 0.0 9.14e-05
12.1 0.0 0.0 9.17e-05
12.2 0.0 0.0 9.2e-05
12.3 0.0 0.0 9.23e-05
12.4 0.0 0.0 9.25e-05
12.5 0.0 0.0 9.27e-05
12.6 0.0 0.0 9.3e-05
12.7 0.0 0.0 9.32e-05
12.8 0.0 0.0 9.34e-05
12.9 0.0 0.0 9.36e-05
13.0 0.0 0.0 9.37e-05
13.1 0.0 0.0 9.39e-05
13.2 0.0 0.0 9.41e-05
13.3 0.0 0.0 9.42e-05
13.4 0.0 0.0 9.44e-05
13.5 0.0 0.0 9.45e-05
13.6 0.0 0.0 9.46e-05
13.7 0.0 0.0 9.48e-05
13.8 0.0 0.0 9.49e-05
13.9 0.0 0.0 9.5e-05
14.0 0.0 0.0 9.51e-05
14.1 0.0 0.0 9.52e-05
14.2 0.0 0.0 9.53e-05
14.3 0.0 0.0 9.55e-05
14.4 0.0 0.0 9.56e-05
14.5 0.0 0.0 9.57e-05
14.6 0.0 0.0 9.58e-05
14.7 0.0 0.0 9.59e-05
14.8 0.0 0.0 9.6e-05
14.9 0.0 0.0 9.61e-05
15.0 0.0 0.0 9.62e-05
15.1 0.0 0.0 9.63e-05
15.2 0.0 0.0 9.65e-05
15.3 0.0 0.0 9.66e-05
15.4 0.0 0.0 9.68e-05
15.5 0.0 0.0 9.71e-05
15.6 0.0 0.0 9.74e-05
15.7 0.0 0.0 9.78e-05
15.8 0.0 0.0 9.83e-05
15.9 0.0 0.0 9.95e-05
16.0 0.0 0.0 0.000101
16.1 0.0 0.0 0.000103
16.2 0.0 0.0 0.000104
16.3 0.0 0.0 0.000105
16.4 0.0 0.0 0.000106
16.5 0.0 0.0 0.000107
16.6 0.0 0.0 0.000108
16.7 0.0 0.0 0.000109
16.8 0.0 0.0 0.000109
16.9 0.0 0.0 0.00011
17.0 0.0 0.0 0.00011
17.1 0.0 0.0 0.000111
17.2 0.0 0.0 0.000111
17.3 0.0 0.0 0.000111
17.4 0.0 0.0 0.000112
17.5 0.0 0.0 0.000112
17.6 0.0 0.0 0.000112
17.7 0.0 0.0 0.000112
17.8 0.0 0.0 0.000112
17.9 0.0 0.0 0.000113
18.0 0.0 0.0 0.000113
18.1 0.0 0.0 0.000113
18.2 0.0 0.0 0.000113
18.3 0.0 0.0 0.000113
18.4 0.0 0.0 0.000113
18.5 0.0 0.0 0.000113
18.6 0.0 0.0 0.000113
18.7 0.0 0.0 0.000113
18.8 0.0 0.0 0.000113
18.9 0.0 0.0 0.000113
19.0 0.0 0.0 0.000113
19.1 0.0 0.0 0.000113
19.2 0.0 0.0 0.000113
19.3 0.0 0.0 0.000113
19.4 0.0 0.0 0.000113
19.5 0.0 0.0 0.000113
19.6 0.0 0.0 0.000113
19.7 0.0 0.0 0.000113
19.8 0.0 0.0 0.000113
19.9 0.0 0.0 0.000113
20.0 0.0 0.0 0.000113
20.1 0.0 0.0 0.000113
20.2 0.0 0.0 0.000113
20.3 0.0 0.0 0.000113
20.4 0.0 0.0 0.000113
20.5 0.0 0.0 0.000113
20.6 0.0 0.0 0.000113
20.7 0.0 0.0 0.000113
20.8 0.0 0.0 0.000113
20.9 0.0 0.0 0.000113
21.0 0.0 0.0 0.000113
21.1 0.0 0.0 0.000113
21.2 0.0 0.0 0.000113
21.3 0.0 0.0 0.000113
21.4 0.0 0.0 0.000113
21.5 0.0 0.0 0.000113
21.6 0.0 0.0 0.000113
21.7 0.0 0.0 0.000113
21.8 0.0 0.0 0.000113
21.9 0.0 0.0 0.000113
22.0 0.0 0.0 0.000113
22.1 0.0 0.0 0.000113
22.2 0.0 0.0 0.000113
22.3 0.0 0.0 0.000113
22.4 0.0 0.0 0.000113
22.5 0.0 0.0 0.000113
22.6 0.0 0.0 0.000113
22.7 0.0 0.0 0.000113
22.8 0.0 0.0 0.000113
22.9 0.0 0.0 0.000113
23.0 0.0 0.0 0.000113
23.1 0.0 0.0 0.000113
23.2 0.0 0.0 0.000113
23.3 0.0 0.0 0.000113
23.4 0.0 0.0 0.000113
23.5 0.0 0.0 0.000113
23.6 0.0 0.0 0.000113
23.7 0.0 0.0 0.000113
23.8 0.0 0.0 0.000113
23.9 0.0 0.0 0.000113
24.0 0.0 0.0 0.000113
24.1 0.0 0.0 0.000113
24.2 0.0 0.0 0.000113
24.3 0.0 0.0 0.000113
24.4 0.0 0.0 0.000114
24.5 0.0 0.0 0.000114
24.6 0.0 0.0 0.000114
24.7 0.0 0.0 0.000114
24.8 0.0 0.0 0.000114
24.9 0.0 0.0 0.000114
25.0 0.0 0.0 0.000114
25.1 0.0 0.0 0.000114
25.2 0.0 0.0 0.000114
25.3 0.0 0.0 0.000114
25.4 0.0 0.0 0.000114
25.5 0.0 0.0 0.000114
25.6 0.0 0.0 0.000114
25.7 0.0 0.0 0.000114
25.8 0.0 0.0 0.000114
25.9 0.0 0.0 0.000114
26.0 0.0 0.0 0.000114
26.1 0.0 0.0 0.000114
26.2 0.0 0.0 0.000114
26.3 0.0 0.0 0.000114
26.4 0.0 0.0 0.000114
26.5 0.0 0.0 0.000114
26.6 0.0 0.0 0.000114
26.7 0.0 0.0 0.000114
26.8 0.0 0.0 0.000114
26.9 0.0 0.0 0.000114
27.0 0.0 0.0 0.000114
27.1 0.0 0.0 0.000114
27.2 0.0 0.0 0.000114
27.3 0.0 0.0 0.000114
27.4 0.0 0.0 0.000114
27.5 0.0 0.0 0.000114
27.6 0.0 0.0 0.000114
27.7 0.0 0.0 0.000114
27.8 0.0 0.0 0.000114
27.9 0.0 0.0 0.000114
28.0 0.0 0.0 0.000114
28.1 0.0 0.0 0.000114
28.2 0.0 0.0 0.000114
28.3 0.0 0.0 0.000114
28.4 0.0 0.0 0.000114
28.5 0.0 0.0 0.000114
28.6 0.0 0.0 0.000114
28.7 0.0 0.0 0.000114
28.8 0.0 0.0 0.000114
28.9 0.0 0.0 0.000114
29.0 0.0 0.0 0.000114
29.1 0.0 0.0 0.000114
29.2 0.0 0.0 0.000114
29.3 0.0 0.0 0.000114
29.4 0.0 0.0 0.000114
29.5 0.0 0.0 0.000114
29.6 0.0 0.0 0.000114
29.7 0.0 0.0 0.000114
29.8 0.0 0.0 0.000114
29.9 0.0 0.0 0.000114
30.0 0.0 0.0 0.000114
30.1 0.0 0.0 0.000114
30.2 0.0 0.0 0.000114
30.3 0.0 0.0 0.000114
30.4 0.0 0.0 0.000114
30.5 0.0 0.0 0.000114
30.6 0.0 0.0 0.000114
30.7 0.0 0.0 0.000114
30.8 0.0 0.0 0.000114
30.9 0.0 0.0 0.000114
31.0 0.0 0.0 0.000114
31.1 0.0 0.0 0.000114
31.2 0.0 0.0 0.000114
31.3 0.0 0.0 0.000114
31.4 0.0 0.0 0.000114
31.5 0.0 0.0 0.000114
31.6 0.0 0.0 0.000114
31.7 0.0 0.0 0.000114
31.8 0.0 0.0 0.000114
31.9 0.0 0.0 0.000114
32.0 0.0 0.0 0.000114
32.1 0.0 0.0 0.000114
32.2 0.0 0.0 0.000114
32.3 0.0 0.0 0.000114
32.4 0.0 0.0 0.000114
32.5 0.0 0.0 0.000114
32.6 0.0 0.0 0.000114
32.7 0.0 0.0 0.000114
32.8 0.0 0.0 0.000114
32.9 0.0 0.0 0.000114
33.0 0.0 0.0 0.000114
33.1 0.0 0.0 0.000114
33.2 0.0 0.0 0.000114
33.3 0.0 0.0 0.000114
33.4 0.0 0.0 0.000114
33.5 0.0 0.0 0.000114
33.6 0.0 0.0 0.000114
33.7 0.0 0.0 0.000114
33.8 0.0 0.0 0.000114
33.9 0.0 0.0 0.000114
34.0 0.0 0.0 0.000114
34.1 0.0 0.0 0.000114
34.2 0.0 0.0 0.000114
34.3 0.0 0.0 0.000114
34.4 0.0 0.0 0.000114
34.5 0.0 0.0 0.000114
34.6 0.0 0.0 0.000114
34.7 0.0 0.0 0.000114
34.8 0.0 0.0 0.000114
34.9 0.0 0.0 0.000114
35.0 0.0 0.0 0.000114
35.1 0.0 0.0 0.000114
35.2 0.0 0.0 0.000114
35.3 0.0 0.0 0.000114
35.4 0.0 0.0 0.000114
35.5 0.0 0.0 0.000114
35.6 0.0 0.0 0.000114
35.7 0.0 0.0 0.000114
35.8 0.0 0.0 0.000114
35.9 0.0 0.0 0.000114
36.0 0.0 0.0 0.000114
36.1 0.0 0.0 0.000114
36.2 0.0 0.0 0.000114
36.3 0.0 0.0 0.000114
36.4 0.0 0.0 0.000114
36.5 0.0 0.0 0.000114
36.6 0.0 0.0 0.000114
36.7 0.0 0.0 0.000114
36.8 0.0 0.0 0.000114
36.9 0.0 0.0 0.000114
37.0 0.0 0.0 0.000114
37.1 0.0 0.0 0.000114
37.2 0.0 0.0 0.000114
37.3 0.0 0.0 0.000114
37.4 0.0 0.0 0.000114
37.5 0.0 0.0 0.000114
37.6 0.0 0.0 0.000114
37.7 0.0 0.0 0.000114
37.8 0.0 0.0 0.000114
37.9 0.0 0.0 0.000114
38.0 0.0 0.0 0.000114
38.1 0.0 0.0 0.000114
38.2 0.0 0.0 0.000114
38.3 0.0 0.0 0.000114
38.4 0.0 0.0 0.000114
38.5 0.0 0.0 0.000114
38.6 0.0 0.0 0.000114
38.7 0.0 0.0 0.000114
38.8 0.0 0.0 0.000114
38.9 0.0 0.0 0.000114
39.0 0.0 0.0 0.000114
39.1 0.0 0.0 0.000114
39.2 0.0 0.0 0.000114
39.3 0.0 0.0 0.000114
39.4 0.0 0.0 0.000114
39.5 0.0 0.0 0.000114
39.6 0.0 0.0 0.000114
39.7 0.0 0.0 0.000114
39.8 0.0 0.0 0.000114
39.9 0.0 0.0 0.000114
40.0 0.0 0.0 0.000114
40.1 0.0 0.0 0.000114
40.2 0.0 0.0 0.000114
40.3 0.0 0.0 0.000114
40.4 0.0 0.0 0.000114
40.5 0.0 0.0 0.000114
40.6 0.0 0.0 0.000114
40.7 0.0 0.0 0.000114
40.8 0.0 0.0 0.000114
40.9 0.0 0.0 0.000114
41.0 0.0 0.0 0.000114
41.1 0.0 0.0 0.000114
41.2 0.0 0.0 0.000114
41.3 0.0 0.0 0.000114
41.4 0.0 0.0 0.000114
41.5 0.0 0.0 0.000114
41.6 0.0 0.0 0.000114
41.7 0.0 0.0 0.000114
41.8 0.0 0.0 0.000114
41.9 0.0 0.0 0.000114
42.0 0.0 0.0 0.000114
42.1 0.0 0.0 0.000114
42.2 0.0 0.0 0.000114
42.3 0.0 0.0 0.000114
42.4 0.0 0.0 0.000114
42.5 0.0 0.0 0.000114
42.6 0.0 0.0 0.000114
42.7 0.0 0.0 0.000114
42.8 0.0 0.0 0.000114
42.9 0.0 0.0 0.000114
43.0 0.0 0.0 0.000114
43.1 0.0 0.0 0.000114
43.2 0.0 0.0 0.000114
43.3 0.0 0.0 0.000114
43.4 0.0 0.0 0.000114
43.5 0.0 0.0 0.000114
43.6 0.0 0.0 0.000114
43.7 0.0 0.0 0.000114
43.8 0.0 0.0 0.000114
43.9 0.0 0.0 0.000114
44.0 0.0 0.0 0.000114
44.1 0.0 0.0 0.000114
44.2 0.0 0.0 0.000114
44.3 0.0 0.0 0.000114
44.4 0.0 0.0 0.000114
44.5 0.0 0.0 0.000114
44.6 0.0 0.0 0.000114
44.7 0.0 0.0 0.000114
44.8 0.0 0.0 0.000114
44.9 0.0 0.0 0.000114
45.0 0.0 0.0 0.000114
45.1 0.0 0.0 0.000114
45.2 0.0 0.0 0.000114
45.3 0.0 0.0 0.000114
45.4 0.0 0.0 0.000114
45.5 0.0 0.0 0.000114
45.6 0.0 0.0 0.000114
45.7 0.0 0.0 0.000114
45.8 0.0 0.0 0.000114
45.9 0.0 0.0 0.000114
46.0 0.0 0.0 0.000114
46.1 0.0 0.0 0.000114
46.2 0.0 0.0 0.000114
46.3 0.0 0.0 0.000114
46.4 0.0 0.0 0.000114
46.5 0.0 0.0 0.000114
46.6 0.0 0.0 0.000114
46.7 0.0 0.0 0.000114
46.8 0.0 0.0 0.000114
46.9 0.0 0.0 0.000114
47.0 0.0 0.0 0.000114
47.1 0.0 0.0 0.000114
47.2 0.0 0.0 0.000114
47.3 0.0 0.0 0.000114
47.4 0.0 0.0 0.000114
47.5 0.0 0.0 0.000114
47.6 0.0 0.0 0.000114
47.7 0.0 0.0 0.000114
47.8 0.0 0.0 0.000114
47.9 0.0 0.0 0.000114
48.0 0.0 0.0 0.000114
48.1 0.0 0.0 0.000114
48.2 0.0 0.0 0.000114
48.3 0.0 0.0 0.000114
48.4 0.0 0.0 0.000114
48.5 0.0 0.0 0.000114
48.6 0.0 0.0 0.000114
48.7 0.0 0.0 0.000114
48.8 0.0 0.0 0.000114
48.9 0.0 0.0 0.000114
49.0 0.0 0.0 0.000114
49.1 0.0 0.0 0.000114
49.2 0.0 0.0 0.000114
49.3 0.0 0.0 0.000114
49.4 0.0 0.0 0.000114
49.5 0.0 0.0 0.000114
49.6 0.0 0.0 0.000114
49.7 0.0 0.0 0.000114
49.8 0.0 0.0 0.000114
49.9 0.0 0.0 0.000114
