0.0 0.5 0.5 0.5
0.1 0.5 0.499 0.501
0.2 0.501 0.498 0.501
0.3 0.503 0.497 0.503
0.4 0.506 0.495 0.504
0.5 0.509 0.493 0.505
0.6 0.513 0.491 0.507
0.7 0.518 0.488 0.509
0.8 0.523 0.485 0.512
0.9 0.53 0.482 0.514
1.0 0.537 0.479 0.517
1.1 0.545 0.476 0.52
1.2 0.553 0.472 0.523
1.3 0.562 0.468 0.526
1.4 0.572 0.465 0.53
1.5 0.582 0.461 0.533
1.6 0.593 0.456 0.537
1.7 0.605 0.452 0.54
1.8 0.617 0.448 0.544
1.9 0.63 0.443 0.548
2.0 0.644 0.439 0.552
2.1 0.658 0.434 0.556
2.2 0.672 0.429 0.56
2.3 0.688 0.424 0.564
2.4 0.704 0.419 0.568
2.5 0.72 0.414 0.572
2.6 0.737 0.409 0.577
2.7 0.754 0.404 0.581
2.8 0.772 0.399 0.585
2.9 0.791 0.394 0.59
3.0 0.81 0.388 0.594
3.1 0.829 0.383 0.599
3.2 0.849 0.377 0.603
3.3 0.87 0.372 0.608
3.4 0.891 0.366 0.612
3.5 0.912 0.361 0.617
3.6 0.935 0.355 0.621
3.7 0.957 0.35 0.626
3.8 0.98 0.344 0.631
3.9 1.0 0.338 0.635
4.0 1.03 0.333 0.64
4.1 1.05 0.327 0.645
4.2 1.08 0.321 0.65
4.3 1.1 0.315 0.655
4.4 1.13 0.309 0.659
4.5 1.15 0.303 0.664
4.6 1.18 0.298 0.669
4.7 1.21 0.292 0.674
4.8 1.24 0.286 0.679
4.9 1.26 0.28 0.684
5.0 1.29 0.274 0.689
5.1 1.32 0.268 0.694
5.2 1.35 0.262 0.699
5.3 1.38 0.256 0.704
5.4 1.41 0.25 0.709
5.5 1.44 0.243 0.714
5.6 1.47 0.237 0.719
5.7 1.5 0.231 0.724
5.8 1.53 0.225 0.729
5.9 1.56 0.219 0.734
6.0 1.6 0.213 0.739
6.1 1.63 0.207 0.744
6.2 1.66 0.2 0.749
6.3 1.69 0.194 0.754
6.4 1.73 0.188 0.759
6.5 1.76 0.182 0.764
6.6 1.8 0.176 0.769
6.7 1.83 0.17 0.774
6.8 1.86 0.163 0.779
6.9 1.9 0.157 0.784
7.0 1.93 0.151 0.79
7.1 1.97 0.145 0.795
7.2 2.01 0.139 0.8
7.3 2.04 0.133 0.805
7.4 2.08 0.127 0.81
7.5 2.12 0.121 0.815
7.6 2.15 0.114 0.82
7.7 2.19 0.108 0.825
7.8 2.23 0.102 0.83
7.9 2.26 0.0962 0.835
8.0 2.3 0.0901 0.84
8.1 2.34 0.0824 0.846
8.2 2.38 0.0727 0.851
8.3 2.43 0.0593 0.856
8.4 2.49 0.043 0.861
8.5 2.53 0.0295 0.866
8.6 2.58 0.0186 0.871
8.7 2.61 0.0112 0.875
8.8 2.64 0.00779 0.879
8.9 2.67 0.0091 0.883
9.0 2.69 0.0159 0.887
9.1 2.7 0.0289 0.89
9.2 2.7 0.0492 0.893
9.3 2.69 0.0778 0.896
9.4 2.67 0.116 0.899
9.5 2.64 0.165 0.902
9.6 2.59 0.228 0.905
9.7 2.52 0.306 0.907
9.8 2.43 0.404 0.91
9.9 2.35 0.502 0.913
10.0 2.3 0.592 0.915
10.1 2.27 0.676 0.918
10.2 2.26 0.753 0.92
10.3 2.25 0.824 0.922
10.4 2.25 0.89 0.924
10.5 2.25 0.95 0.926
10.6 2.25 1.01 0.928
10.7 2.25 1.06 0.93
10.8 2.26 1.11 0.932
10.9 2.26 1.15 0.934
11.0 2.27 1.19 0.935
11.1 2.28 1.23 0.937
11.2 2.3 1.26 0.938
11.3 2.31 1.3 0.939
11.4 2.33 1.33 0.941
11.5 2.34 1.35 0.942
11.6 2.36 1.38 0.943
11.7 2.38 1.4 0.944
11.8 2.4 1.42 0.945
11.9 2.43 1.44 0.946
12.0 2.45 1.46 0.947
12.1 2.48 1.48 0.948
12.2 2.5 1.5 0.949
12.3 2.53 1.51 0.95
12.4 2.56 1.52 0.951
12.5 2.59 1.53 0.952
12.6 2.62 1.55 0.953
12.7 2.65 1.56 0.953
12.8 2.68 1.57 0.954
12.9 2.72 1.57 0.955
13.0 2.75 1.58 0.956
13.1 2.79 1.59 0.956
13.2 2.82 1.6 0.957
13.3 2.85 1.6 0.958
13.4 2.89 1.61 0.958
13.5 2.93 1.61 0.959
13.6 2.96 1.62 0.96
13.7 3.0 1.62 0.96
13.8 3.03 1.63 0.961
13.9 3.07 1.63 0.962
14.0 3.11 1.63 0.962
14.1 3.16 1.63 0.963
14.2 3.2 1.63 0.963
14.3 3.25 1.63 0.964
14.4 3.31 1.62 0.965
14.5 3.37 1.6 0.965
14.6 3.45 1.58 0.966
14.7 3.54 1.55 0.966
14.8 3.64 1.51 0.967
14.9 3.76 1.45 0.968
15.0 3.91 1.38 0.968
15.1 4.09 1.28 0.969
15.2 4.31 1.15 0.969
15.3 4.58 0.988 0.97
15.4 4.91 0.78 0.97
15.5 5.32 0.515 0.971
15.6 5.82 0.179 0.971
15.7 6.45 0.246 0.972
15.8 7.22 0.781 0.972
15.9 8.19 1.46 0.976
16.0 9.42 2.36 1.0
16.1 11.0 3.6 1.08
16.2 13.2 5.33 1.25
16.3 16.0 7.72 1.56
16.4 19.7 11.0 2.06
16.5 24.7 15.5 2.84
16.6 31.2 21.7 4.08
16.7 39.9 30.2 6.09
16.8 51.3 41.6 9.14
16.9 66.3 57.0 13.6
17.0 86.1 77.5 19.9
17.1 1.12e+02 1.05e+02 28.8
17.2 1.46e+02 1.41e+02 41.0
17.3 1.9e+02 1.89e+02 57.5
17.4 2.49e+02 2.52e+02 79.9
17.5 3.25e+02 3.36e+02 1.1e+02
17.6 4.25e+02 4.46e+02 1.5e+02
17.7 5.56e+02 5.9e+02 2.04e+02
17.8 7.28e+02 7.8e+02 2.75e+02
17.9 9.52e+02 1.03e+03 3.69e+02
18.0 1.25e+03 1.36e+03 4.94e+02
18.1 1.63e+03 1.78e+03 6.58e+02
18.2 2.13e+03 2.35e+03 8.74e+02
18.3 2.79e+03 3.08e+03 1.16e+03
18.4 3.65e+03 4.04e+03 1.53e+03
18.5 4.77e+03 5.31e+03 2.02e+03
18.6 6.24e+03 6.96e+03 2.67e+03
18.7 8.17e+03 9.11e+03 3.51e+03
18.8 1.07e+04 1.19e+04 4.62e+03
18.9 1.4e+04 1.56e+04 6.07e+03
19.0 1.82e+04 2.04e+04 7.97e+03
19.1 2.38e+04 2.67e+04 1.05e+04
19.2 3.12e+04 3.5e+04 1.37e+04
19.3 4.07e+04 4.57e+04 1.8e+04
19.4 5.32e+04 5.98e+04 2.35e+04
19.5 6.95e+04 7.82e+04 3.08e+04
19.6 9.08e+04 1.02e+05 4.03e+04
19.7 1.19e+05 1.34e+05 5.28e+04
19.8 1.55e+05 1.75e+05 6.9e+04
19.9 2.02e+05 2.28e+05 9.03e+04
20.0 2.64e+05 2.98e+05 1.18e+05
20.1 3.46e+05 3.9e+05 1.54e+05
20.2 4.51e+05 5.09e+05 2.02e+05
20.3 5.9e+05 6.65e+05 2.64e+05
20.4 7.7e+05 8.69e+05 3.45e+05
20.5 1.01e+06 1.14e+06 4.51e+05
20.6 1.31e+06 1.48e+06 5.89e+05
20.7 1.72e+06 1.94e+06 7.69e+05
20.8 2.24e+06 2.53e+06 1.01e+06
20.9 2.93e+06 3.31e+06 1.31e+06
21.0 3.83e+06 4.32e+06 1.72e+06
21.1 5e+06 5.65e+06 2.24e+06
21.2 6.53e+06 7.37e+06 2.93e+06
21.3 8.54e+06 9.63e+06 3.83e+06
21.4 1.12e+07 1.26e+07 5e+06
21.5 1.46e+07 1.64e+07 6.53e+06
21.6 1.9e+07 2.15e+07 8.54e+06
21.7 2.49e+07 2.81e+07 1.12e+07
21.8 3.25e+07 3.67e+07 1.46e+07
21.9 4.24e+07 4.79e+07 1.9e+07
22.0 5.54e+07 6.26e+07 2.49e+07
22.1 7.24e+07 8.17e+07 3.25e+07
22.2 9.46e+07 1.07e+08 4.24e+07
22.3 1.24e+08 1.39e+08 5.54e+07
22.4 1.61e+08 1.82e+08 7.24e+07
22.5 2.11e+08 2.38e+08 9.46e+07
22.6 2.75e+08 3.11e+08 1.24e+08
22.7 3.6e+08 4.06e+08 1.61e+08
22.8 4.7e+08 5.3e+08 2.11e+08
22.9 6.14e+08 6.93e+08 2.75e+08
23.0 8.02e+08 9.05e+08 3.6e+08
23.1 1.05e+09 1.18e+09 4.7e+08
23.2 1.37e+09 1.54e+09 6.14e+08
23.3 1.79e+09 2.02e+09 8.02e+08
23.4 2.34e+09 2.64e+09 1.05e+09
23.5 3.05e+09 3.44e+09 1.37e+09
23.6 3.99e+09 4.5e+09 1.79e+09
23.7 5.21e+09 5.88e+09 2.34e+09
23.8 6.8e+09 7.68e+09 3.05e+09
23.9 8.88e+09 1e+10 3.99e+09
24.0 1.16e+10 1.31e+10 5.21e+09
24.1 1.52e+10 1.71e+10 6.8e+09
24.2 1.98e+10 2.24e+10 8.89e+09
24.3 2.59e+10 2.92e+10 1.16e+10
24.4 3.38e+10 3.82e+10 1.52e+10
24.5 4.42e+10 4.98e+10 1.98e+10
24.6 5.77e+10 6.51e+10 2.59e+10
24.7 7.53e+10 8.51e+10 3.38e+10
24.8 9.84e+10 1.11e+11 4.42e+10
24.9 1.29e+11 1.45e+11 5.77e+10
25.0 1.68e+11 1.9e+11 7.54e+10
25.1 2.19e+11 2.48e+11 9.85e+10
25.2 2.87e+11 3.24e+11 1.29e+11
25.3 3.74e+11 4.23e+11 1.68e+11
25.4 4.89e+11 5.52e+11 2.19e+11
25.5 6.39e+11 7.21e+11 2.87e+11
25.6 8.35e+11 9.42e+11 3.75e+11
25.7 1.09e+12 1.23e+12 4.89e+11
25.8 1.42e+12 1.61e+12 6.39e+11
25.9 1.86e+12 2.1e+12 8.35e+11
26.0 2.43e+12 2.74e+12 1.09e+12
26.1 3.18e+12 3.58e+12 1.42e+12
26.2 4.15e+12 4.68e+12 1.86e+12
26.3 5.42e+12 6.12e+12 2.43e+12
26.4 7.08e+12 7.99e+12 3.18e+12
26.5 9.25e+12 1.04e+13 4.15e+12
26.6 1.21e+13 1.36e+13 5.42e+12
26.7 1.58e+13 1.78e+13 7.08e+12
26.8 2.06e+13 2.33e+13 9.25e+12
26.9 2.69e+13 3.04e+13 1.21e+13
27.0 3.52e+13 3.97e+13 1.58e+13
27.1 4.6e+13 5.19e+13 2.06e+13
27.2 6e+13 6.78e+13 2.69e+13
27.3 7.84e+13 8.85e+13 3.52e+13
27.4 1.02e+14 1.16e+14 4.6e+13
27.5 1.34e+14 1.51e+14 6e+13
27.6 1.75e+14 1.97e+14 7.84e+13
27.7 2.28e+14 2.58e+14 1.02e+14
27.8 2.98e+14 3.37e+14 1.34e+14
27.9 3.9e+14 4.4e+14 1.75e+14
28.0 5.09e+14 5.75e+14 2.28e+14
28.1 6.65e+14 7.51e+14 2.98e+14
28.2 8.69e+14 9.81e+14 3.9e+14
28.3 1.13e+15 1.28e+15 5.09e+14
28.4 1.48e+15 1.67e+15 6.65e+14
28.5 1.94e+15 2.19e+15 8.69e+14
28.6 2.53e+15 2.86e+15 1.14e+15
28.7 3.3e+15 3.73e+15 1.48e+15
28.8 4.32e+15 4.87e+15 1.94e+15
28.9 5.64e+15 6.37e+15 2.53e+15
29.0 7.37e+15 8.32e+15 3.31e+15
29.1 9.62e+15 1.09e+16 4.32e+15
29.2 1.26e+16 1.42e+16 5.64e+15
29.3 1.64e+16 1.85e+16 7.37e+15
29.4 2.15e+16 2.42e+16 9.63e+15
29.5 2.8e+16 3.16e+16 1.26e+16
29.6 3.66e+16 4.13e+16 1.64e+16
29.7 4.78e+16 5.4e+16 2.15e+16
29.8 6.25e+16 7.05e+16 2.8e+16
29.9 8.16e+16 9.21e+16 3.66e+16
30.0 1.07e+17 1.2e+17 4.78e+16
30.1 1.39e+17 1.57e+17 6.25e+16
30.2 1.82e+17 2.05e+17 8.16e+16
30.3 2.38e+17 2.68e+17 1.07e+17
30.4 3.1e+17 3.5e+17 1.39e+17
30.5 4.06e+17 4.58e+17 1.82e+17
30.6 5.3e+17 5.98e+17 2.38e+17
30.7 6.92e+17 7.81e+17 3.11e+17
30.8 9.04e+17 1.02e+18 4.06e+17
30.9 1.18e+18 1.33e+18 5.3e+17
31.0 1.54e+18 1.74e+18 6.92e+17
31.1 2.02e+18 2.28e+18 9.04e+17
31.2 2.63e+18 2.97e+18 1.18e+18
31.3 3.44e+18 3.88e+18 1.54e+18
31.4 4.49e+18 5.07e+18 2.02e+18
31.5 5.87e+18 6.63e+18 2.63e+18
31.6 7.67e+18 8.66e+18 3.44e+18
31.7 1e+19 1.13e+19 4.49e+18
31.8 1.31e+19 1.48e+19 5.87e+18
31.9 1.71e+19 1.93e+19 7.67e+18
32.0 2.23e+19 2.52e+19 1e+19
32.1 2.92e+19 3.29e+19 1.31e+19
32.2 3.81e+19 4.3e+19 1.71e+19
32.3 4.98e+19 5.62e+19 2.23e+19
32.4 6.5e+19 7.34e+19 2.92e+19
32.5 8.49e+19 9.59e+19 3.81e+19
32.6 1.11e+20 1.25e+20 4.98e+19
32.7 1.45e+20 1.64e+20 6.5e+19
32.8 1.89e+20 2.14e+20 8.5e+19
32.9 2.47e+20 2.79e+20 1.11e+20
33.0 3.23e+20 3.65e+20 1.45e+20
33.1 4.22e+20 4.77e+20 1.89e+20
33.2 5.51e+20 6.22e+20 2.47e+20
33.3 7.2e+20 8.13e+20 3.23e+20
33.4 9.41e+20 1.06e+21 4.22e+20
33.5 1.23e+21 1.39e+21 5.52e+20
33.6 1.61e+21 1.81e+21 7.21e+20
33.7 2.1e+21 2.37e+21 9.41e+20
33.8 2.74e+21 3.09e+21 1.23e+21
33.9 3.58e+21 4.04e+21 1.61e+21
34.0 4.68e+21 5.28e+21 2.1e+21
34.1 6.11e+21 6.9e+21 2.74e+21
34.2 7.98e+21 9.01e+21 3.58e+21
34.3 1.04e+22 1.18e+22 4.68e+21
34.4 1.36e+22 1.54e+22 6.11e+21
34.5 1.78e+22 2.01e+22 7.98e+21
34.6 2.32e+22 2.62e+22 1.04e+22
34.7 3.04e+22 3.43e+22 1.36e+22
34.8 3.97e+22 4.48e+22 1.78e+22
34.9 5.18e+22 5.85e+22 2.32e+22
35.0 6.77e+22 7.64e+22 3.04e+22
35.1 8.84e+22 9.98e+22 3.97e+22
35.2 1.15e+23 1.3e+23 5.18e+22
35.3 1.51e+23 1.7e+23 6.77e+22
35.4 1.97e+23 2.22e+23 8.84e+22
35.5 2.57e+23 2.91e+23 1.16e+23
35.6 3.36e+23 3.8e+23 1.51e+23
35.7 4.39e+23 4.96e+23 1.97e+23
35.8 5.74e+23 6.48e+23 2.58e+23
35.9 7.5e+23 8.46e+23 3.36e+23
36.0 9.79e+23 1.11e+24 4.39e+23
36.1 1.28e+24 1.44e+24 5.74e+23
36.2 1.67e+24 1.89e+24 7.5e+23
36.3 2.18e+24 2.46e+24 9.8e+23
36.4 2.85e+24 3.22e+24 1.28e+24
36.5 3.73e+24 4.21e+24 1.67e+24
36.6 4.87e+24 5.49e+24 2.18e+24
36.7 6.36e+24 7.18e+24 2.85e+24
36.8 8.31e+24 9.38e+24 3.73e+24
36.9 1.09e+25 1.22e+25 4.87e+24
37.0 1.42e+25 1.6e+25 6.36e+24
37.1 1.85e+25 2.09e+25 8.31e+24
37.2 2.42e+25 2.73e+25 1.09e+25
37.3 3.16e+25 3.57e+25 1.42e+25
37.4 4.13e+25 4.66e+25 1.85e+25
37.5 5.39e+25 6.09e+25 2.42e+25
37.6 7.04e+25 7.95e+25 3.16e+25
37.7 9.2e+25 1.04e+26 4.13e+25
37.8 1.2e+26 1.36e+26 5.39e+25
37.9 1.57e+26 1.77e+26 7.05e+25
38.0 2.05e+26 2.32e+26 9.2e+25
38.1 2.68e+26 3.02e+26 1.2e+26
38.2 3.5e+26 3.95e+26 1.57e+26
38.3 4.57e+26 5.16e+26 2.05e+26
38.4 5.97e+26 6.74e+26 2.68e+26
38.5 7.8e+26 8.81e+26 3.5e+26
38.6 1.02e+27 1.15e+27 4.57e+26
38.7 1.33e+27 1.5e+27 5.98e+26
38.8 1.74e+27 1.96e+27 7.81e+26
38.9 2.27e+27 2.57e+27 1.02e+27
39.0 2.97e+27 3.35e+27 1.33e+27
39.1 3.88e+27 4.38e+27 1.74e+27
39.2 5.07e+27 5.72e+27 2.27e+27
39.3 6.62e+27 7.47e+27 2.97e+27
39.4 8.64e+27 9.76e+27 3.88e+27
39.5 1.13e+28 1.27e+28 5.07e+27
39.6 1.48e+28 1.67e+28 6.62e+27
39.7 1.93e+28 2.18e+28 8.65e+27
39.8 2.52e+28 2.84e+28 1.13e+28
39.9 3.29e+28 3.71e+28 1.48e+28
40.0 4.3e+28 4.85e+28 1.93e+28
40.1 5.61e+28 6.33e+28 2.52e+28
40.2 7.33e+28 8.28e+28 3.29e+28
40.3 9.58e+28 1.08e+29 4.3e+28
40.4 1.25e+29 1.41e+29 5.61e+28
40.5 1.63e+29 1.84e+29 7.33e+28
40.6 2.13e+29 2.41e+29 9.58e+28
40.7 2.79e+29 3.15e+29 1.25e+29
40.8 3.64e+29 4.11e+29 1.63e+29
40.9 4.76e+29 5.37e+29 2.14e+29
41.0 6.22e+29 7.02e+29 2.79e+29
41.1 8.12e+29 9.17e+29 3.64e+29
41.2 1.06e+30 1.2e+30 4.76e+29
41.3 1.39e+30 1.56e+30 6.22e+29
41.4 1.81e+30 2.04e+30 8.12e+29
41.5 2.37e+30 2.67e+30 1.06e+30
41.6 3.09e+30 3.49e+30 1.39e+30
41.7 4.04e+30 4.56e+30 1.81e+30
41.8 5.27e+30 5.95e+30 2.37e+30
41.9 6.89e+30 7.77e+30 3.09e+30
42.0 9e+30 1.02e+31 4.04e+30
42.1 1.18e+31 1.33e+31 5.27e+30
42.2 1.54e+31 1.73e+31 6.89e+30
42.3 2.01e+31 2.26e+31 9e+30
42.4 2.62e+31 2.96e+31 1.18e+31
42.5 3.42e+31 3.86e+31 1.54e+31
42.6 4.47e+31 5.05e+31 2.01e+31
42.7 5.84e+31 6.59e+31 2.62e+31
42.8 7.63e+31 8.61e+31 3.42e+31
42.9 9.97e+31 1.13e+32 4.47e+31
43.0 1.3e+32 1.47e+32 5.84e+31
43.1 1.7e+32 1.92e+32 7.63e+31
43.2 2.22e+32 2.51e+32 9.97e+31
43.3 2.9e+32 3.28e+32 1.3e+32
43.4 3.79e+32 4.28e+32 1.7e+32
43.5 4.95e+32 5.59e+32 2.22e+32
43.6 6.47e+32 7.3e+32 2.9e+32
43.7 8.45e+32 9.54e+32 3.79e+32
43.8 1.1e+33 1.25e+33 4.95e+32
43.9 1.44e+33 1.63e+33 6.47e+32
44.0 1.88e+33 2.13e+33 8.46e+32
44.1 2.46e+33 2.78e+33 1.1e+33
44.2 3.22e+33 3.63e+33 1.44e+33
44.3 4.2e+33 4.74e+33 1.88e+33
44.4 5.49e+33 6.19e+33 2.46e+33
44.5 7.17e+33 8.09e+33 3.22e+33
44.6 9.36e+33 1.06e+34 4.2e+33
44.7 1.22e+34 1.38e+34 5.49e+33
44.8 1.6e+34 1.8e+34 7.17e+33
44.9 2.09e+34 2.36e+34 9.37e+33
45.0 2.73e+34 3.08e+34 1.22e+34
45.1 3.56e+34 4.02e+34 1.6e+34
45.2 4.65e+34 5.25e+34 2.09e+34
45.3 6.08e+34 6.86e+34 2.73e+34
45.4 7.94e+34 8.96e+34 3.56e+34
45.5 1.04e+35 1.17e+35 4.65e+34
45.6 1.36e+35 1.53e+35 6.08e+34
45.7 1.77e+35 2e+35 7.94e+34
45.8 2.31e+35 2.61e+35 1.04e+35
45.9 3.02e+35 3.41e+35 1.36e+35
46.0 3.95e+35 4.45e+35 1.77e+35
46.1 5.16e+35 5.82e+35 2.31e+35
46.2 6.73e+35 7.6e+35 3.02e+35
46.3 8.8e+35 9.93e+35 3.95e+35
46.4 1.15e+36 1.3e+36 5.16e+35
46.5 1.5e+36 1.69e+36 6.74e+35
46.6 1.96e+36 2.21e+36 8.8e+35
46.7 2.56e+36 2.89e+36 1.15e+36
46.8 3.35e+36 3.78e+36 1.5e+36
46.9 4.37e+36 4.93e+36 1.96e+36
47.0 5.71e+36 6.45e+36 2.56e+36
47.1 7.46e+36 8.42e+36 3.35e+36
47.2 9.75e+36 1.1e+37 4.37e+36
47.3 1.27e+37 1.44e+37 5.71e+36
47.4 1.66e+37 1.88e+37 7.46e+36
47.5 2.17e+37 2.45e+37 9.75e+36
47.6 2.84e+37 3.2e+37 1.27e+37
47.7 3.71e+37 4.19e+37 1.66e+37
47.8 4.84e+37 5.47e+37 2.17e+37
47.9 6.33e+37 7.14e+37 2.84e+37
48.0 8.26e+37 9.33e+37 3.71e+37
48.1 1.08e+38 1.22e+38 4.84e+37
48.2 1.41e+38 1.59e+38 6.33e+37
48.3 1.84e+38 2.08e+38 8.27e+37
48.4 2.41e+38 2.72e+38 1.08e+38
48.5 3.14e+38 3.55e+38 1.41e+38
48.6 4.11e+38 4.64e+38 1.84e+38
48.7 5.37e+38 6.06e+38 2.41e+38
48.8 7.01e+38 7.91e+38 3.15e+38
48.9 9.16e+38 1.03e+39 4.11e+38
49.0 1.2e+39 1.35e+39 5.37e+38
49.1 1.56e+39 1.76e+39 7.01e+38
49.2 2.04e+39 2.3e+39 9.16e+38
49.3 2.67e+39 3.01e+39 1.2e+39
49.4 3.48e+39 3.93e+39 1.56e+39
49.5 4.55e+39 5.14e+39 2.04e+39
49.6 5.94e+39 6.71e+39 2.67e+39
49.7 7.76e+39 8.76e+39 3.48e+39
49.8 1.01e+40 1.14e+40 4.55e+39
49.9 1.33e+40 1.5e+40 5.95e+39
