0.0 0.000925 2.05e-20 -0.00675 0.00681
0.1 0.00178 -3.5e-14 -0.0127 0.0128
0.2 0.00257 -2.7e-13 -0.0178 0.018
0.3 0.00329 -1.12e-12 -0.022 0.0223
0.4 0.00395 -3.36e-12 -0.0254 0.0257
0.5 0.00455 -8.34e-12 -0.0279 0.0282
0.6 0.0051 -1.84e-11 -0.0297 0.0301
0.7 0.00559 -3.71e-11 -0.0308 0.0313
0.8 0.00604 -6.96e-11 -0.0313 0.0319
0.9 0.00644 -1.22e-10 -0.0314 0.032
1.0 0.0068 -2.01e-10 -0.0311 0.0318
1.1 0.00711 -3.14e-10 -0.0304 0.0313
1.2 0.0074 -4.69e-10 -0.0296 0.0305
1.3 0.00765 -6.74e-10 -0.0286 0.0296
1.4 0.00788 -9.36e-10 -0.0274 0.0285
1.5 0.00809 -1.26e-09 -0.0262 0.0274
1.6 0.00828 -1.67e-09 -0.025 0.0263
1.7 0.00845 -2.15e-09 -0.0237 0.0252
1.8 0.00859 -2.72e-09 -0.0225 0.0241
1.9 0.00872 -3.38e-09 -0.0214 0.0231
2.0 0.00884 -4.14e-09 -0.0203 0.0222
2.1 0.00895 -5.02e-09 -0.0193 0.0213
2.2 0.00905 -5.99e-09 -0.0184 0.0205
2.3 0.00913 -7.09e-09 -0.0176 0.0198
2.4 0.00922 -8.31e-09 -0.0169 0.0192
2.5 0.0093 -9.65e-09 -0.0162 0.0187
2.6 0.00938 -1.11e-08 -0.0157 0.0182
2.7 0.00945 -1.27e-08 -0.0152 0.0179
2.8 0.00951 -1.44e-08 -0.0148 0.0176
2.9 0.00957 -1.63e-08 -0.0146 0.0174
3.0 0.00961 -1.83e-08 -0.0144 0.0174
3.1 0.00966 -2.04e-08 -0.0144 0.0173
3.2 0.00971 -2.26e-08 -0.0144 0.0174
3.3 0.00976 -2.5e-08 -0.0145 0.0175
3.4 0.00981 -2.75e-08 -0.0147 0.0177
3.5 0.00984 -3.02e-08 -0.0151 0.018
3.6 0.00988 -3.3e-08 -0.0155 0.0184
3.7 0.00992 -3.59e-08 -0.016 0.0188
3.8 0.00995 -3.89e-08 -0.0166 0.0194
3.9 0.00999 -4.21e-08 -0.0173 0.02
4.0 0.01 -4.54e-08 -0.0181 0.0207
4.1 0.0101 -4.88e-08 -0.0191 0.0216
4.2 0.0101 -5.24e-08 -0.0201 0.0225
4.3 0.0101 -5.6e-08 -0.0213 0.0236
4.4 0.0101 -5.97e-08 -0.0226 0.0248
4.5 0.0102 -6.36e-08 -0.024 0.0261
4.6 0.0102 -6.76e-08 -0.0255 0.0275
4.7 0.0102 -7.18e-08 -0.0272 0.029
4.8 0.0102 -7.6e-08 -0.0289 0.0307
4.9 0.0103 -8.04e-08 -0.0308 0.0325
5.0 0.0103 -8.48e-08 -0.0328 0.0344
5.1 0.0103 -8.93e-08 -0.035 0.0364
5.2 0.0103 -9.4e-08 -0.0372 0.0386
5.3 0.0103 -9.89e-08 -0.0395 0.0409
5.4 0.0104 -1.04e-07 -0.042 0.0433
5.5 0.0104 -1.09e-07 -0.0446 0.0458
5.6 0.0104 -1.14e-07 -0.0473 0.0484
5.7 0.0104 -1.19e-07 -0.0501 0.0512
5.8 0.0104 -1.24e-07 -0.053 0.054
5.9 0.0104 -1.29e-07 -0.056 0.057
6.0 0.0104 -1.35e-07 -0.0591 0.06
6.1 0.0104 -1.4e-07 -0.0623 0.0631
6.2 0.0104 -1.46e-07 -0.0655 0.0663
6.3 0.0103 -1.52e-07 -0.0688 0.0695
6.4 0.0103 -1.57e-07 -0.0721 0.0729
6.5 0.0103 -1.63e-07 -0.0755 0.0762
6.6 0.0102 -1.69e-07 -0.079 0.0797
6.7 0.0102 -1.75e-07 -0.0824 0.083
6.8 0.0101 -1.82e-07 -0.0858 0.0864
6.9 0.01 -1.88e-07 -0.0893 0.0898
7.0 0.00995 -1.94e-07 -0.0927 0.0933
7.1 0.00985 -2.01e-07 -0.0962 0.0967
7.2 0.00974 -2.07e-07 -0.0996 0.1
7.3 0.00961 -2.14e-07 -0.103 0.103
7.4 0.00947 -2.21e-07 -0.106 0.107
7.5 0.00934 -2.28e-07 -0.11 0.111
7.6 0.0092 -2.35e-07 -0.114 0.114
7.7 0.00903 -2.42e-07 -0.118 0.118
7.8 0.00889 -2.49e-07 -0.123 0.123
7.9 0.00893 -2.57e-07 -0.13 0.13
8.0 0.00964 -2.64e-07 -0.146 0.147
8.1 0.0414 -2.7e-07 -0.508 0.509
8.2 0.0493 -2.77e-07 -0.6 0.602
8.3 0.129 -3.03e-07 -0.669 0.681
8.4 0.0943 -3.02e-07 -0.611 0.618
8.5 0.0734 -2.99e-07 -0.553 0.558
8.6 0.0462 -2.71e-07 -0.504 0.507
8.7 0.0123 -2.43e-07 -0.464 0.464
8.8 -0.0283 -2.13e-07 -0.431 0.432
8.9 -0.0761 -1.83e-07 -0.406 0.413
9.0 -0.132 -1.51e-07 -0.388 0.409
9.1 -0.196 -1.16e-07 -0.376 0.424
9.2 -0.272 -1.1e-07 -0.372 0.461
9.3 -0.359 -1.07e-07 -0.375 0.52
9.4 -0.462 -1.03e-07 -0.387 0.603
9.5 -0.584 -9.46e-08 -0.407 0.712
9.6 -0.728 -8.16e-08 -0.438 0.85
9.7 -0.901 -6.15e-08 -0.48 1.02
9.8 -1.06 -4.99e-08 -0.518 1.18
9.9 -0.964 -1.25e-07 -0.627 1.15
10.0 -0.891 -2.05e-07 -0.588 1.07
10.1 -0.825 -2.87e-07 -0.544 0.988
10.2 -0.763 -3.72e-07 -0.504 0.915
10.3 -0.706 -4.58e-07 -0.466 0.846
10.4 -0.654 -5.48e-07 -0.432 0.784
10.5 -0.605 -6.4e-07 -0.401 0.726
10.6 -0.56 -7.34e-07 -0.372 0.672
10.7 -0.518 -8.29e-07 -0.346 0.623
10.8 -0.479 -9.28e-07 -0.322 0.577
10.9 -0.443 -1.03e-06 -0.301 0.535
11.0 -0.41 -1.13e-06 -0.281 0.497
11.1 -0.379 -1.24e-06 -0.262 0.461
11.2 -0.35 -1.34e-06 -0.245 0.428
11.3 -0.324 -1.45e-06 -0.23 0.397
11.4 -0.299 -1.56e-06 -0.215 0.369
11.5 -0.277 -1.67e-06 -0.202 0.342
11.6 -0.256 -1.78e-06 -0.189 0.318
11.7 -0.236 -1.9e-06 -0.177 0.295
11.8 -0.218 -2.02e-06 -0.165 0.274
11.9 -0.202 -2.14e-06 -0.154 0.254
12.0 -0.186 -2.27e-06 -0.144 0.235
12.1 -0.172 -2.39e-06 -0.134 0.218
12.2 -0.159 -2.52e-06 -0.125 0.202
12.3 -0.147 -2.65e-06 -0.116 0.187
12.4 -0.135 -2.78e-06 -0.107 0.172
12.5 -0.125 -2.91e-06 -0.0983 0.159
12.6 -0.115 -3.04e-06 -0.0902 0.146
12.7 -0.107 -3.17e-06 -0.0825 0.135
12.8 -0.0985 -3.3e-06 -0.075 0.124
12.9 -0.0911 -3.43e-06 -0.0678 0.114
13.0 -0.0844 -3.57e-06 -0.061 0.104
13.1 -0.0783 -3.7e-06 -0.0544 0.0954
13.2 -0.0729 -3.82e-06 -0.0483 0.0874
13.3 -0.0682 -3.95e-06 -0.0425 0.0804
13.4 -0.0644 -4.07e-06 -0.0368 0.0742
13.5 -0.0601 -4.19e-06 -0.0281 0.0663
13.6 -0.0569 -4.31e-06 -0.025 0.0621
13.7 -0.0523 -4.44e-06 -0.0225 0.0569
13.8 -0.0455 -4.56e-06 -0.0207 0.05
13.9 -0.0358 -4.7e-06 -0.0198 0.0409
14.0 -0.0217 -4.84e-06 -0.0202 0.0297
14.1 -0.00208 -5e-06 -0.0222 0.0223
14.2 0.0248 -5.18e-06 -0.0262 0.0361
14.3 0.0608 -5.39e-06 -0.0328 0.0691
14.4 0.108 -5.64e-06 -0.0428 0.117
14.5 0.17 -5.94e-06 -0.0569 0.18
14.6 0.25 -6.3e-06 -0.0761 0.261
14.7 0.352 -6.75e-06 -0.102 0.366
14.8 0.481 -7.31e-06 -0.135 0.5
14.9 0.644 -8e-06 -0.179 0.668
15.0 0.849 -8.87e-06 -0.233 0.88
15.1 1.11 -9.96e-06 -0.303 1.15
15.2 1.43 -1.13e-05 -0.389 1.48
15.3 1.83 -1.31e-05 -0.496 1.9
15.4 2.33 -1.53e-05 -0.627 2.42
15.5 2.96 -1.8e-05 -0.788 3.07
15.6 3.75 -2.15e-05 -0.982 3.88
15.7 4.73 -2.59e-05 -1.22 4.89
15.8 5.97 -3.16e-05 -1.5 6.15
15.9 7.6 0.000105 -1.96 7.85
16.0 9.99 0.000531 -2.74 10.4
16.1 13.3 0.00106 -3.72 13.8
16.2 17.9 0.00171 -4.9 18.5
16.3 24.0 0.0025 -6.3 24.8
16.4 32.1 0.00348 -7.96 33.1
16.5 42.9 0.00476 -9.93 44.0
16.6 57.0 0.00627 -12.2 58.3
16.7 75.6 0.00745 -15.0 77.0
16.8 99.8 0.00747 -18.2 1.01e+02
16.9 1.32e+02 0.00554 -22.0 1.33e+02
17.0 1.73e+02 0.000795 -26.6 1.75e+02
17.1 2.27e+02 -0.00789 -32.1 2.3e+02
17.2 2.99e+02 -0.022 -38.7 3.01e+02
17.3 3.92e+02 -0.0435 -46.6 3.95e+02
17.4 5.14e+02 -0.0751 -56.1 5.17e+02
17.5 6.73e+02 -0.121 -67.7 6.77e+02
17.6 8.82e+02 -0.185 -81.6 8.86e+02
17.7 1.16e+03 -0.274 -98.3 1.16e+03
17.8 1.51e+03 -0.398 -1.18e+02 1.52e+03
17.9 1.98e+03 -0.567 -1.43e+02 1.99e+03
18.0 2.59e+03 -0.798 -1.72e+02 2.6e+03
18.1 3.39e+03 -1.11 -2.08e+02 3.4e+03
18.2 4.44e+03 -1.54 -2.51e+02 4.45e+03
18.3 5.81e+03 -2.11 -3.02e+02 5.81e+03
18.4 7.6e+03 -2.87 -3.64e+02 7.6e+03
18.5 9.94e+03 -3.89 -4.4e+02 9.94e+03
18.6 1.3e+04 -5.25 -5.29e+02 1.3e+04
18.7 1.7e+04 -7.07 -6.38e+02 1.7e+04
18.8 2.22e+04 -9.48 -7.7e+02 2.22e+04
18.9 2.89e+04 -12.7 -9.27e+02 2.9e+04
19.0 3.78e+04 -16.9 -1.12e+03 3.78e+04
19.1 4.94e+04 -22.5 -1.35e+03 4.94e+04
19.2 6.45e+04 -29.9 -1.63e+03 6.46e+04
19.3 8.43e+04 -39.7 -1.96e+03 8.43e+04
19.4 1.1e+05 -52.6 -2.36e+03 1.1e+05
19.5 1.44e+05 -69.5 -2.85e+03 1.44e+05
19.6 1.88e+05 -91.9 -3.44e+03 1.88e+05
19.7 2.46e+05 -1.21e+02 -4.14e+03 2.46e+05
19.8 3.21e+05 -1.6e+02 -5e+03 3.21e+05
19.9 4.19e+05 -2.11e+02 -6.03e+03 4.19e+05
20.0 5.48e+05 -2.78e+02 -7.27e+03 5.48e+05
20.1 7.15e+05 -3.66e+02 -8.77e+03 7.15e+05
20.2 9.35e+05 -4.81e+02 -1.06e+04 9.35e+05
20.3 1.22e+06 -6.32e+02 -1.28e+04 1.22e+06
20.4 1.59e+06 -8.31e+02 -1.54e+04 1.59e+06
20.5 2.08e+06 -1.09e+03 -1.86e+04 2.08e+06
20.6 2.72e+06 -1.43e+03 -2.24e+04 2.72e+06
20.7 3.56e+06 -1.88e+03 -2.7e+04 3.56e+06
20.8 4.64e+06 -2.47e+03 -3.26e+04 4.65e+06
20.9 6.07e+06 -3.24e+03 -3.93e+04 6.07e+06
21.0 7.93e+06 -4.24e+03 -4.74e+04 7.93e+06
21.1 1.04e+07 -5.56e+03 -5.72e+04 1.04e+07
21.2 1.35e+07 -7.29e+03 -6.89e+04 1.35e+07
21.3 1.77e+07 -9.55e+03 -8.32e+04 1.77e+07
21.4 2.31e+07 -1.25e+04 -1e+05 2.31e+07
21.5 3.02e+07 -1.64e+04 -1.21e+05 3.02e+07
21.6 3.94e+07 -2.15e+04 -1.46e+05 3.94e+07
21.7 5.15e+07 -2.81e+04 -1.76e+05 5.15e+07
21.8 6.72e+07 -3.68e+04 -2.12e+05 6.72e+07
21.9 8.78e+07 -4.82e+04 -2.56e+05 8.78e+07
22.0 1.15e+08 -6.31e+04 -3.09e+05 1.15e+08
22.1 1.5e+08 -8.26e+04 -3.73e+05 1.5e+08
22.2 1.96e+08 -1.08e+05 -4.5e+05 1.96e+08
22.3 2.56e+08 -1.41e+05 -5.42e+05 2.56e+08
22.4 3.34e+08 -1.85e+05 -6.54e+05 3.34e+08
22.5 4.36e+08 -2.42e+05 -7.89e+05 4.36e+08
22.6 5.7e+08 -3.17e+05 -9.52e+05 5.7e+08
22.7 7.45e+08 -4.14e+05 -1.15e+06 7.45e+08
22.8 9.73e+08 -5.42e+05 -1.39e+06 9.73e+08
22.9 1.27e+09 -7.09e+05 -1.67e+06 1.27e+09
23.0 1.66e+09 -9.28e+05 -2.02e+06 1.66e+09
23.1 2.17e+09 -1.21e+06 -2.43e+06 2.17e+09
23.2 2.83e+09 -1.59e+06 -2.93e+06 2.83e+09
23.3 3.7e+09 -2.08e+06 -3.54e+06 3.7e+09
23.4 4.83e+09 -2.71e+06 -4.27e+06 4.83e+09
23.5 6.32e+09 -3.55e+06 -5.15e+06 6.32e+09
23.6 8.25e+09 -4.64e+06 -6.21e+06 8.25e+09
23.7 1.08e+10 -6.07e+06 -7.5e+06 1.08e+10
23.8 1.41e+10 -7.94e+06 -9.04e+06 1.41e+10
23.9 1.84e+10 -1.04e+07 -1.09e+07 1.84e+10
24.0 2.4e+10 -1.36e+07 -1.32e+07 2.4e+10
24.1 3.14e+10 -1.78e+07 -1.59e+07 3.14e+10
24.2 4.1e+10 -2.32e+07 -1.91e+07 4.1e+10
24.3 5.36e+10 -3.04e+07 -2.31e+07 5.36e+10
24.4 7e+10 -3.97e+07 -2.79e+07 7e+10
24.5 9.14e+10 -5.19e+07 -3.36e+07 9.14e+10
24.6 1.19e+11 -6.79e+07 -4.06e+07 1.19e+11
24.7 1.56e+11 -8.87e+07 -4.89e+07 1.56e+11
24.8 2.04e+11 -1.16e+08 -5.9e+07 2.04e+11
24.9 2.66e+11 -1.52e+08 -7.12e+07 2.66e+11
25.0 3.48e+11 -1.98e+08 -8.59e+07 3.48e+11
25.1 4.54e+11 -2.59e+08 -1.04e+08 4.54e+11
25.2 5.93e+11 -3.39e+08 -1.25e+08 5.93e+11
25.3 7.75e+11 -4.43e+08 -1.51e+08 7.75e+11
25.4 1.01e+12 -5.79e+08 -1.82e+08 1.01e+12
25.5 1.32e+12 -7.57e+08 -2.19e+08 1.32e+12
25.6 1.73e+12 -9.9e+08 -2.65e+08 1.73e+12
25.7 2.26e+12 -1.29e+09 -3.19e+08 2.26e+12
25.8 2.95e+12 -1.69e+09 -3.85e+08 2.95e+12
25.9 3.85e+12 -2.21e+09 -4.65e+08 3.85e+12
26.0 5.03e+12 -2.89e+09 -5.61e+08 5.03e+12
26.1 6.57e+12 -3.78e+09 -6.76e+08 6.57e+12
26.2 8.59e+12 -4.94e+09 -8.16e+08 8.59e+12
26.3 1.12e+13 -6.46e+09 -9.84e+08 1.12e+13
26.4 1.47e+13 -8.45e+09 -1.19e+09 1.47e+13
26.5 1.91e+13 -1.1e+10 -1.43e+09 1.91e+13
26.6 2.5e+13 -1.44e+10 -1.73e+09 2.5e+13
26.7 3.27e+13 -1.89e+10 -2.08e+09 3.27e+13
26.8 4.27e+13 -2.47e+10 -2.51e+09 4.27e+13
26.9 5.57e+13 -3.23e+10 -3.03e+09 5.57e+13
27.0 7.28e+13 -4.22e+10 -3.66e+09 7.28e+13
27.1 9.51e+13 -5.51e+10 -4.41e+09 9.51e+13
27.2 1.24e+14 -7.21e+10 -5.33e+09 1.24e+14
27.3 1.62e+14 -9.42e+10 -6.42e+09 1.62e+14
27.4 2.12e+14 -1.23e+11 -7.75e+09 2.12e+14
27.5 2.77e+14 -1.61e+11 -9.35e+09 2.77e+14
27.6 3.62e+14 -2.1e+11 -1.13e+10 3.62e+14
27.7 4.73e+14 -2.75e+11 -1.36e+10 4.73e+14
27.8 6.18e+14 -3.6e+11 -1.64e+10 6.18e+14
27.9 8.07e+14 -4.7e+11 -1.98e+10 8.07e+14
28.0 1.05e+15 -6.15e+11 -2.39e+10 1.05e+15
28.1 1.38e+15 -8.03e+11 -2.88e+10 1.38e+15
28.2 1.8e+15 -1.05e+12 -3.48e+10 1.8e+15
28.3 2.35e+15 -1.37e+12 -4.19e+10 2.35e+15
28.4 3.07e+15 -1.79e+12 -5.06e+10 3.07e+15
28.5 4.01e+15 -2.35e+12 -6.1e+10 4.01e+15
28.6 5.24e+15 -3.07e+12 -7.36e+10 5.24e+15
28.7 6.84e+15 -4.01e+12 -8.88e+10 6.84e+15
28.8 8.94e+15 -5.24e+12 -1.07e+11 8.94e+15
28.9 1.17e+16 -6.85e+12 -1.29e+11 1.17e+16
29.0 1.53e+16 -8.95e+12 -1.56e+11 1.53e+16
29.1 1.99e+16 -1.17e+13 -1.88e+11 1.99e+16
29.2 2.6e+16 -1.53e+13 -2.27e+11 2.6e+16
29.3 3.4e+16 -2e+13 -2.74e+11 3.4e+16
29.4 4.44e+16 -2.61e+13 -3.3e+11 4.44e+16
29.5 5.8e+16 -3.42e+13 -3.98e+11 5.8e+16
29.6 7.58e+16 -4.47e+13 -4.81e+11 7.58e+16
29.7 9.9e+16 -5.84e+13 -5.8e+11 9.9e+16
29.8 1.29e+17 -7.63e+13 -6.99e+11 1.29e+17
29.9 1.69e+17 -9.97e+13 -8.44e+11 1.69e+17
30.0 2.21e+17 -1.3e+14 -1.02e+12 2.21e+17
30.1 2.88e+17 -1.7e+14 -1.23e+12 2.88e+17
30.2 3.77e+17 -2.23e+14 -1.48e+12 3.77e+17
30.3 4.92e+17 -2.91e+14 -1.79e+12 4.92e+17
30.4 6.43e+17 -3.81e+14 -2.16e+12 6.43e+17
30.5 8.4e+17 -4.97e+14 -2.6e+12 8.4e+17
30.6 1.1e+18 -6.5e+14 -3.14e+12 1.1e+18
30.7 1.43e+18 -8.5e+14 -3.79e+12 1.43e+18
30.8 1.87e+18 -1.11e+15 -4.57e+12 1.87e+18
30.9 2.45e+18 -1.45e+15 -5.51e+12 2.45e+18
31.0 3.19e+18 -1.9e+15 -6.65e+12 3.19e+18
31.1 4.17e+18 -2.48e+15 -8.02e+12 4.17e+18
31.2 5.45e+18 -3.24e+15 -9.67e+12 5.45e+18
31.3 7.12e+18 -4.24e+15 -1.17e+13 7.12e+18
31.4 9.3e+18 -5.54e+15 -1.41e+13 9.3e+18
31.5 1.22e+19 -7.24e+15 -1.7e+13 1.22e+19
31.6 1.59e+19 -9.46e+15 -2.05e+13 1.59e+19
31.7 2.07e+19 -1.24e+16 -2.47e+13 2.07e+19
31.8 2.71e+19 -1.62e+16 -2.98e+13 2.71e+19
31.9 3.54e+19 -2.11e+16 -3.6e+13 3.54e+19
32.0 4.62e+19 -2.76e+16 -4.34e+13 4.62e+19
32.1 6.04e+19 -3.61e+16 -5.23e+13 6.04e+19
32.2 7.89e+19 -4.72e+16 -6.31e+13 7.89e+19
32.3 1.03e+20 -6.17e+16 -7.62e+13 1.03e+20
32.4 1.35e+20 -8.06e+16 -9.19e+13 1.35e+20
32.5 1.76e+20 -1.05e+17 -1.11e+14 1.76e+20
32.6 2.3e+20 -1.38e+17 -1.34e+14 2.3e+20
32.7 3e+20 -1.8e+17 -1.61e+14 3e+20
32.8 3.92e+20 -2.35e+17 -1.95e+14 3.92e+20
32.9 5.12e+20 -3.07e+17 -2.35e+14 5.12e+20
33.0 6.69e+20 -4.02e+17 -2.83e+14 6.69e+20
33.1 8.74e+20 -5.25e+17 -3.42e+14 8.74e+20
33.2 1.14e+21 -6.86e+17 -4.12e+14 1.14e+21
33.3 1.49e+21 -8.97e+17 -4.97e+14 1.49e+21
33.4 1.95e+21 -1.17e+18 -6e+14 1.95e+21
33.5 2.54e+21 -1.53e+18 -7.23e+14 2.54e+21
33.6 3.32e+21 -2e+18 -8.73e+14 3.32e+21
33.7 4.34e+21 -2.62e+18 -1.05e+15 4.34e+21
33.8 5.67e+21 -3.42e+18 -1.27e+15 5.67e+21
33.9 7.41e+21 -4.47e+18 -1.53e+15 7.41e+21
34.0 9.68e+21 -5.84e+18 -1.85e+15 9.68e+21
34.1 1.26e+22 -7.64e+18 -2.23e+15 1.26e+22
34.2 1.65e+22 -9.98e+18 -2.69e+15 1.65e+22
34.3 2.16e+22 -1.3e+19 -3.25e+15 2.16e+22
34.4 2.82e+22 -1.7e+19 -3.91e+15 2.82e+22
34.5 3.68e+22 -2.23e+19 -4.72e+15 3.68e+22
34.6 4.81e+22 -2.91e+19 -5.7e+15 4.81e+22
34.7 6.28e+22 -3.81e+19 -6.87e+15 6.28e+22
34.8 8.21e+22 -4.97e+19 -8.29e+15 8.21e+22
34.9 1.07e+23 -6.5e+19 -1e+16 1.07e+23
35.0 1.4e+23 -8.5e+19 -1.21e+16 1.4e+23
35.1 1.83e+23 -1.11e+20 -1.46e+16 1.83e+23
35.2 2.39e+23 -1.45e+20 -1.76e+16 2.39e+23
35.3 3.12e+23 -1.9e+20 -2.12e+16 3.12e+23
35.4 4.08e+23 -2.48e+20 -2.56e+16 4.08e+23
35.5 5.33e+23 -3.24e+20 -3.08e+16 5.33e+23
35.6 6.96e+23 -4.23e+20 -3.72e+16 6.96e+23
35.7 9.09e+23 -5.53e+20 -4.49e+16 9.09e+23
35.8 1.19e+24 -7.23e+20 -5.41e+16 1.19e+24
35.9 1.55e+24 -9.45e+20 -6.53e+16 1.55e+24
36.0 2.03e+24 -1.24e+21 -7.88e+16 2.03e+24
36.1 2.65e+24 -1.61e+21 -9.5e+16 2.65e+24
36.2 3.46e+24 -2.11e+21 -1.15e+17 3.46e+24
36.3 4.52e+24 -2.76e+21 -1.38e+17 4.52e+24
36.4 5.9e+24 -3.6e+21 -1.67e+17 5.9e+24
36.5 7.71e+24 -4.71e+21 -2.01e+17 7.71e+24
36.6 1.01e+25 -6.15e+21 -2.43e+17 1.01e+25
36.7 1.32e+25 -8.04e+21 -2.93e+17 1.32e+25
36.8 1.72e+25 -1.05e+22 -3.53e+17 1.72e+25
36.9 2.25e+25 -1.37e+22 -4.26e+17 2.25e+25
37.0 2.93e+25 -1.79e+22 -5.14e+17 2.93e+25
37.1 3.83e+25 -2.35e+22 -6.2e+17 3.83e+25
37.2 5.01e+25 -3.07e+22 -7.48e+17 5.01e+25
37.3 6.54e+25 -4.01e+22 -9.03e+17 6.54e+25
37.4 8.54e+25 -5.24e+22 -1.09e+18 8.54e+25
37.5 1.12e+26 -6.84e+22 -1.31e+18 1.12e+26
37.6 1.46e+26 -8.94e+22 -1.58e+18 1.46e+26
37.7 1.9e+26 -1.17e+23 -1.91e+18 1.9e+26
37.8 2.49e+26 -1.53e+23 -2.31e+18 2.49e+26
37.9 3.25e+26 -2e+23 -2.78e+18 3.25e+26
38.0 4.25e+26 -2.61e+23 -3.36e+18 4.25e+26
38.1 5.55e+26 -3.41e+23 -4.05e+18 5.55e+26
38.2 7.25e+26 -4.45e+23 -4.88e+18 7.25e+26
38.3 9.47e+26 -5.82e+23 -5.89e+18 9.47e+26
38.4 1.24e+27 -7.61e+23 -7.11e+18 1.24e+27
38.5 1.62e+27 -9.94e+23 -8.58e+18 1.62e+27
38.6 2.11e+27 -1.3e+24 -1.03e+19 2.11e+27
38.7 2.76e+27 -1.7e+24 -1.25e+19 2.76e+27
38.8 3.6e+27 -2.22e+24 -1.51e+19 3.6e+27
38.9 4.7e+27 -2.9e+24 -1.82e+19 4.7e+27
39.0 6.14e+27 -3.79e+24 -2.19e+19 6.14e+27
39.1 8.03e+27 -4.95e+24 -2.64e+19 8.03e+27
39.2 1.05e+28 -6.47e+24 -3.19e+19 1.05e+28
39.3 1.37e+28 -8.46e+24 -3.85e+19 1.37e+28
39.4 1.79e+28 -1.11e+25 -4.64e+19 1.79e+28
39.5 2.34e+28 -1.44e+25 -5.6e+19 2.34e+28
39.6 3.05e+28 -1.89e+25 -6.75e+19 3.05e+28
39.7 3.99e+28 -2.47e+25 -8.15e+19 3.99e+28
39.8 5.21e+28 -3.22e+25 -9.83e+19 5.21e+28
39.9 6.81e+28 -4.21e+25 -1.19e+20 6.81e+28
40.0 8.89e+28 -5.5e+25 -1.43e+20 8.89e+28
40.1 1.16e+29 -7.19e+25 -1.73e+20 1.16e+29
40.2 1.52e+29 -9.4e+25 -2.08e+20 1.52e+29
40.3 1.98e+29 -1.23e+26 -2.51e+20 1.98e+29
40.4 2.59e+29 -1.61e+26 -3.03e+20 2.59e+29
40.5 3.38e+29 -2.1e+26 -3.65e+20 3.38e+29
40.6 4.42e+29 -2.74e+26 -4.41e+20 4.42e+29
40.7 5.77e+29 -3.58e+26 -5.32e+20 5.77e+29
40.8 7.54e+29 -4.68e+26 -6.42e+20 7.54e+29
40.9 9.85e+29 -6.12e+26 -7.74e+20 9.85e+29
41.0 1.29e+30 -7.99e+26 -9.34e+20 1.29e+30
41.1 1.68e+30 -1.04e+27 -1.13e+21 1.68e+30
41.2 2.2e+30 -1.37e+27 -1.36e+21 2.2e+30
41.3 2.87e+30 -1.78e+27 -1.64e+21 2.87e+30
41.4 3.75e+30 -2.33e+27 -1.98e+21 3.75e+30
41.5 4.9e+30 -3.05e+27 -2.39e+21 4.9e+30
41.6 6.4e+30 -3.98e+27 -2.88e+21 6.4e+30
41.7 8.35e+30 -5.2e+27 -3.47e+21 8.35e+30
41.8 1.09e+31 -6.8e+27 -4.19e+21 1.09e+31
41.9 1.43e+31 -8.88e+27 -5.05e+21 1.43e+31
42.0 1.86e+31 -1.16e+28 -6.1e+21 1.86e+31
42.1 2.43e+31 -1.52e+28 -7.35e+21 2.43e+31
42.2 3.18e+31 -1.98e+28 -8.87e+21 3.18e+31
42.3 4.15e+31 -2.59e+28 -1.07e+22 4.15e+31
42.4 5.42e+31 -3.38e+28 -1.29e+22 5.42e+31
42.5 7.09e+31 -4.42e+28 -1.56e+22 7.09e+31
42.6 9.26e+31 -5.78e+28 -1.88e+22 9.26e+31
42.7 1.21e+32 -7.55e+28 -2.27e+22 1.21e+32
42.8 1.58e+32 -9.87e+28 -2.73e+22 1.58e+32
42.9 2.06e+32 -1.29e+29 -3.3e+22 2.06e+32
43.0 2.7e+32 -1.69e+29 -3.98e+22 2.7e+32
43.1 3.52e+32 -2.2e+29 -4.8e+22 3.52e+32
43.2 4.6e+32 -2.88e+29 -5.79e+22 4.6e+32
43.3 6.01e+32 -3.76e+29 -6.99e+22 6.01e+32
43.4 7.85e+32 -4.91e+29 -8.43e+22 7.85e+32
43.5 1.03e+33 -6.42e+29 -1.02e+23 1.03e+33
43.6 1.34e+33 -8.39e+29 -1.23e+23 1.34e+33
43.7 1.75e+33 -1.1e+30 -1.48e+23 1.75e+33
43.8 2.29e+33 -1.43e+30 -1.78e+23 2.29e+33
43.9 2.99e+33 -1.87e+30 -2.15e+23 2.99e+33
44.0 3.9e+33 -2.45e+30 -2.6e+23 3.9e+33
44.1 5.1e+33 -3.2e+30 -3.13e+23 5.1e+33
44.2 6.66e+33 -4.18e+30 -3.78e+23 6.66e+33
44.3 8.7e+33 -5.46e+30 -4.56e+23 8.7e+33
44.4 1.14e+34 -7.13e+30 -5.5e+23 1.14e+34
44.5 1.48e+34 -9.32e+30 -6.64e+23 1.48e+34
44.6 1.94e+34 -1.22e+31 -8.01e+23 1.94e+34
44.7 2.53e+34 -1.59e+31 -9.66e+23 2.53e+34
44.8 3.31e+34 -2.08e+31 -1.17e+24 3.31e+34
44.9 4.32e+34 -2.72e+31 -1.41e+24 4.32e+34
45.0 5.64e+34 -3.55e+31 -1.7e+24 5.64e+34
45.1 7.37e+34 -4.64e+31 -2.05e+24 7.37e+34
45.2 9.63e+34 -6.06e+31 -2.47e+24 9.63e+34
45.3 1.26e+35 -7.92e+31 -2.98e+24 1.26e+35
45.4 1.64e+35 -1.03e+32 -3.59e+24 1.64e+35
45.5 2.15e+35 -1.35e+32 -4.33e+24 2.15e+35
45.6 2.81e+35 -1.77e+32 -5.23e+24 2.81e+35
45.7 3.66e+35 -2.31e+32 -6.3e+24 3.66e+35
45.8 4.79e+35 -3.02e+32 -7.61e+24 4.79e+35
45.9 6.25e+35 -3.94e+32 -9.17e+24 6.25e+35
46.0 8.17e+35 -5.15e+32 -1.11e+25 8.17e+35
46.1 1.07e+36 -6.73e+32 -1.34e+25 1.07e+36
46.2 1.39e+36 -8.8e+32 -1.61e+25 1.39e+36
46.3 1.82e+36 -1.15e+33 -1.94e+25 1.82e+36
46.4 2.38e+36 -1.5e+33 -2.34e+25 2.38e+36
46.5 3.11e+36 -1.96e+33 -2.83e+25 3.11e+36
46.6 4.06e+36 -2.56e+33 -3.41e+25 4.06e+36
46.7 5.3e+36 -3.35e+33 -4.12e+25 5.3e+36
46.8 6.93e+36 -4.38e+33 -4.96e+25 6.93e+36
46.9 9.05e+36 -5.72e+33 -5.99e+25 9.05e+36
47.0 1.18e+37 -7.47e+33 -7.23e+25 1.18e+37
47.1 1.54e+37 -9.77e+33 -8.72e+25 1.54e+37
47.2 2.02e+37 -1.28e+34 -1.05e+26 2.02e+37
47.3 2.64e+37 -1.67e+34 -1.27e+26 2.64e+37
47.4 3.44e+37 -2.18e+34 -1.53e+26 3.44e+37
47.5 4.5e+37 -2.85e+34 -1.85e+26 4.5e+37
47.6 5.88e+37 -3.72e+34 -2.23e+26 5.88e+37
47.7 7.67e+37 -4.86e+34 -2.69e+26 7.67e+37
47.8 1e+38 -6.35e+34 -3.24e+26 1e+38
47.9 1.31e+38 -8.3e+34 -3.91e+26 1.31e+38
48.0 1.71e+38 -1.08e+35 -4.72e+26 1.71e+38
48.1 2.23e+38 -1.42e+35 -5.69e+26 2.23e+38
48.2 2.92e+38 -1.85e+35 -6.86e+26 2.92e+38
48.3 3.81e+38 -2.42e+35 -8.28e+26 3.81e+38
48.4 4.98e+38 -3.16e+35 -9.99e+26 4.98e+38
48.5 6.51e+38 -4.13e+35 -1.21e+27 6.51e+38
48.6 8.5e+38 -5.4e+35 -1.45e+27 8.5e+38
48.7 1.11e+39 -7.05e+35 -1.75e+27 1.11e+39
48.8 1.45e+39 -9.21e+35 -2.12e+27 1.45e+39
48.9 1.9e+39 -1.2e+36 -2.55e+27 1.9e+39
49.0 2.48e+39 -1.57e+36 -3.08e+27 2.48e+39
49.1 3.23e+39 -2.06e+36 -3.71e+27 3.23e+39
49.2 4.23e+39 -2.69e+36 -4.48e+27 4.23e+39
49.3 5.52e+39 -3.51e+36 -5.41e+27 5.52e+39
49.4 7.21e+39 -4.59e+36 -6.52e+27 7.21e+39
49.5 9.42e+39 -5.99e+36 -7.87e+27 9.42e+39
49.6 1.23e+40 -7.83e+36 -9.49e+27 1.23e+40
49.7 1.61e+40 -1.02e+37 -1.14e+28 1.61e+40
49.8 2.1e+40 -1.34e+37 -1.38e+28 2.1e+40
49.9 2.74e+40 -1.75e+37 -1.67e+28 2.74e+40
