0.0 0.0 0.0 -1.56
0.1 0.0 0.0 -1.56
0.2 0.0 0.0 -1.56
0.3 0.0 0.0 -1.56
0.4 0.0 0.0 -1.56
0.5 0.0 0.0 -1.57
0.6 0.0 0.0 -1.57
0.7 0.0 0.0 -1.57
0.8 0.0 0.0 -1.57
0.9 0.0 0.0 -1.58
1.0 0.0 0.0 -1.58
1.1 0.0 0.0 -1.58
1.2 0.0 0.0 -1.58
1.3 0.0 0.0 -1.58
1.4 0.0 0.0 -1.59
1.5 0.0 0.0 -1.59
1.6 0.0 0.0 -1.59
1.7 0.0 0.0 -1.59
1.8 0.0 0.0 -1.59
1.9 0.0 0.0 -1.59
2.0 0.0 0.0 -1.59
2.1 0.0 0.0 -1.59
2.2 0.0 0.0 -1.59
2.3 0.0 0.0 -1.59
2.4 0.0 0.0 -1.59
2.5 0.0 0.0 -1.59
2.6 0.0 0.0 -1.59
2.7 0.0 0.0 -1.59
2.8 0.0 0.0 -1.59
2.9 0.0 0.0 -1.59
3.0 0.0 0.0 -1.6
3.1 0.0 0.0 -1.6
3.2 0.0 0.0 -1.6
3.3 0.0 0.0 -1.6
3.4 0.0 0.0 -1.6
3.5 0.0 0.0 -1.6
3.6 0.0 0.0 -1.6
3.7 0.0 0.0 -1.6
3.8 0.0 0.0 -1.6
3.9 0.0 0.0 -1.6
4.0 0.0 0.0 -1.6
4.1 0.0 0.0 -1.6
4.2 0.0 0.0 -1.6
4.3 0.0 0.0 -1.6
4.4 0.0 0.0 -1.6
4.5 0.0 0.0 -1.6
4.6 0.0 0.0 -1.6
4.7 0.0 0.0 -1.6
4.8 0.0 0.0 -1.6
4.9 0.0 0.0 -1.6
5.0 0.0 0.0 -1.6
5.1 0.0 0.0 -1.6
5.2 0.0 0.0 -1.6
5.3 0.0 0.0 -1.6
5.4 0.0 0.0 -1.6
5.5 0.0 0.0 -1.6
5.6 0.0 0.0 -1.6
5.7 0.0 0.0 -1.6
5.8 0.0 0.0 -1.6
5.9 0.0 0.0 -1.6
6.0 0.0 0.0 -1.6
6.1 0.0 0.0 -1.6
6.2 0.0 0.0 -1.6
6.3 0.0 0.0 -1.6
6.4 0.0 0.0 -1.6
6.5 0.0 0.0 -1.6
6.6 0.0 0.0 -1.6
6.7 0.0 0.0 -1.6
6.8 0.0 0.0 -1.6
6.9 0.0 0.0 -1.6
7.0 0.0 0.0 -1.6
7.1 0.0 0.0 -1.6
7.2 0.0 0.0 -1.6
7.3 0.0 0.0 -1.6
7.4 0.0 0.0 -1.6
7.5 0.0 0.0 -1.6
7.6 0.0 0.0 -1.6
7.7 0.0 0.0 -1.6
7.8 0.0 0.0 -1.6
7.9 0.0 0.0 -1.6
8.0 0.0 0.0 -1.6
8.1 0.0 0.0 -1.6
8.2 0.0 0.0 -1.6
8.3 0.0 0.0 -1.6
8.4 0.0 0.0 -1.6
8.5 0.0 0.0 -1.6
8.6 0.0 0.0 -1.6
8.7 0.0 0.0 -1.6
8.8 0.0 0.0 -1.6
8.9 0.0 0.0 -1.6
9.0 0.0 0.0 -1.6
9.1 0.0 0.0 -1.6
9.2 0.0 0.0 -1.6
9.3 0.0 0.0 -1.61
9.4 0.0 0.0 -1.61
9.5 0.0 0.0 -1.61
9.6 0.0 0.0 -1.61
9.7 0.0 0.0 -1.61
9.8 0.0 0.0 -1.61
9.9 0.0 0.0 -1.61
10.0 0.0 0.0 -1.61
10.1 0.0 0.0 -1.61
10.2 0.0 0.0 -1.61
10.3 0.0 0.0 -1.61
10.4 0.0 0.0 -1.61
10.5 0.0 0.0 -1.61
10.6 0.0 0.0 -1.61
10.7 0.0 0.0 -1.61
10.8 0.0 0.0 -1.61
10.9 0.0 0.0 -1.61
11.0 0.0 0.0 -1.61
11.1 0.0 0.0 -1.61
11.2 0.0 0.0 -1.61
11.3 0.0 0.0 -1.61
11.4 0.0 0.0 -1.61
11.5 0.0 0.0 -1.61
11.6 0.0 0.0 -1.61
11.7 0.0 0.0 -1.61
11.8 0.0 0.0 -1.61
11.9 0.0 0.0 -1.61
12.0 0.0 0.0 -1.61
12.1 0.0 0.0 -1.61
12.2 0.0 0.0 -1.61
12.3 0.0 0.0 -1.61
12.4 0.0 0.0 -1.61
12.5 0.0 0.0 -1.61
12.6 0.0 0.0 -1.61
12.7 0.0 0.0 -1.61
12.8 0.0 0.0 -1.61
12.9 0.0 0.0 -1.61
13.0 0.0 0.0 -1.61
13.1 0.0 0.0 -1.61
13.2 0.0 0.0 -1.61
13.3 0.0 0.0 -1.61
13.4 0.0 0.0 -1.61
13.5 0.0 0.0 -1.61
13.6 0.0 0.0 -1.62
13.7 0.0 0.0 -1.62
13.8 0.0 0.0 -1.62
13.9 0.0 0.0 -1.62
14.0 0.0 0.0 -1.62
14.1 0.0 0.0 -1.62
14.2 0.0 0.0 -1.62
14.3 0.0 0.0 -1.62
14.4 0.0 0.0 -1.62
14.5 0.0 0.0 -1.62
14.6 0.0 0.0 -1.62
14.7 0.0 0.0 -1.62
14.8 0.0 0.0 -1.62
14.9 0.0 0.0 -1.62
15.0 0.0 0.0 -1.62
15.1 0.0 0.0 -1.62
15.2 0.0 0.0 -1.62
15.3 0.0 0.0 -1.62
15.4 0.0 0.0 -1.62
15.5 0.0 0.0 -1.62
15.6 0.0 0.0 -1.62
15.7 0.0 0.0 -1.62
15.8 0.0 0.0 -1.62
15.9 0.0 0.0 -1.62
16.0 0.0 0.0 -1.62
16.1 0.0 0.0 -1.62
16.2 0.0 0.0 -1.62
16.3 0.0 0.0 -1.62
16.4 0.0 0.0 -1.62
16.5 0.0 0.0 -1.62
16.6 0.0 0.0 -1.62
16.7 0.0 0.0 -1.62
16.8 0.0 0.0 -1.62
16.9 0.0 0.0 -1.62
17.0 0.0 0.0 -1.62
17.1 0.0 0.0 -1.62
17.2 0.0 0.0 -1.62
17.3 0.0 0.0 -1.62
17.4 0.0 0.0 -1.62
17.5 0.0 0.0 -1.62
17.6 0.0 0.0 -1.62
17.7 0.0 0.0 -1.62
17.8 0.0 0.0 -1.62
17.9 0.0 0.0 -1.62
18.0 0.0 0.0 -1.62
18.1 0.0 0.0 -1.62
18.2 0.0 0.0 -1.62
18.3 0.0 0.0 -1.62
18.4 0.0 0.0 -1.62
18.5 0.0 0.0 -1.62
18.6 0.0 0.0 -1.62
18.7 0.0 0.0 -1.62
18.8 0.0 0.0 -1.62
18.9 0.0 0.0 -1.62
19.0 0.0 0.0 -1.62
19.1 0.0 0.0 -1.62
19.2 0.0 0.0 -1.62
19.3 0.0 0.0 -1.62
19.4 0.0 0.0 -1.62
19.5 0.0 0.0 -1.62
19.6 0.0 0.0 -1.62
19.7 0.0 0.0 -1.62
19.8 0.0 0.0 -1.62
19.9 0.0 0.0 -1.62
20.0 0.0 0.0 -1.62
20.1 0.0 0.0 -1.62
20.2 0.0 0.0 -1.62
20.3 0.0 0.0 -1.62
20.4 0.0 0.0 -1.62
20.5 0.0 0.0 -1.62
20.6 0.0 0.0 -1.62
20.7 0.0 0.0 -1.62
20.8 0.0 0.0 -1.62
20.9 0.0 0.0 -1.62
21.0 0.0 0.0 -1.62
21.1 0.0 0.0 -1.62
21.2 0.0 0.0 -1.62
21.3 0.0 0.0 -1.62
21.4 0.0 0.0 -1.62
21.5 0.0 0.0 -1.62
21.6 0.0 0.0 -1.62
21.7 0.0 0.0 -1.62
21.8 0.0 0.0 -1.62
21.9 0.0 0.0 -1.62
22.0 0.0 0.0 -1.62
22.1 0.0 0.0 -1.62
22.2 0.0 0.0 -1.62
22.3 0.0 0.0 -1.62
22.4 0.0 0.0 -1.62
22.5 0.0 0.0 -1.62
22.6 0.0 0.0 -1.62
22.7 0.0 0.0 -1.62
22.8 0.0 0.0 -1.62
22.9 0.0 0.0 -1.62
23.0 0.0 0.0 -1.62
23.1 0.0 0.0 -1.62
23.2 0.0 0.0 -1.62
23.3 0.0 0.0 -1.62
23.4 0.0 0.0 -1.62
23.5 0.0 0.0 -1.62
23.6 0.0 0.0 -1.62
23.7 0.0 0.0 -1.62
23.8 0.0 0.0 -1.62
23.9 0.0 0.0 -1.62
24.0 0.0 0.0 -1.62
24.1 0.0 0.0 -1.62
24.2 0.0 0.0 -1.62
24.3 0.0 0.0 -1.62
24.4 0.0 0.0 -1.62
24.5 0.0 0.0 -1.62
24.6 0.0 0.0 -1.62
24.7 0.0 0.0 -1.62
24.8 0.0 0.0 -1.62
24.9 0.0 0.0 -1.62
25.0 0.0 0.0 -1.62
25.1 0.0 0.0 -1.62
25.2 0.0 0.0 -1.62
25.3 0.0 0.0 -1.62
25.4 0.0 0.0 -1.62
25.5 0.0 0.0 -1.62
25.6 0.0 0.0 -1.62
25.7 0.0 0.0 -1.62
25.8 0.0 0.0 -1.62
25.9 0.0 0.0 -1.62
26.0 0.0 0.0 -1.62
26.1 0.0 0.0 -1.62
26.2 0.0 0.0 -1.62
26.3 0.0 0.0 -1.62
26.4 0.0 0.0 -1.62
26.5 0.0 0.0 -1.62
26.6 0.0 0.0 -1.62
26.7 0.0 0.0 -1.62
26.8 0.0 0.0 -1.62
26.9 0.0 0.0 -1.62
27.0 0.0 0.0 -1.62
27.1 0.0 0.0 -1.62
27.2 0.0 0.0 -1.62
27.3 0.0 0.0 -1.62
27.4 0.0 0.0 -1.62
27.5 0.0 0.0 -1.62
27.6 0.0 0.0 -1.62
27.7 0.0 0.0 -1.62
27.8 0.0 0.0 -1.62
27.9 0.0 0.0 -1.62
28.0 0.0 0.0 -1.62
28.1 0.0 0.0 -1.62
28.2 0.0 0.0 -1.62
28.3 0.0 0.0 -1.62
28.4 0.0 0.0 -1.62
28.5 0.0 0.0 -1.62
28.6 0.0 0.0 -1.62
28.7 0.0 0.0 -1.62
28.8 0.0 0.0 -1.62
28.9 0.0 0.0 -1.62
29.0 0.0 0.0 -1.62
29.1 0.0 0.0 -1.62
29.2 0.0 0.0 -1.62
29.3 0.0 0.0 -1.62
29.4 0.0 0.0 -1.62
29.5 0.0 0.0 -1.62
29.6 0.0 0.0 -1.62
29.7 0.0 0.0 -1.62
29.8 0.0 0.0 -1.62
29.9 0.0 0.0 -1.62
30.0 0.0 0.0 -1.62
30.1 0.0 0.0 -1.62
30.2 0.0 0.0 -1.62
30.3 0.0 0.0 -1.62
30.4 0.0 0.0 -1.62
30.5 0.0 0.0 -1.62
30.6 0.0 0.0 -1.62
30.7 0.0 0.0 -1.62
30.8 0.0 0.0 -1.62
30.9 0.0 0.0 -1.62
31.0 0.0 0.0 -1.62
31.1 0.0 0.0 -1.62
31.2 0.0 0.0 -1.62
31.3 0.0 0.0 -1.62
31.4 0.0 0.0 -1.62
31.5 0.0 0.0 -1.62
31.6 0.0 0.0 -1.62
31.7 0.0 0.0 -1.62
31.8 0.0 0.0 -1.62
31.9 0.0 0.0 -1.62
32.0 0.0 0.0 -1.62
32.1 0.0 0.0 -1.62
32.2 0.0 0.0 -1.62
32.3 0.0 0.0 -1.62
32.4 0.0 0.0 -1.62
32.5 0.0 0.0 -1.62
32.6 0.0 0.0 -1.62
32.7 0.0 0.0 -1.62
32.8 0.0 0.0 -1.62
32.9 0.0 0.0 -1.62
33.0 0.0 0.0 -1.62
33.1 0.0 0.0 -1.62
33.2 0.0 0.0 -1.62
33.3 0.0 0.0 -1.62
33.4 0.0 0.0 -1.62
33.5 0.0 0.0 -1.62
33.6 0.0 0.0 -1.62
33.7 0.0 0.0 -1.62
33.8 0.0 0.0 -1.62
33.9 0.0 0.0 -1.62
34.0 0.0 0.0 -1.62
34.1 0.0 0.0 -1.62
34.2 0.0 0.0 -1.62
34.3 0.0 0.0 -1.62
34.4 0.0 0.0 -1.62
34.5 0.0 0.0 -1.62
34.6 0.0 0.0 -1.62
34.7 0.0 0.0 -1.62
34.8 0.0 0.0 -1.62
34.9 0.0 0.0 -1.62
35.0 0.0 0.0 -1.62
35.1 0.0 0.0 -1.62
35.2 0.0 0.0 -1.62
35.3 0.0 0.0 -1.62
35.4 0.0 0.0 -1.62
35.5 0.0 0.0 -1.62
35.6 0.0 0.0 -1.62
35.7 0.0 0.0 -1.62
35.8 0.0 0.0 -1.62
35.9 0.0 0.0 -1.62
36.0 0.0 0.0 -1.62
36.1 0.0 0.0 -1.62
36.2 0.0 0.0 -1.62
36.3 0.0 0.0 -1.62
36.4 0.0 0.0 -1.62
36.5 0.0 0.0 -1.62
36.6 0.0 0.0 -1.62
36.7 0.0 0.0 -1.62
36.8 0.0 0.0 -1.62
36.9 0.0 0.0 -1.62
37.0 0.0 0.0 -1.62
37.1 0.0 0.0 -1.62
37.2 0.0 0.0 -1.62
37.3 0.0 0.0 -1.62
37.4 0.0 0.0 -1.62
37.5 0.0 0.0 -1.62
37.6 0.0 0.0 -1.62
37.7 0.0 0.0 -1.62
37.8 0.0 0.0 -1.62
37.9 0.0 0.0 -1.62
38.0 0.0 0.0 -1.62
38.1 0.0 0.0 -1.62
38.2 0.0 0.0 -1.62
38.3 0.0 0.0 -1.62
38.4 0.0 0.0 -1.62
38.5 0.0 0.0 -1.62
38.6 0.0 0.0 -1.62
38.7 0.0 0.0 -1.62
38.8 0.0 0.0 -1.62
38.9 0.0 0.0 -1.62
39.0 0.0 0.0 -1.62
39.1 0.0 0.0 -1.62
39.2 0.0 0.0 -1.62
39.3 0.0 0.0 -1.62
39.4 0.0 0.0 -1.62
39.5 0.0 0.0 -1.62
39.6 0.0 0.0 -1.62
39.7 0.0 0.0 -1.62
39.8 0.0 0.0 -1.62
39.9 0.0 0.0 -1.62
40.0 0.0 0.0 -1.62
40.1 0.0 0.0 -1.62
40.2 0.0 0.0 -1.62
40.3 0.0 0.0 -1.62
40.4 0.0 0.0 -1.62
40.5 0.0 0.0 -1.62
40.6 0.0 0.0 -1.62
40.7 0.0 0.0 -1.62
40.8 0.0 0.0 -1.62
40.9 0.0 0.0 -1.62
41.0 0.0 0.0 -1.62
41.1 0.0 0.0 -1.62
41.2 0.0 0.0 -1.62
41.3 0.0 0.0 -1.62
41.4 0.0 0.0 -1.62
41.5 0.0 0.0 -1.62
41.6 0.0 0.0 -1.62
41.7 0.0 0.0 -1.62
41.8 0.0 0.0 -1.62
41.9 0.0 0.0 -1.62
42.0 0.0 0.0 -1.62
42.1 0.0 0.0 -1.62
42.2 0.0 0.0 -1.62
42.3 0.0 0.0 -1.62
42.4 0.0 0.0 -1.62
42.5 0.0 0.0 -1.62
42.6 0.0 0.0 -1.62
42.7 0.0 0.0 -1.62
42.8 0.0 0.0 -1.62
42.9 0.0 0.0 -1.62
43.0 0.0 0.0 -1.62
43.1 0.0 0.0 -1.62
43.2 0.0 0.0 -1.62
43.3 0.0 0.0 -1.62
43.4 0.0 0.0 -1.62
43.5 0.0 0.0 -1.62
43.6 0.0 0.0 -1.62
43.7 0.0 0.0 -1.62
43.8 0.0 0.0 -1.62
43.9 0.0 0.0 -1.62
44.0 0.0 0.0 -1.62
44.1 0.0 0.0 -1.62
44.2 0.0 0.0 -1.62
44.3 0.0 0.0 -1.62
44.4 0.0 0.0 -1.62
44.5 0.0 0.0 -1.62
44.6 0.0 0.0 -1.62
44.7 0.0 0.0 -1.62
44.8 0.0 0.0 -1.62
44.9 0.0 0.0 -1.62
45.0 0.0 0.0 -1.62
45.1 0.0 0.0 -1.62
45.2 0.0 0.0 -1.62
45.3 0.0 0.0 -1.62
45.4 0.0 0.0 -1.62
45.5 0.0 0.0 -1.62
45.6 0.0 0.0 -1.62
45.7 0.0 0.0 -1.62
45.8 0.0 0.0 -1.62
45.9 0.0 0.0 -1.62
46.0 0.0 0.0 -1.62
46.1 0.0 0.0 -1.62
46.2 0.0 0.0 -1.62
46.3 0.0 0.0 -1.62
46.4 0.0 0.0 -1.62
46.5 0.0 0.0 -1.62
46.6 0.0 0.0 -1.62
46.7 0.0 0.0 -1.62
46.8 0.0 0.0 -1.62
46.9 0.0 0.0 -1.62
47.0 0.0 0.0 -1.62
47.1 0.0 0.0 -1.62
47.2 0.0 0.0 -1.62
47.3 0.0 0.0 -1.62
47.4 0.0 0.0 -1.62
47.5 0.0 0.0 -1.62
47.6 0.0 0.0 -1.62
47.7 0.0 0.0 -1.62
47.8 0.0 0.0 -1.62
47.9 0.0 0.0 -1.62
48.0 0.0 0.0 -1.62
48.1 0.0 0.0 -1.62
48.2 0.0 0.0 -1.62
48.3 0.0 0.0 -1.62
48.4 0.0 0.0 -1.62
48.5 0.0 0.0 -1.62
48.6 0.0 0.0 -1.62
48.7 0.0 0.0 -1.62
48.8 0.0 0.0 -1.62
48.9 0.0 0.0 -1.62
49.0 0.0 0.0 -1.62
49.1 0.0 0.0 -1.62
49.2 0.0 0.0 -1.62
49.3 0.0 0.0 -1.62
49.4 0.0 0.0 -1.62
49.5 0.0 0.0 -1.62
49.6 0.0 0.0 -1.62
49.7 0.0 0.0 -1.62
49.8 0.0 0.0 -1.62
49.9 0.0 0.0 -1.62
