0.0 2.5 1.04e-21 -1.0
0.1 2.5 -9.9e-16 -1.0
0.2 2.5 -1.32e-14 -1.0
0.3 2.5 -7.45e-14 -1.0
0.4 2.5 -2.82e-13 -1.01
0.5 2.5 -8.36e-13 -1.01
0.6 2.5 -2.11e-12 -1.01
0.7 2.5 -4.79e-12 -1.02
0.8 2.5 -9.99e-12 -1.02
0.9 2.5 -1.94e-11 -1.02
1.0 2.5 -3.52e-11 -1.03
1.1 2.51 -6.06e-11 -1.03
1.2 2.51 -9.94e-11 -1.03
1.3 2.51 -1.56e-10 -1.03
1.4 2.51 -2.36e-10 -1.04
1.5 2.51 -3.45e-10 -1.04
1.6 2.51 -4.91e-10 -1.04
1.7 2.51 -6.82e-10 -1.04
1.8 2.51 -9.24e-10 -1.05
1.9 2.51 -1.23e-09 -1.05
2.0 2.51 -1.6e-09 -1.05
2.1 2.51 -2.06e-09 -1.05
2.2 2.51 -2.61e-09 -1.06
2.3 2.52 -3.26e-09 -1.06
2.4 2.52 -4.03e-09 -1.06
2.5 2.52 -4.93e-09 -1.06
2.6 2.52 -5.96e-09 -1.06
2.7 2.52 -7.15e-09 -1.06
2.8 2.52 -8.51e-09 -1.06
2.9 2.52 -1e-08 -1.07
3.0 2.52 -1.18e-08 -1.07
3.1 2.52 -1.37e-08 -1.07
3.2 2.52 -1.58e-08 -1.07
3.3 2.52 -1.82e-08 -1.07
3.4 2.53 -2.09e-08 -1.07
3.5 2.53 -2.37e-08 -1.08
3.6 2.53 -2.69e-08 -1.08
3.7 2.53 -3.03e-08 -1.08
3.8 2.53 -3.41e-08 -1.08
3.9 2.53 -3.81e-08 -1.08
4.0 2.53 -4.25e-08 -1.08
4.1 2.53 -4.72e-08 -1.09
4.2 2.53 -5.23e-08 -1.09
4.3 2.53 -5.77e-08 -1.09
4.4 2.54 -6.35e-08 -1.09
4.5 2.54 -6.96e-08 -1.09
4.6 2.54 -7.62e-08 -1.1
4.7 2.54 -8.32e-08 -1.1
4.8 2.54 -9.06e-08 -1.1
4.9 2.54 -9.84e-08 -1.1
5.0 2.54 -1.07e-07 -1.11
5.1 2.54 -1.15e-07 -1.11
5.2 2.54 -1.25e-07 -1.11
5.3 2.54 -1.34e-07 -1.12
5.4 2.55 -1.44e-07 -1.12
5.5 2.55 -1.55e-07 -1.13
5.6 2.55 -1.66e-07 -1.13
5.7 2.55 -1.78e-07 -1.14
5.8 2.55 -1.9e-07 -1.14
5.9 2.55 -2.02e-07 -1.15
6.0 2.55 -2.16e-07 -1.15
6.1 2.55 -2.29e-07 -1.16
6.2 2.55 -2.44e-07 -1.17
6.3 2.56 -2.59e-07 -1.17
6.4 2.56 -2.74e-07 -1.18
6.5 2.56 -2.9e-07 -1.19
6.6 2.56 -3.07e-07 -1.19
6.7 2.56 -3.24e-07 -1.2
6.8 2.56 -3.42e-07 -1.21
6.9 2.56 -3.6e-07 -1.22
7.0 2.56 -3.79e-07 -1.23
7.1 2.56 -3.99e-07 -1.24
7.2 2.56 -4.2e-07 -1.25
7.3 2.57 -4.41e-07 -1.26
7.4 2.57 -4.62e-07 -1.27
7.5 2.57 -4.85e-07 -1.28
7.6 2.57 -5.08e-07 -1.29
7.7 2.57 -5.32e-07 -1.3
7.8 2.57 -5.56e-07 -1.31
7.9 2.57 -5.82e-07 -1.33
8.0 2.57 -6.08e-07 -1.34
8.1 2.57 -6.34e-07 -1.37
8.2 2.58 -6.62e-07 -1.43
8.3 2.59 -6.91e-07 -1.49
8.4 2.6 -7.21e-07 -1.56
8.5 2.61 -7.51e-07 -1.61
8.6 2.61 -7.79e-07 -1.67
8.7 2.62 -8.05e-07 -1.72
8.8 2.61 -8.28e-07 -1.76
8.9 2.61 -8.48e-07 -1.8
9.0 2.6 -8.65e-07 -1.84
9.1 2.58 -8.78e-07 -1.88
9.2 2.56 -8.89e-07 -1.92
9.3 2.53 -9e-07 -1.96
9.4 2.49 -9.11e-07 -1.99
9.5 2.43 -9.22e-07 -2.03
9.6 2.37 -9.31e-07 -2.08
9.7 2.29 -9.39e-07 -2.12
9.8 2.19 -9.45e-07 -2.17
9.9 2.09 -9.55e-07 -2.23
10.0 1.99 -9.72e-07 -2.29
10.1 1.91 -9.98e-07 -2.35
10.2 1.83 -1.03e-06 -2.4
10.3 1.75 -1.07e-06 -2.45
10.4 1.69 -1.13e-06 -2.49
10.5 1.62 -1.19e-06 -2.53
10.6 1.57 -1.25e-06 -2.57
10.7 1.51 -1.33e-06 -2.61
10.8 1.46 -1.42e-06 -2.64
10.9 1.42 -1.52e-06 -2.67
11.0 1.37 -1.63e-06 -2.7
11.1 1.33 -1.75e-06 -2.73
11.2 1.3 -1.88e-06 -2.75
11.3 1.26 -2.02e-06 -2.78
11.4 1.23 -2.17e-06 -2.8
11.5 1.2 -2.33e-06 -2.82
11.6 1.18 -2.5e-06 -2.84
11.7 1.15 -2.69e-06 -2.86
11.8 1.13 -2.88e-06 -2.88
11.9 1.11 -3.09e-06 -2.89
12.0 1.09 -3.31e-06 -2.91
12.1 1.07 -3.55e-06 -2.92
12.2 1.06 -3.79e-06 -2.93
12.3 1.04 -4.05e-06 -2.95
12.4 1.03 -4.32e-06 -2.96
12.5 1.01 -4.61e-06 -2.97
12.6 1.0 -4.9e-06 -2.98
12.7 0.99 -5.22e-06 -2.99
12.8 0.979 -5.54e-06 -2.99
12.9 0.97 -5.88e-06 -3.0
13.0 0.961 -6.23e-06 -3.01
13.1 0.953 -6.59e-06 -3.01
13.2 0.946 -6.97e-06 -3.02
13.3 0.938 -7.36e-06 -3.02
13.4 0.932 -7.76e-06 -3.03
13.5 0.926 -8.17e-06 -3.03
13.6 0.92 -8.6e-06 -3.03
13.7 0.914 -9.03e-06 -3.03
13.8 0.909 -9.48e-06 -3.04
13.9 0.905 -9.95e-06 -3.04
14.0 0.903 -1.04e-05 -3.04
14.1 0.901 -1.09e-05 -3.04
14.2 0.902 -1.14e-05 -3.05
14.3 0.907 -1.2e-05 -3.05
14.4 0.915 -1.25e-05 -3.05
14.5 0.929 -1.31e-05 -3.06
14.6 0.95 -1.37e-05 -3.06
14.7 0.98 -1.43e-05 -3.07
14.8 1.02 -1.5e-05 -3.08
14.9 1.08 -1.58e-05 -3.1
15.0 1.15 -1.66e-05 -3.12
15.1 1.25 -1.76e-05 -3.15
15.2 1.38 -1.86e-05 -3.18
15.3 1.54 -1.99e-05 -3.23
15.4 1.75 -2.13e-05 -3.28
15.5 2.01 -2.29e-05 -3.35
15.6 2.35 -2.49e-05 -3.44
15.7 2.77 -2.72e-05 -3.55
15.8 3.31 -3.01e-05 -3.69
15.9 3.98 -2.83e-05 -3.86
16.0 4.86 2.61e-06 -4.09
16.1 6.02 8.16e-05 -4.42
16.2 7.57 0.000219 -4.85
16.3 9.65 0.000428 -5.41
16.4 12.4 0.000726 -6.12
16.5 16.2 0.00114 -7.01
16.6 21.2 0.00169 -8.12
16.7 27.8 0.00239 -9.48
16.8 36.5 0.00315 -11.1
16.9 48.0 0.00382 -13.1
17.0 63.2 0.00417 -15.6
17.1 83.2 0.00385 -18.5
17.2 1.09e+02 0.00242 -22.0
17.3 1.44e+02 -0.000781 -26.3
17.4 1.89e+02 -0.00661 -31.4
17.5 2.48e+02 -0.0163 -37.6
17.6 3.26e+02 -0.0314 -45.1
17.7 4.27e+02 -0.0541 -54.1
17.8 5.6e+02 -0.0874 -64.9
17.9 7.34e+02 -0.135 -78.0
18.0 9.62e+02 -0.203 -93.7
18.1 1.26e+03 -0.298 -1.13e+02
18.2 1.65e+03 -0.429 -1.36e+02
18.3 2.16e+03 -0.61 -1.63e+02
18.4 2.83e+03 -0.858 -1.97e+02
18.5 3.7e+03 -1.19 -2.37e+02
18.6 4.85e+03 -1.65 -2.85e+02
18.7 6.34e+03 -2.26 -3.44e+02
18.8 8.29e+03 -3.09 -4.14e+02
18.9 1.08e+04 -4.19 -4.99e+02
19.0 1.42e+04 -5.66 -6.01e+02
19.1 1.85e+04 -7.62 -7.24e+02
19.2 2.42e+04 -10.2 -8.73e+02
19.3 3.16e+04 -13.7 -1.05e+03
19.4 4.13e+04 -18.3 -1.27e+03
19.5 5.4e+04 -24.4 -1.53e+03
19.6 7.05e+04 -32.4 -1.84e+03
19.7 9.21e+04 -43.0 -2.22e+03
19.8 1.2e+05 -57.0 -2.68e+03
19.9 1.57e+05 -75.5 -3.23e+03
20.0 2.05e+05 -99.9 -3.9e+03
20.1 2.68e+05 -1.32e+02 -4.7e+03
20.2 3.51e+05 -1.74e+02 -5.66e+03
20.3 4.58e+05 -2.3e+02 -6.83e+03
20.4 5.99e+05 -3.02e+02 -8.24e+03
20.5 7.82e+05 -3.98e+02 -9.93e+03
20.6 1.02e+06 -5.24e+02 -1.2e+04
20.7 1.33e+06 -6.89e+02 -1.44e+04
20.8 1.74e+06 -9.06e+02 -1.74e+04
20.9 2.28e+06 -1.19e+03 -2.1e+04
21.0 2.97e+06 -1.56e+03 -2.54e+04
21.1 3.89e+06 -2.05e+03 -3.06e+04
21.2 5.08e+06 -2.69e+03 -3.69e+04
21.3 6.63e+06 -3.53e+03 -4.45e+04
21.4 8.66e+06 -4.63e+03 -5.37e+04
21.5 1.13e+07 -6.07e+03 -6.47e+04
21.6 1.48e+07 -7.96e+03 -7.81e+04
21.7 1.93e+07 -1.04e+04 -9.42e+04
21.8 2.52e+07 -1.37e+04 -1.14e+05
21.9 3.3e+07 -1.79e+04 -1.37e+05
22.0 4.31e+07 -2.34e+04 -1.65e+05
22.1 5.62e+07 -3.07e+04 -1.99e+05
22.2 7.35e+07 -4.02e+04 -2.4e+05
22.3 9.6e+07 -5.26e+04 -2.9e+05
22.4 1.25e+08 -6.89e+04 -3.5e+05
22.5 1.64e+08 -9.02e+04 -4.22e+05
22.6 2.14e+08 -1.18e+05 -5.09e+05
22.7 2.8e+08 -1.54e+05 -6.14e+05
22.8 3.65e+08 -2.02e+05 -7.41e+05
22.9 4.77e+08 -2.64e+05 -8.94e+05
23.0 6.23e+08 -3.46e+05 -1.08e+06
23.1 8.14e+08 -4.53e+05 -1.3e+06
23.2 1.06e+09 -5.92e+05 -1.57e+06
23.3 1.39e+09 -7.75e+05 -1.89e+06
23.4 1.81e+09 -1.01e+06 -2.28e+06
23.5 2.37e+09 -1.33e+06 -2.75e+06
23.6 3.1e+09 -1.73e+06 -3.32e+06
23.7 4.05e+09 -2.27e+06 -4.01e+06
23.8 5.28e+09 -2.97e+06 -4.83e+06
23.9 6.9e+09 -3.88e+06 -5.83e+06
24.0 9.02e+09 -5.07e+06 -7.03e+06
24.1 1.18e+10 -6.63e+06 -8.48e+06
24.2 1.54e+10 -8.68e+06 -1.02e+07
24.3 2.01e+10 -1.13e+07 -1.23e+07
24.4 2.63e+10 -1.48e+07 -1.49e+07
24.5 3.43e+10 -1.94e+07 -1.8e+07
24.6 4.48e+10 -2.54e+07 -2.17e+07
24.7 5.85e+10 -3.32e+07 -2.61e+07
24.8 7.65e+10 -4.34e+07 -3.15e+07
24.9 9.99e+10 -5.67e+07 -3.81e+07
25.0 1.31e+11 -7.42e+07 -4.59e+07
25.1 1.7e+11 -9.7e+07 -5.54e+07
25.2 2.23e+11 -1.27e+08 -6.68e+07
25.3 2.91e+11 -1.66e+08 -8.06e+07
25.4 3.8e+11 -2.17e+08 -9.72e+07
25.5 4.96e+11 -2.83e+08 -1.17e+08
25.6 6.49e+11 -3.7e+08 -1.41e+08
25.7 8.47e+11 -4.84e+08 -1.71e+08
25.8 1.11e+12 -6.33e+08 -2.06e+08
25.9 1.45e+12 -8.28e+08 -2.48e+08
26.0 1.89e+12 -1.08e+09 -3e+08
26.1 2.47e+12 -1.41e+09 -3.61e+08
26.2 3.22e+12 -1.85e+09 -4.36e+08
26.3 4.21e+12 -2.42e+09 -5.26e+08
26.4 5.5e+12 -3.16e+09 -6.35e+08
26.5 7.18e+12 -4.13e+09 -7.66e+08
26.6 9.39e+12 -5.4e+09 -9.23e+08
26.7 1.23e+13 -7.06e+09 -1.11e+09
26.8 1.6e+13 -9.23e+09 -1.34e+09
26.9 2.09e+13 -1.21e+10 -1.62e+09
27.0 2.73e+13 -1.58e+10 -1.96e+09
27.1 3.57e+13 -2.06e+10 -2.36e+09
27.2 4.66e+13 -2.7e+10 -2.85e+09
27.3 6.09e+13 -3.53e+10 -3.43e+09
27.4 7.96e+13 -4.61e+10 -4.14e+09
27.5 1.04e+14 -6.03e+10 -5e+09
27.6 1.36e+14 -7.88e+10 -6.03e+09
27.7 1.77e+14 -1.03e+11 -7.27e+09
27.8 2.32e+14 -1.35e+11 -8.77e+09
27.9 3.03e+14 -1.76e+11 -1.06e+10
28.0 3.96e+14 -2.3e+11 -1.28e+10
28.1 5.17e+14 -3.01e+11 -1.54e+10
28.2 6.75e+14 -3.93e+11 -1.86e+10
28.3 8.82e+14 -5.14e+11 -2.24e+10
28.4 1.15e+15 -6.72e+11 -2.7e+10
28.5 1.5e+15 -8.78e+11 -3.26e+10
28.6 1.97e+15 -1.15e+12 -3.93e+10
28.7 2.57e+15 -1.5e+12 -4.75e+10
28.8 3.35e+15 -1.96e+12 -5.73e+10
28.9 4.38e+15 -2.56e+12 -6.91e+10
29.0 5.72e+15 -3.35e+12 -8.33e+10
29.1 7.48e+15 -4.38e+12 -1.01e+11
29.2 9.77e+15 -5.73e+12 -1.21e+11
29.3 1.28e+16 -7.48e+12 -1.46e+11
29.4 1.67e+16 -9.78e+12 -1.77e+11
29.5 2.18e+16 -1.28e+13 -2.13e+11
29.6 2.84e+16 -1.67e+13 -2.57e+11
29.7 3.72e+16 -2.19e+13 -3.1e+11
29.8 4.85e+16 -2.86e+13 -3.74e+11
29.9 6.34e+16 -3.73e+13 -4.51e+11
30.0 8.28e+16 -4.88e+13 -5.44e+11
30.1 1.08e+17 -6.38e+13 -6.56e+11
30.2 1.41e+17 -8.34e+13 -7.92e+11
30.3 1.85e+17 -1.09e+14 -9.55e+11
30.4 2.41e+17 -1.42e+14 -1.15e+12
30.5 3.15e+17 -1.86e+14 -1.39e+12
30.6 4.12e+17 -2.43e+14 -1.68e+12
30.7 5.38e+17 -3.18e+14 -2.02e+12
30.8 7.03e+17 -4.16e+14 -2.44e+12
30.9 9.18e+17 -5.44e+14 -2.94e+12
31.0 1.2e+18 -7.1e+14 -3.55e+12
31.1 1.57e+18 -9.29e+14 -4.28e+12
31.2 2.05e+18 -1.21e+15 -5.17e+12
31.3 2.67e+18 -1.59e+15 -6.23e+12
31.4 3.49e+18 -2.07e+15 -7.52e+12
31.5 4.56e+18 -2.71e+15 -9.07e+12
31.6 5.96e+18 -3.54e+15 -1.09e+13
31.7 7.78e+18 -4.63e+15 -1.32e+13
31.8 1.02e+19 -6.05e+15 -1.59e+13
31.9 1.33e+19 -7.91e+15 -1.92e+13
32.0 1.73e+19 -1.03e+16 -2.32e+13
32.1 2.27e+19 -1.35e+16 -2.8e+13
32.2 2.96e+19 -1.77e+16 -3.37e+13
32.3 3.87e+19 -2.31e+16 -4.07e+13
32.4 5.05e+19 -3.02e+16 -4.91e+13
32.5 6.6e+19 -3.94e+16 -5.92e+13
32.6 8.62e+19 -5.16e+16 -7.15e+13
32.7 1.13e+20 -6.74e+16 -8.62e+13
32.8 1.47e+20 -8.81e+16 -1.04e+14
32.9 1.92e+20 -1.15e+17 -1.25e+14
33.0 2.51e+20 -1.5e+17 -1.51e+14
33.1 3.28e+20 -1.97e+17 -1.83e+14
33.2 4.28e+20 -2.57e+17 -2.2e+14
33.3 5.6e+20 -3.36e+17 -2.66e+14
33.4 7.31e+20 -4.39e+17 -3.21e+14
33.5 9.55e+20 -5.74e+17 -3.87e+14
33.6 1.25e+21 -7.5e+17 -4.66e+14
33.7 1.63e+21 -9.8e+17 -5.63e+14
33.8 2.13e+21 -1.28e+18 -6.79e+14
33.9 2.78e+21 -1.67e+18 -8.19e+14
34.0 3.63e+21 -2.19e+18 -9.88e+14
34.1 4.75e+21 -2.86e+18 -1.19e+15
34.2 6.2e+21 -3.74e+18 -1.44e+15
34.3 8.1e+21 -4.89e+18 -1.73e+15
34.4 1.06e+22 -6.39e+18 -2.09e+15
34.5 1.38e+22 -8.35e+18 -2.52e+15
34.6 1.81e+22 -1.09e+19 -3.04e+15
34.7 2.36e+22 -1.43e+19 -3.67e+15
34.8 3.08e+22 -1.86e+19 -4.43e+15
34.9 4.03e+22 -2.43e+19 -5.35e+15
35.0 5.26e+22 -3.18e+19 -6.45e+15
35.1 6.87e+22 -4.16e+19 -7.78e+15
35.2 8.97e+22 -5.44e+19 -9.38e+15
35.3 1.17e+23 -7.1e+19 -1.13e+16
35.4 1.53e+23 -9.28e+19 -1.37e+16
35.5 2e+23 -1.21e+20 -1.65e+16
35.6 2.61e+23 -1.59e+20 -1.99e+16
35.7 3.41e+23 -2.07e+20 -2.4e+16
35.8 4.46e+23 -2.71e+20 -2.89e+16
35.9 5.83e+23 -3.54e+20 -3.49e+16
36.0 7.61e+23 -4.63e+20 -4.21e+16
36.1 9.94e+23 -6.05e+20 -5.08e+16
36.2 1.3e+24 -7.9e+20 -6.13e+16
36.3 1.7e+24 -1.03e+21 -7.39e+16
36.4 2.22e+24 -1.35e+21 -8.92e+16
36.5 2.89e+24 -1.76e+21 -1.08e+17
36.6 3.78e+24 -2.31e+21 -1.3e+17
36.7 4.94e+24 -3.01e+21 -1.57e+17
36.8 6.45e+24 -3.94e+21 -1.89e+17
36.9 8.43e+24 -5.15e+21 -2.28e+17
37.0 1.1e+25 -6.72e+21 -2.75e+17
37.1 1.44e+25 -8.79e+21 -3.32e+17
37.2 1.88e+25 -1.15e+22 -4e+17
37.3 2.45e+25 -1.5e+22 -4.82e+17
37.4 3.21e+25 -1.96e+22 -5.82e+17
37.5 4.19e+25 -2.56e+22 -7.02e+17
37.6 5.47e+25 -3.35e+22 -8.47e+17
37.7 7.15e+25 -4.38e+22 -1.02e+18
37.8 9.34e+25 -5.72e+22 -1.23e+18
37.9 1.22e+26 -7.48e+22 -1.49e+18
38.0 1.59e+26 -9.77e+22 -1.79e+18
38.1 2.08e+26 -1.28e+23 -2.16e+18
38.2 2.72e+26 -1.67e+23 -2.61e+18
38.3 3.55e+26 -2.18e+23 -3.15e+18
38.4 4.64e+26 -2.85e+23 -3.8e+18
38.5 6.06e+26 -3.73e+23 -4.58e+18
38.6 7.92e+26 -4.87e+23 -5.53e+18
38.7 1.03e+27 -6.36e+23 -6.67e+18
38.8 1.35e+27 -8.31e+23 -8.05e+18
38.9 1.77e+27 -1.09e+24 -9.71e+18
39.0 2.31e+27 -1.42e+24 -1.17e+19
39.1 3.01e+27 -1.86e+24 -1.41e+19
39.2 3.94e+27 -2.42e+24 -1.7e+19
39.3 5.14e+27 -3.17e+24 -2.06e+19
39.4 6.72e+27 -4.14e+24 -2.48e+19
39.5 8.77e+27 -5.41e+24 -2.99e+19
39.6 1.15e+28 -7.07e+24 -3.61e+19
39.7 1.5e+28 -9.24e+24 -4.35e+19
39.8 1.96e+28 -1.21e+25 -5.25e+19
39.9 2.56e+28 -1.58e+25 -6.34e+19
40.0 3.34e+28 -2.06e+25 -7.64e+19
40.1 4.36e+28 -2.7e+25 -9.22e+19
40.2 5.7e+28 -3.52e+25 -1.11e+20
40.3 7.44e+28 -4.6e+25 -1.34e+20
40.4 9.72e+28 -6.02e+25 -1.62e+20
40.5 1.27e+29 -7.86e+25 -1.95e+20
40.6 1.66e+29 -1.03e+26 -2.36e+20
40.7 2.17e+29 -1.34e+26 -2.84e+20
40.8 2.83e+29 -1.75e+26 -3.43e+20
40.9 3.7e+29 -2.29e+26 -4.14e+20
41.0 4.83e+29 -3e+26 -4.99e+20
41.1 6.31e+29 -3.91e+26 -6.02e+20
41.2 8.24e+29 -5.12e+26 -7.26e+20
41.3 1.08e+30 -6.68e+26 -8.76e+20
41.4 1.41e+30 -8.74e+26 -1.06e+21
41.5 1.84e+30 -1.14e+27 -1.27e+21
41.6 2.4e+30 -1.49e+27 -1.54e+21
41.7 3.14e+30 -1.95e+27 -1.86e+21
41.8 4.1e+30 -2.55e+27 -2.24e+21
41.9 5.35e+30 -3.33e+27 -2.7e+21
42.0 6.99e+30 -4.35e+27 -3.26e+21
42.1 9.13e+30 -5.68e+27 -3.93e+21
42.2 1.19e+31 -7.43e+27 -4.74e+21
42.3 1.56e+31 -9.71e+27 -5.72e+21
42.4 2.04e+31 -1.27e+28 -6.9e+21
42.5 2.66e+31 -1.66e+28 -8.32e+21
42.6 3.47e+31 -2.17e+28 -1e+22
42.7 4.54e+31 -2.83e+28 -1.21e+22
42.8 5.93e+31 -3.7e+28 -1.46e+22
42.9 7.74e+31 -4.83e+28 -1.76e+22
43.0 1.01e+32 -6.32e+28 -2.13e+22
43.1 1.32e+32 -8.25e+28 -2.57e+22
43.2 1.73e+32 -1.08e+29 -3.09e+22
43.3 2.26e+32 -1.41e+29 -3.73e+22
43.4 2.95e+32 -1.84e+29 -4.5e+22
43.5 3.85e+32 -2.41e+29 -5.43e+22
43.6 5.03e+32 -3.14e+29 -6.55e+22
43.7 6.57e+32 -4.11e+29 -7.91e+22
43.8 8.58e+32 -5.37e+29 -9.54e+22
43.9 1.12e+33 -7.02e+29 -1.15e+23
44.0 1.46e+33 -9.17e+29 -1.39e+23
44.1 1.91e+33 -1.2e+30 -1.67e+23
44.2 2.5e+33 -1.57e+30 -2.02e+23
44.3 3.26e+33 -2.05e+30 -2.44e+23
44.4 4.26e+33 -2.67e+30 -2.94e+23
44.5 5.57e+33 -3.49e+30 -3.55e+23
44.6 7.28e+33 -4.56e+30 -4.28e+23
44.7 9.5e+33 -5.96e+30 -5.16e+23
44.8 1.24e+34 -7.79e+30 -6.23e+23
44.9 1.62e+34 -1.02e+31 -7.51e+23
45.0 2.12e+34 -1.33e+31 -9.06e+23
45.1 2.77e+34 -1.74e+31 -1.09e+24
45.2 3.62e+34 -2.27e+31 -1.32e+24
45.3 4.72e+34 -2.97e+31 -1.59e+24
45.4 6.17e+34 -3.88e+31 -1.92e+24
45.5 8.06e+34 -5.07e+31 -2.32e+24
45.6 1.05e+35 -6.62e+31 -2.79e+24
45.7 1.38e+35 -8.66e+31 -3.37e+24
45.8 1.8e+35 -1.13e+32 -4.06e+24
45.9 2.35e+35 -1.48e+32 -4.9e+24
46.0 3.07e+35 -1.93e+32 -5.91e+24
46.1 4.01e+35 -2.52e+32 -7.14e+24
46.2 5.23e+35 -3.3e+32 -8.61e+24
46.3 6.84e+35 -4.31e+32 -1.04e+25
46.4 8.93e+35 -5.63e+32 -1.25e+25
46.5 1.17e+36 -7.36e+32 -1.51e+25
46.6 1.52e+36 -9.61e+32 -1.82e+25
46.7 1.99e+36 -1.26e+33 -2.2e+25
46.8 2.6e+36 -1.64e+33 -2.65e+25
46.9 3.4e+36 -2.14e+33 -3.2e+25
47.0 4.44e+36 -2.8e+33 -3.86e+25
47.1 5.8e+36 -3.66e+33 -4.66e+25
47.2 7.57e+36 -4.78e+33 -5.62e+25
47.3 9.89e+36 -6.25e+33 -6.78e+25
47.4 1.29e+37 -8.17e+33 -8.18e+25
47.5 1.69e+37 -1.07e+34 -9.87e+25
47.6 2.21e+37 -1.39e+34 -1.19e+26
47.7 2.88e+37 -1.82e+34 -1.44e+26
47.8 3.76e+37 -2.38e+34 -1.73e+26
47.9 4.92e+37 -3.11e+34 -2.09e+26
48.0 6.42e+37 -4.07e+34 -2.52e+26
48.1 8.39e+37 -5.31e+34 -3.04e+26
48.2 1.1e+38 -6.94e+34 -3.67e+26
48.3 1.43e+38 -9.07e+34 -4.43e+26
48.4 1.87e+38 -1.19e+35 -5.34e+26
48.5 2.44e+38 -1.55e+35 -6.44e+26
48.6 3.19e+38 -2.02e+35 -7.77e+26
48.7 4.17e+38 -2.64e+35 -9.37e+26
48.8 5.45e+38 -3.45e+35 -1.13e+27
48.9 7.11e+38 -4.51e+35 -1.36e+27
49.0 9.29e+38 -5.9e+35 -1.65e+27
49.1 1.21e+39 -7.71e+35 -1.98e+27
49.2 1.59e+39 -1.01e+36 -2.39e+27
49.3 2.07e+39 -1.32e+36 -2.89e+27
49.4 2.71e+39 -1.72e+36 -3.48e+27
49.5 3.54e+39 -2.25e+36 -4.2e+27
49.6 4.62e+39 -2.93e+36 -5.07e+27
49.7 6.03e+39 -3.83e+36 -6.12e+27
49.8 7.88e+39 -5.01e+36 -7.38e+27
49.9 1.03e+40 -6.55e+36 -8.9e+27
