0.0 -0.00298 3.38e-05 -0.303 0.303
0.1 -0.00591 6.52e-05 -0.559 0.56
0.2 -0.00924 9.44e-05 -0.752 0.752
0.3 -0.0139 0.000122 -0.857 0.857
0.4 -0.024 0.000147 -0.867 0.867
0.5 -0.0432 0.00017 -0.805 0.806
0.6 -0.0438 0.000192 -0.708 0.709
0.7 -0.0425 0.000213 -0.6 0.602
0.8 -0.0407 0.000232 -0.494 0.496
0.9 -0.0387 0.00025 -0.394 0.396
1.0 -0.0367 0.000267 -0.301 0.304
1.1 -0.0347 0.000282 -0.217 0.22
1.2 -0.0327 0.000297 -0.141 0.145
1.3 -0.0308 0.000312 -0.0725 0.0787
1.4 -0.029 0.000325 -0.0107 0.0309
1.5 -0.0272 0.000338 0.0447 0.0523
1.6 -0.0256 0.00035 0.0942 0.0976
1.7 -0.024 0.000362 0.138 0.14
1.8 -0.0226 0.000373 0.177 0.179
1.9 -0.0212 0.000384 0.212 0.213
2.0 -0.0199 0.000394 0.242 0.243
2.1 -0.0186 0.000404 0.267 0.268
2.2 -0.0175 0.000414 0.289 0.289
2.3 -0.0164 0.000423 0.305 0.305
2.4 -0.0153 0.000432 0.316 0.316
2.5 -0.0144 0.000441 0.321 0.321
2.6 -0.0135 0.000449 0.318 0.318
2.7 -0.0127 0.000458 0.307 0.307
2.8 -0.0119 0.000466 0.286 0.286
2.9 -0.0111 0.000474 0.254 0.255
3.0 -0.0105 0.000482 0.212 0.212
3.1 -0.00983 0.00049 0.161 0.161
3.2 -0.00924 0.000498 0.103 0.104
3.3 -0.0087 0.000505 0.0439 0.0447
3.4 -0.00819 0.000513 -0.0127 0.0151
3.5 -0.00772 0.00052 -0.0624 0.0629
3.6 -0.00729 0.000528 -0.102 0.102
3.7 -0.00689 0.000535 -0.13 0.13
3.8 -0.00652 0.000542 -0.146 0.146
3.9 -0.00619 0.000549 -0.151 0.151
4.0 -0.00588 0.000556 -0.146 0.146
4.1 -0.0056 0.000564 -0.134 0.135
4.2 -0.00534 0.00057 -0.117 0.117
4.3 -0.00511 0.000578 -0.0964 0.0966
4.4 -0.0049 0.000584 -0.074 0.0741
4.5 -0.0047 0.000591 -0.051 0.0512
4.6 -0.00453 0.000598 -0.0285 0.0289
4.7 -0.00437 0.000605 -0.00737 0.00859
4.8 -0.00423 0.000612 0.0118 0.0126
4.9 -0.0041 0.000619 0.0287 0.029
5.0 -0.00398 0.000626 0.0427 0.0429
5.1 -0.00388 0.000633 0.0538 0.0539
5.2 -0.00379 0.00064 0.0616 0.0617
5.3 -0.0037 0.000648 0.0662 0.0664
5.4 -0.00363 0.000655 0.0676 0.0677
5.5 -0.00357 0.000662 0.0659 0.066
5.6 -0.00351 0.000669 0.0613 0.0615
5.7 -0.00346 0.000676 0.0543 0.0544
5.8 -0.00342 0.000683 0.0453 0.0454
5.9 -0.00339 0.000691 0.0348 0.035
6.0 -0.00336 0.000698 0.0236 0.0238
6.1 -0.00334 0.000705 0.0123 0.0127
6.2 -0.00332 0.000713 0.00141 0.00367
6.3 -0.00331 0.00072 -0.00839 0.00905
6.4 -0.0033 0.000728 -0.0167 0.017
6.5 -0.00329 0.000736 -0.0232 0.0235
6.6 -0.0033 0.000743 -0.0279 0.0281
6.7 -0.0033 0.00075 -0.0305 0.0307
6.8 -0.00331 0.000758 -0.0313 0.0315
6.9 -0.00332 0.000766 -0.0304 0.0306
7.0 -0.00333 0.000773 -0.0281 0.0283
7.1 -0.00335 0.000781 -0.0246 0.0249
7.2 -0.00337 0.000789 -0.0204 0.0207
7.3 -0.00338 0.000797 -0.0156 0.016
7.4 -0.00341 0.000804 -0.0106 0.0111
7.5 -0.00343 0.000813 -0.00558 0.0066
7.6 -0.00345 0.000821 -0.000851 0.00365
7.7 -0.00348 0.000828 0.00342 0.00495
7.8 -0.0035 0.000836 0.0071 0.00796
7.9 -0.00353 0.000844 0.0101 0.0107
8.0 -0.00355 0.000852 0.0123 0.0128
8.1 -0.00358 0.000861 0.0137 0.0142
8.2 -0.00361 0.000869 0.0143 0.0147
8.3 -0.00363 0.000877 0.0141 0.0146
8.4 -0.00366 0.000885 0.0133 0.0139
8.5 -0.00369 0.000893 0.012 0.0126
8.6 -0.00371 0.000902 0.0102 0.0109
8.7 -0.00374 0.00091 0.00806 0.00893
8.8 -0.00376 0.000918 0.00576 0.00694
8.9 -0.00379 0.000926 0.0034 0.00518
9.0 -0.00381 0.000934 0.00113 0.00408
9.1 -0.00383 0.000942 -0.000973 0.00407
9.2 -0.00385 0.00095 -0.00281 0.00486
9.3 -0.00387 0.000957 -0.00431 0.00587
9.4 -0.00388 0.000964 -0.00545 0.00676
9.5 -0.0039 0.000972 -0.00619 0.00738
9.6 -0.00391 0.000979 -0.00655 0.00769
9.7 -0.00392 0.000986 -0.00656 0.0077
9.8 -0.00393 0.000993 -0.00624 0.00744
9.9 -0.00394 0.000999 -0.00565 0.00696
10.0 -0.00395 0.00101 -0.00485 0.00633
10.1 -0.00395 0.00101 -0.00389 0.00564
10.2 -0.00395 0.00102 -0.00285 0.00498
10.3 -0.00396 0.00102 -0.00178 0.00446
10.4 -0.00396 0.00103 -0.000731 0.00416
10.5 -0.00396 0.00104 0.000241 0.0041
10.6 -0.00396 0.00104 0.0011 0.00424
10.7 -0.00396 0.00105 0.00182 0.00448
10.8 -0.00395 0.00105 0.00237 0.00473
10.9 -0.00395 0.00106 0.00276 0.00493
11.0 -0.00394 0.00106 0.00297 0.00505
11.1 -0.00394 0.00107 0.00301 0.00507
11.2 -0.00393 0.00107 0.0029 0.005
11.3 -0.00392 0.00108 0.00267 0.00486
11.4 -0.00391 0.00108 0.00232 0.00468
11.5 -0.0039 0.00108 0.0019 0.00447
11.6 -0.00389 0.00109 0.00143 0.00429
11.7 -0.00388 0.00109 0.000939 0.00414
11.8 -0.00387 0.0011 0.000451 0.00404
11.9 -0.00385 0.0011 -9.19e-06 0.00401
12.0 -0.00384 0.0011 -0.000421 0.00402
12.1 -0.00382 0.00111 -0.000771 0.00405
12.2 -0.00381 0.00111 -0.00105 0.0041
12.3 -0.00379 0.00111 -0.00124 0.00414
12.4 -0.00378 0.00112 -0.00136 0.00416
12.5 -0.00376 0.00112 -0.0014 0.00416
12.6 -0.00374 0.00112 -0.00136 0.00414
12.7 -0.00372 0.00113 -0.00127 0.00409
12.8 -0.0037 0.00113 -0.00112 0.00403
12.9 -0.00369 0.00113 -0.000935 0.00397
13.0 -0.00367 0.00113 -0.000723 0.00391
13.1 -0.00365 0.00114 -0.000499 0.00385
13.2 -0.00363 0.00114 -0.000274 0.00381
13.3 -0.00361 0.00114 -5.98e-05 0.00378
13.4 -0.00359 0.00114 0.000135 0.00377
13.5 -0.00357 0.00114 0.000302 0.00376
13.6 -0.00355 0.00115 0.000436 0.00375
13.7 -0.00353 0.00115 0.000535 0.00375
13.8 -0.00351 0.00115 0.000597 0.00374
13.9 -0.00349 0.00115 0.000623 0.00372
14.0 -0.00346 0.00115 0.000615 0.0037
14.1 -0.00344 0.00116 0.000578 0.00368
14.2 -0.00342 0.00116 0.000516 0.00365
14.3 -0.0034 0.00116 0.000434 0.00362
14.4 -0.00338 0.00116 0.00034 0.00359
14.5 -0.00336 0.00116 0.000238 0.00356
14.6 -0.00334 0.00116 0.000134 0.00354
14.7 -0.00332 0.00117 3.4e-05 0.00352
14.8 -0.0033 0.00117 -5.78e-05 0.0035
14.9 -0.00328 0.00117 -0.000138 0.00348
15.0 -0.00326 0.00117 -0.000203 0.00347
15.1 -0.00324 0.00117 -0.000253 0.00345
15.2 -0.00322 0.00117 -0.000285 0.00344
15.3 -0.0032 0.00117 -0.000301 0.00342
15.4 -0.00318 0.00118 -0.000301 0.0034
15.5 -0.00316 0.00118 -0.000287 0.00338
15.6 -0.00314 0.00118 -0.000261 0.00336
15.7 -0.00312 0.00118 -0.000226 0.00334
15.8 -0.0031 0.00118 -0.000184 0.00332
15.9 -0.00308 0.00118 -0.000138 0.0033
16.0 -0.00306 0.00119 -8.66e-05 0.00329
16.1 -0.00307 0.00119 -2.77e-05 0.00329
16.2 -0.00312 0.00122 4.2e-05 0.00335
16.3 -0.00325 0.00129 0.000126 0.00349
16.4 -0.00345 0.00144 0.000229 0.00374
16.5 -0.00363 0.00203 0.000375 0.00418
16.6 -0.0861 -0.931 -0.109 0.941
16.7 -0.211 -2.51 -0.299 2.54
16.8 -0.37 -4.74 -0.548 4.79
16.9 -0.578 -7.82 -0.856 7.88
17.0 -0.85 -12.0 -1.23 12.1
17.1 -1.21 -17.7 -1.7 17.8
17.2 -1.68 -25.4 -2.29 25.5
17.3 -2.31 -35.6 -3.01 35.8
17.4 -3.14 -49.3 -3.9 49.5
17.5 -4.23 -67.5 -4.99 67.8
17.6 -5.67 -91.6 -6.33 92.0
17.7 -7.56 -1.23e+02 -7.98 1.24e+02
17.8 -10.1 -1.66e+02 -9.98 1.66e+02
17.9 -13.3 -2.21e+02 -12.4 2.22e+02
18.0 -17.6 -2.94e+02 -15.4 2.95e+02
18.1 -23.3 -3.9e+02 -19.1 3.92e+02
18.2 -30.6 -5.17e+02 -23.5 5.18e+02
18.3 -40.3 -6.83e+02 -29.0 6.84e+02
18.4 -52.9 -9e+02 -35.6 9.02e+02
18.5 -69.5 -1.19e+03 -43.6 1.19e+03
18.6 -91.2 -1.56e+03 -53.4 1.56e+03
18.7 -1.2e+02 -2.05e+03 -65.2 2.05e+03
18.8 -1.57e+02 -2.69e+03 -79.6 2.7e+03
18.9 -2.05e+02 -3.53e+03 -97.1 3.54e+03
19.0 -2.68e+02 -4.63e+03 -1.18e+02 4.64e+03
19.1 -3.51e+02 -6.07e+03 -1.44e+02 6.08e+03
19.2 -4.59e+02 -7.95e+03 -1.75e+02 7.96e+03
19.3 -6e+02 -1.04e+04 -2.13e+02 1.04e+04
19.4 -7.85e+02 -1.36e+04 -2.59e+02 1.36e+04
19.5 -1.03e+03 -1.78e+04 -3.14e+02 1.79e+04
19.6 -1.34e+03 -2.33e+04 -3.81e+02 2.34e+04
19.7 -1.75e+03 -3.05e+04 -4.62e+02 3.05e+04
19.8 -2.29e+03 -3.99e+04 -5.61e+02 3.99e+04
19.9 -2.99e+03 -5.21e+04 -6.79e+02 5.22e+04
20.0 -3.9e+03 -6.81e+04 -8.23e+02 6.82e+04
20.1 -5.1e+03 -8.91e+04 -9.97e+02 8.92e+04
20.2 -6.66e+03 -1.16e+05 -1.21e+03 1.17e+05
20.3 -8.7e+03 -1.52e+05 -1.46e+03 1.52e+05
20.4 -1.14e+04 -1.99e+05 -1.77e+03 1.99e+05
20.5 -1.48e+04 -2.6e+05 -2.14e+03 2.6e+05
20.6 -1.94e+04 -3.39e+05 -2.59e+03 3.4e+05
20.7 -2.53e+04 -4.43e+05 -3.13e+03 4.44e+05
20.8 -3.31e+04 -5.79e+05 -3.79e+03 5.8e+05
20.9 -4.32e+04 -7.57e+05 -4.58e+03 7.58e+05
21.0 -5.64e+04 -9.89e+05 -5.53e+03 9.91e+05
21.1 -7.37e+04 -1.29e+06 -6.69e+03 1.29e+06
21.2 -9.63e+04 -1.69e+06 -8.08e+03 1.69e+06
21.3 -1.26e+05 -2.21e+06 -9.77e+03 2.21e+06
21.4 -1.64e+05 -2.88e+06 -1.18e+04 2.89e+06
21.5 -2.14e+05 -3.76e+06 -1.43e+04 3.77e+06
21.6 -2.8e+05 -4.92e+06 -1.72e+04 4.93e+06
21.7 -3.66e+05 -6.42e+06 -2.08e+04 6.43e+06
21.8 -4.78e+05 -8.39e+06 -2.51e+04 8.41e+06
21.9 -6.24e+05 -1.1e+07 -3.04e+04 1.1e+07
22.0 -8.15e+05 -1.43e+07 -3.67e+04 1.43e+07
22.1 -1.07e+06 -1.87e+07 -4.43e+04 1.87e+07
22.2 -1.39e+06 -2.44e+07 -5.35e+04 2.45e+07
22.3 -1.82e+06 -3.19e+07 -6.45e+04 3.2e+07
22.4 -2.37e+06 -4.17e+07 -7.79e+04 4.18e+07
22.5 -3.1e+06 -5.45e+07 -9.41e+04 5.46e+07
22.6 -4.05e+06 -7.12e+07 -1.14e+05 7.13e+07
22.7 -5.29e+06 -9.3e+07 -1.37e+05 9.31e+07
22.8 -6.91e+06 -1.21e+08 -1.65e+05 1.22e+08
22.9 -9.03e+06 -1.59e+08 -2e+05 1.59e+08
23.0 -1.18e+07 -2.07e+08 -2.41e+05 2.08e+08
23.1 -1.54e+07 -2.71e+08 -2.91e+05 2.71e+08
23.2 -2.01e+07 -3.54e+08 -3.51e+05 3.54e+08
23.3 -2.63e+07 -4.62e+08 -4.24e+05 4.63e+08
23.4 -3.43e+07 -6.04e+08 -5.12e+05 6.05e+08
23.5 -4.49e+07 -7.89e+08 -6.17e+05 7.9e+08
23.6 -5.86e+07 -1.03e+09 -7.45e+05 1.03e+09
23.7 -7.65e+07 -1.35e+09 -8.99e+05 1.35e+09
23.8 -1e+08 -1.76e+09 -1.08e+06 1.76e+09
23.9 -1.31e+08 -2.3e+09 -1.31e+06 2.3e+09
24.0 -1.71e+08 -3e+09 -1.58e+06 3e+09
24.1 -2.23e+08 -3.92e+09 -1.91e+06 3.93e+09
24.2 -2.91e+08 -5.12e+09 -2.3e+06 5.13e+09
24.3 -3.8e+08 -6.69e+09 -2.78e+06 6.7e+09
24.4 -4.97e+08 -8.74e+09 -3.35e+06 8.75e+09
24.5 -6.49e+08 -1.14e+10 -4.04e+06 1.14e+10
24.6 -8.48e+08 -1.49e+10 -4.88e+06 1.49e+10
24.7 -1.11e+09 -1.95e+10 -5.88e+06 1.95e+10
24.8 -1.45e+09 -2.54e+10 -7.1e+06 2.55e+10
24.9 -1.89e+09 -3.32e+10 -8.56e+06 3.33e+10
25.0 -2.47e+09 -4.34e+10 -1.03e+07 4.35e+10
25.1 -3.23e+09 -5.67e+10 -1.25e+07 5.68e+10
25.2 -4.21e+09 -7.41e+10 -1.5e+07 7.42e+10
25.3 -5.5e+09 -9.68e+10 -1.81e+07 9.69e+10
25.4 -7.19e+09 -1.26e+11 -2.19e+07 1.27e+11
25.5 -9.39e+09 -1.65e+11 -2.64e+07 1.65e+11
25.6 -1.23e+10 -2.16e+11 -3.19e+07 2.16e+11
25.7 -1.6e+10 -2.82e+11 -3.85e+07 2.82e+11
25.8 -2.09e+10 -3.68e+11 -4.64e+07 3.69e+11
25.9 -2.74e+10 -4.81e+11 -5.6e+07 4.82e+11
26.0 -3.57e+10 -6.28e+11 -6.75e+07 6.29e+11
26.1 -4.67e+10 -8.21e+11 -8.15e+07 8.22e+11
26.2 -6.1e+10 -1.07e+12 -9.83e+07 1.07e+12
26.3 -7.97e+10 -1.4e+12 -1.19e+08 1.4e+12
26.4 -1.04e+11 -1.83e+12 -1.43e+08 1.83e+12
26.5 -1.36e+11 -2.39e+12 -1.73e+08 2.39e+12
26.6 -1.78e+11 -3.12e+12 -2.08e+08 3.13e+12
26.7 -2.32e+11 -4.08e+12 -2.51e+08 4.09e+12
26.8 -3.03e+11 -5.33e+12 -3.03e+08 5.34e+12
26.9 -3.96e+11 -6.96e+12 -3.66e+08 6.97e+12
27.0 -5.17e+11 -9.09e+12 -4.41e+08 9.11e+12
27.1 -6.76e+11 -1.19e+13 -5.32e+08 1.19e+13
27.2 -8.83e+11 -1.55e+13 -6.42e+08 1.55e+13
27.3 -1.15e+12 -2.03e+13 -7.74e+08 2.03e+13
27.4 -1.51e+12 -2.65e+13 -9.34e+08 2.65e+13
27.5 -1.97e+12 -3.46e+13 -1.13e+09 3.46e+13
27.6 -2.57e+12 -4.52e+13 -1.36e+09 4.53e+13
27.7 -3.36e+12 -5.9e+13 -1.64e+09 5.91e+13
27.8 -4.39e+12 -7.71e+13 -1.98e+09 7.72e+13
27.9 -5.73e+12 -1.01e+14 -2.39e+09 1.01e+14
28.0 -7.48e+12 -1.32e+14 -2.88e+09 1.32e+14
28.1 -9.78e+12 -1.72e+14 -3.47e+09 1.72e+14
28.2 -1.28e+13 -2.25e+14 -4.19e+09 2.25e+14
28.3 -1.67e+13 -2.93e+14 -5.06e+09 2.94e+14
28.4 -2.18e+13 -3.83e+14 -6.1e+09 3.84e+14
28.5 -2.85e+13 -5.01e+14 -7.36e+09 5.01e+14
28.6 -3.72e+13 -6.54e+14 -8.88e+09 6.55e+14
28.7 -4.86e+13 -8.54e+14 -1.07e+10 8.56e+14
28.8 -6.35e+13 -1.12e+15 -1.29e+10 1.12e+15
28.9 -8.29e+13 -1.46e+15 -1.56e+10 1.46e+15
29.0 -1.08e+14 -1.9e+15 -1.88e+10 1.91e+15
29.1 -1.42e+14 -2.49e+15 -2.27e+10 2.49e+15
29.2 -1.85e+14 -3.25e+15 -2.74e+10 3.26e+15
29.3 -2.41e+14 -4.25e+15 -3.3e+10 4.25e+15
29.4 -3.15e+14 -5.55e+15 -3.98e+10 5.55e+15
29.5 -4.12e+14 -7.24e+15 -4.8e+10 7.26e+15
29.6 -5.38e+14 -9.46e+15 -5.8e+10 9.48e+15
29.7 -7.03e+14 -1.24e+16 -6.99e+10 1.24e+16
29.8 -9.19e+14 -1.61e+16 -8.43e+10 1.62e+16
29.9 -1.2e+15 -2.11e+16 -1.02e+11 2.11e+16
30.0 -1.57e+15 -2.76e+16 -1.23e+11 2.76e+16
30.1 -2.05e+15 -3.6e+16 -1.48e+11 3.61e+16
30.2 -2.68e+15 -4.7e+16 -1.79e+11 4.71e+16
30.3 -3.49e+15 -6.14e+16 -2.16e+11 6.15e+16
30.4 -4.57e+15 -8.03e+16 -2.6e+11 8.04e+16
30.5 -5.96e+15 -1.05e+17 -3.14e+11 1.05e+17
30.6 -7.79e+15 -1.37e+17 -3.78e+11 1.37e+17
30.7 -1.02e+16 -1.79e+17 -4.56e+11 1.79e+17
30.8 -1.33e+16 -2.34e+17 -5.51e+11 2.34e+17
30.9 -1.74e+16 -3.05e+17 -6.64e+11 3.06e+17
31.0 -2.27e+16 -3.99e+17 -8.01e+11 3.99e+17
31.1 -2.96e+16 -5.21e+17 -9.67e+11 5.22e+17
31.2 -3.87e+16 -6.81e+17 -1.17e+12 6.82e+17
31.3 -5.06e+16 -8.89e+17 -1.41e+12 8.91e+17
31.4 -6.61e+16 -1.16e+18 -1.7e+12 1.16e+18
31.5 -8.63e+16 -1.52e+18 -2.05e+12 1.52e+18
31.6 -1.13e+17 -1.98e+18 -2.47e+12 1.99e+18
31.7 -1.47e+17 -2.59e+18 -2.98e+12 2.59e+18
31.8 -1.92e+17 -3.38e+18 -3.59e+12 3.39e+18
31.9 -2.51e+17 -4.42e+18 -4.34e+12 4.43e+18
32.0 -3.28e+17 -5.77e+18 -5.23e+12 5.78e+18
32.1 -4.29e+17 -7.54e+18 -6.31e+12 7.55e+18
32.2 -5.6e+17 -9.85e+18 -7.61e+12 9.87e+18
32.3 -7.32e+17 -1.29e+19 -9.18e+12 1.29e+19
32.4 -9.56e+17 -1.68e+19 -1.11e+13 1.68e+19
32.5 -1.25e+18 -2.2e+19 -1.34e+13 2.2e+19
32.6 -1.63e+18 -2.87e+19 -1.61e+13 2.87e+19
32.7 -2.13e+18 -3.75e+19 -1.95e+13 3.75e+19
32.8 -2.78e+18 -4.89e+19 -2.35e+13 4.9e+19
32.9 -3.64e+18 -6.39e+19 -2.83e+13 6.4e+19
33.0 -4.75e+18 -8.35e+19 -3.41e+13 8.37e+19
33.1 -6.21e+18 -1.09e+20 -4.12e+13 1.09e+20
33.2 -8.11e+18 -1.43e+20 -4.97e+13 1.43e+20
33.3 -1.06e+19 -1.86e+20 -6e+13 1.87e+20
33.4 -1.38e+19 -2.43e+20 -7.23e+13 2.44e+20
33.5 -1.81e+19 -3.18e+20 -8.72e+13 3.18e+20
33.6 -2.36e+19 -4.15e+20 -1.05e+14 4.16e+20
33.7 -3.09e+19 -5.42e+20 -1.27e+14 5.43e+20
33.8 -4.03e+19 -7.08e+20 -1.53e+14 7.1e+20
33.9 -5.27e+19 -9.25e+20 -1.85e+14 9.27e+20
34.0 -6.88e+19 -1.21e+21 -2.23e+14 1.21e+21
34.1 -8.99e+19 -1.58e+21 -2.69e+14 1.58e+21
34.2 -1.17e+20 -2.06e+21 -3.24e+14 2.07e+21
34.3 -1.53e+20 -2.69e+21 -3.91e+14 2.7e+21
34.4 -2e+20 -3.52e+21 -4.72e+14 3.53e+21
34.5 -2.62e+20 -4.6e+21 -5.7e+14 4.61e+21
34.6 -3.42e+20 -6.01e+21 -6.87e+14 6.02e+21
34.7 -4.47e+20 -7.85e+21 -8.29e+14 7.86e+21
34.8 -5.83e+20 -1.03e+22 -1e+15 1.03e+22
34.9 -7.62e+20 -1.34e+22 -1.21e+15 1.34e+22
35.0 -9.95e+20 -1.75e+22 -1.46e+15 1.75e+22
35.1 -1.3e+21 -2.29e+22 -1.76e+15 2.29e+22
35.2 -1.7e+21 -2.99e+22 -2.12e+15 2.99e+22
35.3 -2.22e+21 -3.9e+22 -2.55e+15 3.91e+22
35.4 -2.9e+21 -5.09e+22 -3.08e+15 5.1e+22
35.5 -3.79e+21 -6.65e+22 -3.72e+15 6.67e+22
35.6 -4.95e+21 -8.69e+22 -4.49e+15 8.71e+22
35.7 -6.46e+21 -1.14e+23 -5.41e+15 1.14e+23
35.8 -8.44e+21 -1.48e+23 -6.53e+15 1.49e+23
35.9 -1.1e+22 -1.94e+23 -7.87e+15 1.94e+23
36.0 -1.44e+22 -2.53e+23 -9.5e+15 2.54e+23
36.1 -1.88e+22 -3.31e+23 -1.15e+16 3.31e+23
36.2 -2.46e+22 -4.32e+23 -1.38e+16 4.33e+23
36.3 -3.21e+22 -5.64e+23 -1.67e+16 5.65e+23
36.4 -4.2e+22 -7.37e+23 -2.01e+16 7.38e+23
36.5 -5.48e+22 -9.63e+23 -2.43e+16 9.65e+23
36.6 -7.16e+22 -1.26e+24 -2.93e+16 1.26e+24
36.7 -9.35e+22 -1.64e+24 -3.53e+16 1.65e+24
36.8 -1.22e+23 -2.15e+24 -4.26e+16 2.15e+24
36.9 -1.6e+23 -2.8e+24 -5.14e+16 2.81e+24
37.0 -2.09e+23 -3.66e+24 -6.2e+16 3.67e+24
37.1 -2.72e+23 -4.79e+24 -7.48e+16 4.79e+24
37.2 -3.56e+23 -6.25e+24 -9.02e+16 6.26e+24
37.3 -4.65e+23 -8.17e+24 -1.09e+17 8.18e+24
37.4 -6.07e+23 -1.07e+25 -1.31e+17 1.07e+25
37.5 -7.93e+23 -1.39e+25 -1.58e+17 1.4e+25
37.6 -1.04e+24 -1.82e+25 -1.91e+17 1.82e+25
37.7 -1.35e+24 -2.38e+25 -2.31e+17 2.38e+25
37.8 -1.77e+24 -3.11e+25 -2.78e+17 3.11e+25
37.9 -2.31e+24 -4.06e+25 -3.36e+17 4.07e+25
38.0 -3.02e+24 -5.3e+25 -4.05e+17 5.31e+25
38.1 -3.94e+24 -6.93e+25 -4.88e+17 6.94e+25
38.2 -5.15e+24 -9.05e+25 -5.89e+17 9.06e+25
38.3 -6.73e+24 -1.18e+26 -7.11e+17 1.18e+26
38.4 -8.79e+24 -1.54e+26 -8.57e+17 1.55e+26
38.5 -1.15e+25 -2.02e+26 -1.03e+18 2.02e+26
38.6 -1.5e+25 -2.63e+26 -1.25e+18 2.64e+26
38.7 -1.96e+25 -3.44e+26 -1.51e+18 3.45e+26
38.8 -2.56e+25 -4.5e+26 -1.82e+18 4.5e+26
38.9 -3.34e+25 -5.87e+26 -2.19e+18 5.88e+26
39.0 -4.37e+25 -7.67e+26 -2.64e+18 7.69e+26
39.1 -5.7e+25 -1e+27 -3.19e+18 1e+27
39.2 -7.45e+25 -1.31e+27 -3.85e+18 1.31e+27
39.3 -9.74e+25 -1.71e+27 -4.64e+18 1.71e+27
39.4 -1.27e+26 -2.23e+27 -5.6e+18 2.24e+27
39.5 -1.66e+26 -2.92e+27 -6.75e+18 2.92e+27
39.6 -2.17e+26 -3.81e+27 -8.14e+18 3.82e+27
39.7 -2.84e+26 -4.98e+27 -9.83e+18 4.99e+27
39.8 -3.7e+26 -6.51e+27 -1.19e+19 6.52e+27
39.9 -4.84e+26 -8.5e+27 -1.43e+19 8.51e+27
40.0 -6.32e+26 -1.11e+28 -1.72e+19 1.11e+28
40.1 -8.26e+26 -1.45e+28 -2.08e+19 1.45e+28
40.2 -1.08e+27 -1.89e+28 -2.51e+19 1.9e+28
40.3 -1.41e+27 -2.48e+28 -3.03e+19 2.48e+28
40.4 -1.84e+27 -3.23e+28 -3.65e+19 3.24e+28
40.5 -2.4e+27 -4.22e+28 -4.41e+19 4.23e+28
40.6 -3.14e+27 -5.52e+28 -5.32e+19 5.53e+28
40.7 -4.1e+27 -7.21e+28 -6.41e+19 7.22e+28
40.8 -5.36e+27 -9.42e+28 -7.74e+19 9.43e+28
40.9 -7e+27 -1.23e+29 -9.33e+19 1.23e+29
41.0 -9.15e+27 -1.61e+29 -1.13e+20 1.61e+29
41.1 -1.19e+28 -2.1e+29 -1.36e+20 2.1e+29
41.2 -1.56e+28 -2.74e+29 -1.64e+20 2.75e+29
41.3 -2.04e+28 -3.58e+29 -1.98e+20 3.59e+29
41.4 -2.66e+28 -4.68e+29 -2.38e+20 4.69e+29
41.5 -3.48e+28 -6.11e+29 -2.88e+20 6.12e+29
41.6 -4.55e+28 -7.99e+29 -3.47e+20 8e+29
41.7 -5.94e+28 -1.04e+30 -4.19e+20 1.04e+30
41.8 -7.76e+28 -1.36e+30 -5.05e+20 1.37e+30
41.9 -1.01e+29 -1.78e+30 -6.09e+20 1.78e+30
42.0 -1.32e+29 -2.33e+30 -7.35e+20 2.33e+30
42.1 -1.73e+29 -3.04e+30 -8.87e+20 3.04e+30
42.2 -2.26e+29 -3.97e+30 -1.07e+21 3.98e+30
42.3 -2.95e+29 -5.18e+30 -1.29e+21 5.19e+30
42.4 -3.86e+29 -6.77e+30 -1.56e+21 6.78e+30
42.5 -5.04e+29 -8.85e+30 -1.88e+21 8.86e+30
42.6 -6.58e+29 -1.16e+31 -2.27e+21 1.16e+31
42.7 -8.59e+29 -1.51e+31 -2.73e+21 1.51e+31
42.8 -1.12e+30 -1.97e+31 -3.3e+21 1.98e+31
42.9 -1.47e+30 -2.58e+31 -3.98e+21 2.58e+31
43.0 -1.92e+30 -3.37e+31 -4.8e+21 3.37e+31
43.1 -2.5e+30 -4.4e+31 -5.79e+21 4.4e+31
43.2 -3.27e+30 -5.74e+31 -6.98e+21 5.75e+31
43.3 -4.27e+30 -7.5e+31 -8.42e+21 7.51e+31
43.4 -5.58e+30 -9.8e+31 -1.02e+22 9.82e+31
43.5 -7.29e+30 -1.28e+32 -1.23e+22 1.28e+32
43.6 -9.52e+30 -1.67e+32 -1.48e+22 1.68e+32
43.7 -1.24e+31 -2.18e+32 -1.78e+22 2.19e+32
43.8 -1.62e+31 -2.85e+32 -2.15e+22 2.86e+32
43.9 -2.12e+31 -3.73e+32 -2.6e+22 3.73e+32
44.0 -2.77e+31 -4.87e+32 -3.13e+22 4.88e+32
44.1 -3.62e+31 -6.36e+32 -3.78e+22 6.37e+32
44.2 -4.73e+31 -8.31e+32 -4.56e+22 8.33e+32
44.3 -6.18e+31 -1.09e+33 -5.5e+22 1.09e+33
44.4 -8.07e+31 -1.42e+33 -6.63e+22 1.42e+33
44.5 -1.05e+32 -1.85e+33 -8e+22 1.86e+33
44.6 -1.38e+32 -2.42e+33 -9.65e+22 2.42e+33
44.7 -1.8e+32 -3.16e+33 -1.16e+23 3.17e+33
44.8 -2.35e+32 -4.13e+33 -1.4e+23 4.14e+33
44.9 -3.07e+32 -5.4e+33 -1.69e+23 5.4e+33
45.0 -4.01e+32 -7.05e+33 -2.04e+23 7.06e+33
45.1 -5.24e+32 -9.21e+33 -2.47e+23 9.22e+33
45.2 -6.85e+32 -1.2e+34 -2.98e+23 1.2e+34
45.3 -8.95e+32 -1.57e+34 -3.59e+23 1.57e+34
45.4 -1.17e+33 -2.05e+34 -4.33e+23 2.06e+34
45.5 -1.53e+33 -2.68e+34 -5.22e+23 2.69e+34
45.6 -1.99e+33 -3.5e+34 -6.3e+23 3.51e+34
45.7 -2.61e+33 -4.58e+34 -7.6e+23 4.58e+34
45.8 -3.4e+33 -5.98e+34 -9.17e+23 5.99e+34
45.9 -4.45e+33 -7.81e+34 -1.11e+24 7.82e+34
46.0 -5.81e+33 -1.02e+35 -1.33e+24 1.02e+35
46.1 -7.59e+33 -1.33e+35 -1.61e+24 1.33e+35
46.2 -9.91e+33 -1.74e+35 -1.94e+24 1.74e+35
46.3 -1.29e+34 -2.27e+35 -2.34e+24 2.28e+35
46.4 -1.69e+34 -2.97e+35 -2.83e+24 2.98e+35
46.5 -2.21e+34 -3.88e+35 -3.41e+24 3.89e+35
46.6 -2.89e+34 -5.07e+35 -4.11e+24 5.08e+35
46.7 -3.77e+34 -6.62e+35 -4.96e+24 6.63e+35
46.8 -4.92e+34 -8.65e+35 -5.99e+24 8.66e+35
46.9 -6.43e+34 -1.13e+36 -7.22e+24 1.13e+36
47.0 -8.4e+34 -1.48e+36 -8.71e+24 1.48e+36
47.1 -1.1e+35 -1.93e+36 -1.05e+25 1.93e+36
47.2 -1.43e+35 -2.52e+36 -1.27e+25 2.52e+36
47.3 -1.87e+35 -3.29e+36 -1.53e+25 3.3e+36
47.4 -2.45e+35 -4.3e+36 -1.85e+25 4.31e+36
47.5 -3.2e+35 -5.62e+36 -2.23e+25 5.62e+36
47.6 -4.18e+35 -7.34e+36 -2.69e+25 7.35e+36
47.7 -5.46e+35 -9.58e+36 -3.24e+25 9.6e+36
47.8 -7.13e+35 -1.25e+37 -3.91e+25 1.25e+37
47.9 -9.31e+35 -1.64e+37 -4.71e+25 1.64e+37
48.0 -1.22e+36 -2.14e+37 -5.69e+25 2.14e+37
48.1 -1.59e+36 -2.79e+37 -6.86e+25 2.8e+37
48.2 -2.08e+36 -3.65e+37 -8.28e+25 3.65e+37
48.3 -2.71e+36 -4.76e+37 -9.99e+25 4.77e+37
48.4 -3.54e+36 -6.22e+37 -1.2e+26 6.23e+37
48.5 -4.63e+36 -8.13e+37 -1.45e+26 8.14e+37
48.6 -6.04e+36 -1.06e+38 -1.75e+26 1.06e+38
48.7 -7.9e+36 -1.39e+38 -2.11e+26 1.39e+38
48.8 -1.03e+37 -1.81e+38 -2.55e+26 1.81e+38
48.9 -1.35e+37 -2.37e+38 -3.08e+26 2.37e+38
49.0 -1.76e+37 -3.09e+38 -3.71e+26 3.1e+38
49.1 -2.3e+37 -4.04e+38 -4.48e+26 4.05e+38
49.2 -3e+37 -5.28e+38 -5.4e+26 5.28e+38
49.3 -3.92e+37 -6.89e+38 -6.52e+26 6.9e+38
49.4 -5.13e+37 -9e+38 -7.86e+26 9.02e+38
49.5 -6.7e+37 -1.18e+39 -9.49e+26 1.18e+39
49.6 -8.75e+37 -1.54e+39 -1.14e+27 1.54e+39
49.7 -1.14e+38 -2.01e+39 -1.38e+27 2.01e+39
49.8 -1.49e+38 -2.62e+39 -1.67e+27 2.63e+39
49.9 -1.95e+38 -3.43e+39 -2.01e+27 3.43e+39
