0.0 -0.000148 2.34e-26 0.114 0.114
0.1 -0.00431 -1.37e-20 0.205 0.205
0.2 -0.0105 -3.51e-19 0.266 0.266
0.3 -0.0176 -2.73e-18 0.3 0.301
0.4 -0.025 -1.27e-17 0.315 0.316
0.5 -0.0324 -4.38e-17 0.314 0.315
0.6 -0.0397 -1.24e-16 0.301 0.304
0.7 -0.0468 -3.06e-16 0.28 0.284
0.8 -0.0538 -6.82e-16 0.254 0.26
0.9 -0.0607 -1.4e-15 0.224 0.233
1.0 -0.0674 -2.69e-15 0.193 0.205
1.1 -0.074 -4.87e-15 0.162 0.178
1.2 -0.0804 -8.33e-15 0.131 0.154
1.3 -0.0868 -1.36e-14 0.102 0.134
1.4 -0.0931 -2.13e-14 0.0743 0.119
1.5 -0.0992 -3.2e-14 0.0491 0.111
1.6 -0.105 -4.67e-14 0.0263 0.109
1.7 -0.111 -6.62e-14 0.00581 0.111
1.8 -0.117 -9.19e-14 -0.0123 0.118
1.9 -0.123 -1.24e-13 -0.0283 0.126
2.0 -0.129 -1.64e-13 -0.0424 0.136
2.1 -0.135 -2.13e-13 -0.0548 0.145
2.2 -0.14 -2.72e-13 -0.0659 0.155
2.3 -0.146 -3.43e-13 -0.0758 0.164
2.4 -0.151 -4.27e-13 -0.0848 0.174
2.5 -0.157 -5.25e-13 -0.0933 0.182
2.6 -0.162 -6.39e-13 -0.101 0.191
2.7 -0.168 -7.69e-13 -0.109 0.2
2.8 -0.173 -9.15e-13 -0.117 0.209
2.9 -0.178 -1.08e-12 -0.125 0.218
3.0 -0.183 -1.27e-12 -0.134 0.227
3.1 -0.188 -1.47e-12 -0.143 0.236
3.2 -0.193 -1.7e-12 -0.152 0.246
3.3 -0.198 -1.97e-12 -0.162 0.256
3.4 -0.203 -2.26e-12 -0.172 0.266
3.5 -0.208 -2.57e-12 -0.183 0.277
3.6 -0.213 -2.9e-12 -0.195 0.289
3.7 -0.218 -3.26e-12 -0.207 0.3
3.8 -0.223 -3.68e-12 -0.22 0.313
3.9 -0.227 -4.13e-12 -0.233 0.326
4.0 -0.232 -4.61e-12 -0.247 0.339
4.1 -0.236 -5.11e-12 -0.262 0.352
4.2 -0.241 -5.64e-12 -0.276 0.367
4.3 -0.245 -6.22e-12 -0.292 0.381
4.4 -0.25 -6.84e-12 -0.308 0.396
4.5 -0.254 -7.51e-12 -0.324 0.411
4.6 -0.258 -8.23e-12 -0.34 0.427
4.7 -0.262 -9e-12 -0.357 0.443
4.8 -0.267 -9.83e-12 -0.374 0.459
4.9 -0.271 -1.07e-11 -0.391 0.475
5.0 -0.275 -1.17e-11 -0.408 0.492
5.1 -0.279 -1.26e-11 -0.425 0.508
5.2 -0.283 -1.37e-11 -0.442 0.525
5.3 -0.287 -1.48e-11 -0.459 0.541
5.4 -0.29 -1.59e-11 -0.476 0.557
5.5 -0.294 -1.72e-11 -0.492 0.574
5.6 -0.298 -1.87e-11 -0.509 0.59
5.7 -0.302 -2.02e-11 -0.525 0.605
5.8 -0.305 -2.18e-11 -0.541 0.621
5.9 -0.309 -2.34e-11 -0.556 0.636
6.0 -0.312 -2.54e-11 -0.57 0.65
6.1 -0.316 -2.73e-11 -0.584 0.664
6.2 -0.319 -2.94e-11 -0.598 0.678
6.3 -0.322 -3.2e-11 -0.61 0.69
6.4 -0.326 -3.45e-11 -0.622 0.702
6.5 -0.329 -3.71e-11 -0.633 0.714
6.6 -0.332 -4.02e-11 -0.643 0.724
6.7 -0.335 -4.42e-11 -0.652 0.733
6.8 -0.338 -4.85e-11 -0.66 0.742
6.9 -0.341 -5.32e-11 -0.667 0.749
7.0 -0.344 -5.83e-11 -0.673 0.756
7.1 -0.347 -6.42e-11 -0.677 0.761
7.2 -0.35 -7.11e-11 -0.68 0.765
7.3 -0.353 -7.81e-11 -0.682 0.768
7.4 -0.355 -8.68e-11 -0.682 0.769
7.5 -0.358 -9.8e-11 -0.681 0.769
7.6 -0.361 -1.13e-10 -0.678 0.768
7.7 -0.363 -1.34e-10 -0.673 0.765
7.8 -0.366 -1.58e-10 -0.667 0.761
7.9 -0.368 -1.94e-10 -0.66 0.755
8.0 -0.37 -2.58e-10 -0.65 0.748
8.1 -0.372 -3.51e-10 -0.639 0.74
8.2 -0.374 -5.3e-10 -0.626 0.729
8.3 -0.446 1.84e-08 -0.641 0.781
8.4 -0.409 7.67e-09 -0.61 0.734
8.5 -0.374 -2.09e-09 -0.58 0.69
8.6 -0.348 -1.02e-08 -0.549 0.65
8.7 -0.327 -1.71e-08 -0.516 0.611
8.8 -0.31 -2.32e-08 -0.481 0.573
8.9 -0.295 -2.88e-08 -0.445 0.534
9.0 -0.281 -3.44e-08 -0.407 0.495
9.1 -0.267 -4.02e-08 -0.367 0.454
9.2 -0.25 -4.66e-08 -0.325 0.41
9.3 -0.23 -5.41e-08 -0.281 0.363
9.4 -0.206 -6.32e-08 -0.232 0.311
9.5 -0.176 -7.48e-08 -0.18 0.252
9.6 -0.138 -8.97e-08 -0.123 0.185
9.7 -0.0907 -1.09e-07 -0.0597 0.109
9.8 -0.082 -1.16e-07 -0.00854 0.0824
9.9 -0.334 -3.36e-08 -0.056 0.339
10.0 -0.529 3.21e-08 -0.0917 0.537
10.1 -0.631 6.87e-08 -0.109 0.64
10.2 -0.666 8.32e-08 -0.11 0.676
10.3 -0.664 8.45e-08 -0.0983 0.671
10.4 -0.643 7.9e-08 -0.0753 0.647
10.5 -0.616 7.05e-08 -0.0437 0.618
10.6 -0.589 6.14e-08 -0.00553 0.589
10.7 -0.564 5.25e-08 0.0375 0.565
10.8 -0.542 4.45e-08 0.0839 0.548
10.9 -0.523 3.74e-08 0.132 0.539
11.0 -0.507 3.13e-08 0.182 0.538
11.1 -0.493 2.61e-08 0.232 0.545
11.2 -0.482 2.17e-08 0.282 0.558
11.3 -0.472 1.8e-08 0.331 0.576
11.4 -0.464 1.48e-08 0.378 0.599
11.5 -0.457 1.22e-08 0.424 0.623
11.6 -0.452 9.98e-09 0.467 0.65
11.7 -0.447 8.1e-09 0.509 0.677
11.8 -0.443 6.52e-09 0.548 0.705
11.9 -0.44 5.18e-09 0.585 0.732
12.0 -0.437 4.05e-09 0.619 0.758
12.1 -0.434 3.09e-09 0.651 0.782
12.2 -0.432 2.27e-09 0.68 0.806
12.3 -0.43 1.55e-09 0.706 0.827
12.4 -0.429 9.23e-10 0.73 0.847
12.5 -0.428 3.63e-10 0.752 0.865
12.6 -0.426 -1.35e-10 0.77 0.88
12.7 -0.425 -6.07e-10 0.786 0.894
12.8 -0.424 -1.05e-09 0.8 0.905
12.9 -0.423 -1.52e-09 0.811 0.915
13.0 -0.422 -2.04e-09 0.819 0.921
13.1 -0.421 -2.61e-09 0.825 0.926
13.2 -0.42 -3.41e-09 0.828 0.928
13.3 -0.419 -4.64e-09 0.829 0.928
13.4 -0.418 -6.91e-09 0.827 0.926
13.5 -0.416 -8.23e-09 0.823 0.922
13.6 -0.416 -7.24e-09 0.816 0.916
13.7 -0.417 -1.5e-09 0.808 0.909
13.8 -0.421 1.01e-08 0.798 0.902
13.9 -0.426 2.9e-08 0.785 0.893
14.0 -0.433 5.68e-08 0.772 0.885
14.1 -0.444 9.55e-08 0.757 0.878
14.2 -0.457 1.48e-07 0.742 0.871
14.3 -0.474 2.16e-07 0.726 0.867
14.4 -0.495 3.05e-07 0.711 0.866
14.5 -0.521 4.19e-07 0.696 0.869
14.6 -0.554 5.64e-07 0.682 0.879
14.7 -0.594 7.48e-07 0.671 0.896
14.8 -0.643 9.81e-07 0.662 0.923
14.9 -0.704 1.27e-06 0.658 0.964
15.0 -0.78 1.64e-06 0.658 1.02
15.1 -0.874 2.1e-06 0.665 1.1
15.2 -0.991 2.68e-06 0.679 1.2
15.3 -1.14 3.4e-06 0.703 1.34
15.4 -1.32 4.3e-06 0.738 1.51
15.5 -1.54 5.42e-06 0.787 1.73
15.6 -1.83 6.82e-06 0.85 2.02
15.7 -2.18 8.56e-06 0.93 2.37
15.8 -2.63 1.07e-05 1.03 2.83
15.9 -3.21 1.31e-05 1.14 3.4
16.0 -3.98 1.14e-05 1.25 4.17
16.1 -5.03 -7.11e-06 1.35 5.21
16.2 -6.47 -5.99e-05 1.43 6.63
16.3 -8.36 -0.000166 1.56 8.5
16.4 -10.8 -0.000345 1.83 10.9
16.5 -13.9 -0.00062 2.28 14.1
16.6 -18.0 -0.00102 2.91 18.3
16.7 -23.4 -0.00156 3.75 23.7
16.8 -30.4 -0.00226 4.81 30.8
16.9 -39.6 -0.00304 6.12 40.1
17.0 -51.7 -0.00376 7.71 52.2
17.1 -67.4 -0.0042 9.63 68.1
17.2 -88.0 -0.00401 12.0 88.8
17.3 -1.15e+02 -0.00272 14.7 1.16e+02
17.4 -1.5e+02 0.000336 18.1 1.51e+02
17.5 -1.96e+02 0.00603 22.1 1.98e+02
17.6 -2.57e+02 0.0156 26.9 2.58e+02
17.7 -3.35e+02 0.0306 32.7 3.37e+02
17.8 -4.38e+02 0.0532 39.7 4.4e+02
17.9 -5.73e+02 0.0865 48.1 5.75e+02
18.0 -7.49e+02 0.134 58.2 7.51e+02
18.1 -9.79e+02 0.202 70.3 9.82e+02
18.2 -1.28e+03 0.297 84.9 1.28e+03
18.3 -1.67e+03 0.428 1.03e+02 1.68e+03
18.4 -2.19e+03 0.608 1.24e+02 2.19e+03
18.5 -2.86e+03 0.854 1.49e+02 2.86e+03
18.6 -3.74e+03 1.18 1.81e+02 3.74e+03
18.7 -4.89e+03 1.63 2.18e+02 4.89e+03
18.8 -6.38e+03 2.24 2.64e+02 6.39e+03
18.9 -8.34e+03 3.05 3.18e+02 8.35e+03
19.0 -1.09e+04 4.14 3.84e+02 1.09e+04
19.1 -1.42e+04 5.59 4.63e+02 1.42e+04
19.2 -1.86e+04 7.52 5.58e+02 1.86e+04
19.3 -2.43e+04 10.1 6.73e+02 2.43e+04
19.4 -3.17e+04 13.5 8.11e+02 3.18e+04
19.5 -4.15e+04 18.0 9.78e+02 4.15e+04
19.6 -5.42e+04 24.0 1.18e+03 5.42e+04
19.7 -7.08e+04 31.9 1.42e+03 7.08e+04
19.8 -9.24e+04 42.4 1.72e+03 9.24e+04
19.9 -1.21e+05 56.2 2.07e+03 1.21e+05
20.0 -1.58e+05 74.4 2.49e+03 1.58e+05
20.1 -2.06e+05 98.4 3.01e+03 2.06e+05
20.2 -2.69e+05 1.3e+02 3.63e+03 2.69e+05
20.3 -3.52e+05 1.71e+02 4.37e+03 3.52e+05
20.4 -4.59e+05 2.26e+02 5.27e+03 4.59e+05
20.5 -6e+05 2.98e+02 6.36e+03 6e+05
20.6 -7.84e+05 3.92e+02 7.67e+03 7.84e+05
20.7 -1.02e+06 5.16e+02 9.25e+03 1.02e+06
20.8 -1.34e+06 6.78e+02 1.12e+04 1.34e+06
20.9 -1.75e+06 8.92e+02 1.35e+04 1.75e+06
21.0 -2.28e+06 1.17e+03 1.62e+04 2.28e+06
21.1 -2.98e+06 1.54e+03 1.96e+04 2.98e+06
21.2 -3.89e+06 2.02e+03 2.36e+04 3.89e+06
21.3 -5.09e+06 2.65e+03 2.85e+04 5.09e+06
21.4 -6.65e+06 3.48e+03 3.43e+04 6.65e+06
21.5 -8.68e+06 4.56e+03 4.14e+04 8.68e+06
21.6 -1.13e+07 5.98e+03 5e+04 1.13e+07
21.7 -1.48e+07 7.83e+03 6.03e+04 1.48e+07
21.8 -1.94e+07 1.03e+04 7.27e+04 1.94e+07
21.9 -2.53e+07 1.34e+04 8.77e+04 2.53e+07
22.0 -3.3e+07 1.76e+04 1.06e+05 3.3e+07
22.1 -4.31e+07 2.31e+04 1.28e+05 4.31e+07
22.2 -5.64e+07 3.02e+04 1.54e+05 5.64e+07
22.3 -7.36e+07 3.96e+04 1.86e+05 7.36e+07
22.4 -9.62e+07 5.18e+04 2.24e+05 9.62e+07
22.5 -1.26e+08 6.78e+04 2.7e+05 1.26e+08
22.6 -1.64e+08 8.88e+04 3.26e+05 1.64e+08
22.7 -2.14e+08 1.16e+05 3.93e+05 2.14e+08
22.8 -2.8e+08 1.52e+05 4.74e+05 2.8e+08
22.9 -3.66e+08 1.99e+05 5.72e+05 3.66e+08
23.0 -4.78e+08 2.6e+05 6.9e+05 4.78e+08
23.1 -6.24e+08 3.41e+05 8.32e+05 6.24e+08
23.2 -8.16e+08 4.46e+05 1e+06 8.16e+08
23.3 -1.07e+09 5.83e+05 1.21e+06 1.07e+09
23.4 -1.39e+09 7.62e+05 1.46e+06 1.39e+09
23.5 -1.82e+09 9.97e+05 1.76e+06 1.82e+09
23.6 -2.38e+09 1.3e+06 2.13e+06 2.38e+09
23.7 -3.1e+09 1.71e+06 2.56e+06 3.1e+09
23.8 -4.05e+09 2.23e+06 3.09e+06 4.05e+09
23.9 -5.3e+09 2.92e+06 3.73e+06 5.3e+09
24.0 -6.92e+09 3.82e+06 4.5e+06 6.92e+09
24.1 -9.04e+09 4.99e+06 5.43e+06 9.04e+09
24.2 -1.18e+10 6.53e+06 6.55e+06 1.18e+10
24.3 -1.54e+10 8.54e+06 7.9e+06 1.54e+10
24.4 -2.01e+10 1.12e+07 9.53e+06 2.01e+10
24.5 -2.63e+10 1.46e+07 1.15e+07 2.63e+10
24.6 -3.44e+10 1.91e+07 1.39e+07 3.44e+10
24.7 -4.49e+10 2.5e+07 1.67e+07 4.49e+10
24.8 -5.87e+10 3.26e+07 2.02e+07 5.87e+10
24.9 -7.66e+10 4.27e+07 2.44e+07 7.66e+10
25.0 -1e+11 5.58e+07 2.94e+07 1e+11
25.1 -1.31e+11 7.3e+07 3.54e+07 1.31e+11
25.2 -1.71e+11 9.54e+07 4.28e+07 1.71e+11
25.3 -2.23e+11 1.25e+08 5.16e+07 2.23e+11
25.4 -2.92e+11 1.63e+08 6.22e+07 2.92e+11
25.5 -3.81e+11 2.13e+08 7.51e+07 3.81e+11
25.6 -4.97e+11 2.79e+08 9.05e+07 4.97e+11
25.7 -6.5e+11 3.65e+08 1.09e+08 6.5e+11
25.8 -8.49e+11 4.77e+08 1.32e+08 8.49e+11
25.9 -1.11e+12 6.23e+08 1.59e+08 1.11e+12
26.0 -1.45e+12 8.15e+08 1.92e+08 1.45e+12
26.1 -1.89e+12 1.07e+09 2.31e+08 1.89e+12
26.2 -2.47e+12 1.39e+09 2.79e+08 2.47e+12
26.3 -3.23e+12 1.82e+09 3.37e+08 3.23e+12
26.4 -4.22e+12 2.38e+09 4.06e+08 4.22e+12
26.5 -5.51e+12 3.11e+09 4.9e+08 5.51e+12
26.6 -7.2e+12 4.07e+09 5.91e+08 7.2e+12
26.7 -9.4e+12 5.32e+09 7.13e+08 9.4e+12
26.8 -1.23e+13 6.95e+09 8.6e+08 1.23e+13
26.9 -1.6e+13 9.09e+09 1.04e+09 1.6e+13
27.0 -2.1e+13 1.19e+10 1.25e+09 2.1e+13
27.1 -2.74e+13 1.55e+10 1.51e+09 2.74e+13
27.2 -3.58e+13 2.03e+10 1.82e+09 3.58e+13
27.3 -4.67e+13 2.65e+10 2.2e+09 4.67e+13
27.4 -6.11e+13 3.47e+10 2.65e+09 6.11e+13
27.5 -7.98e+13 4.54e+10 3.2e+09 7.98e+13
27.6 -1.04e+14 5.93e+10 3.86e+09 1.04e+14
27.7 -1.36e+14 7.75e+10 4.65e+09 1.36e+14
27.8 -1.78e+14 1.01e+11 5.61e+09 1.78e+14
27.9 -2.32e+14 1.32e+11 6.77e+09 2.32e+14
28.0 -3.03e+14 1.73e+11 8.17e+09 3.03e+14
28.1 -3.96e+14 2.26e+11 9.86e+09 3.96e+14
28.2 -5.18e+14 2.96e+11 1.19e+10 5.18e+14
28.3 -6.76e+14 3.87e+11 1.43e+10 6.76e+14
28.4 -8.84e+14 5.06e+11 1.73e+10 8.84e+14
28.5 -1.15e+15 6.61e+11 2.09e+10 1.15e+15
28.6 -1.51e+15 8.64e+11 2.52e+10 1.51e+15
28.7 -1.97e+15 1.13e+12 3.04e+10 1.97e+15
28.8 -2.57e+15 1.48e+12 3.66e+10 2.57e+15
28.9 -3.36e+15 1.93e+12 4.42e+10 3.36e+15
29.0 -4.39e+15 2.52e+12 5.33e+10 4.39e+15
29.1 -5.74e+15 3.3e+12 6.43e+10 5.74e+15
29.2 -7.49e+15 4.31e+12 7.76e+10 7.49e+15
29.3 -9.79e+15 5.64e+12 9.36e+10 9.79e+15
29.4 -1.28e+16 7.37e+12 1.13e+11 1.28e+16
29.5 -1.67e+16 9.63e+12 1.36e+11 1.67e+16
29.6 -2.18e+16 1.26e+13 1.64e+11 2.18e+16
29.7 -2.85e+16 1.65e+13 1.98e+11 2.85e+16
29.8 -3.72e+16 2.15e+13 2.39e+11 3.72e+16
29.9 -4.86e+16 2.81e+13 2.89e+11 4.86e+16
30.0 -6.35e+16 3.67e+13 3.48e+11 6.35e+16
30.1 -8.3e+16 4.8e+13 4.2e+11 8.3e+16
30.2 -1.08e+17 6.28e+13 5.07e+11 1.08e+17
30.3 -1.42e+17 8.21e+13 6.11e+11 1.42e+17
30.4 -1.85e+17 1.07e+14 7.37e+11 1.85e+17
30.5 -2.42e+17 1.4e+14 8.89e+11 2.42e+17
30.6 -3.16e+17 1.83e+14 1.07e+12 3.16e+17
30.7 -4.13e+17 2.4e+14 1.29e+12 4.13e+17
30.8 -5.39e+17 3.13e+14 1.56e+12 5.39e+17
30.9 -7.04e+17 4.09e+14 1.88e+12 7.04e+17
31.0 -9.2e+17 5.35e+14 2.27e+12 9.2e+17
31.1 -1.2e+18 6.99e+14 2.74e+12 1.2e+18
31.2 -1.57e+18 9.14e+14 3.31e+12 1.57e+18
31.3 -2.05e+18 1.19e+15 3.99e+12 2.05e+18
31.4 -2.68e+18 1.56e+15 4.81e+12 2.68e+18
31.5 -3.5e+18 2.04e+15 5.81e+12 3.5e+18
31.6 -4.57e+18 2.67e+15 7e+12 4.57e+18
31.7 -5.97e+18 3.49e+15 8.45e+12 5.97e+18
31.8 -7.8e+18 4.56e+15 1.02e+13 7.8e+18
31.9 -1.02e+19 5.96e+15 1.23e+13 1.02e+19
32.0 -1.33e+19 7.79e+15 1.48e+13 1.33e+19
32.1 -1.74e+19 1.02e+16 1.79e+13 1.74e+19
32.2 -2.27e+19 1.33e+16 2.16e+13 2.27e+19
32.3 -2.97e+19 1.74e+16 2.6e+13 2.97e+19
32.4 -3.88e+19 2.27e+16 3.14e+13 3.88e+19
32.5 -5.06e+19 2.97e+16 3.79e+13 5.06e+19
32.6 -6.61e+19 3.88e+16 4.57e+13 6.61e+19
32.7 -8.64e+19 5.07e+16 5.52e+13 8.64e+19
32.8 -1.13e+20 6.63e+16 6.65e+13 1.13e+20
32.9 -1.47e+20 8.67e+16 8.03e+13 1.47e+20
33.0 -1.93e+20 1.13e+17 9.68e+13 1.93e+20
33.1 -2.52e+20 1.48e+17 1.17e+14 2.52e+20
33.2 -3.29e+20 1.94e+17 1.41e+14 3.29e+20
33.3 -4.29e+20 2.53e+17 1.7e+14 4.29e+20
33.4 -5.61e+20 3.31e+17 2.05e+14 5.61e+20
33.5 -7.33e+20 4.32e+17 2.47e+14 7.33e+20
33.6 -9.57e+20 5.65e+17 2.98e+14 9.57e+20
33.7 -1.25e+21 7.38e+17 3.6e+14 1.25e+21
33.8 -1.63e+21 9.65e+17 4.34e+14 1.63e+21
33.9 -2.13e+21 1.26e+18 5.24e+14 2.13e+21
34.0 -2.79e+21 1.65e+18 6.32e+14 2.79e+21
34.1 -3.64e+21 2.15e+18 7.63e+14 3.64e+21
34.2 -4.76e+21 2.81e+18 9.2e+14 4.76e+21
34.3 -6.21e+21 3.68e+18 1.11e+15 6.21e+21
34.4 -8.12e+21 4.81e+18 1.34e+15 8.12e+21
34.5 -1.06e+22 6.28e+18 1.62e+15 1.06e+22
34.6 -1.39e+22 8.21e+18 1.95e+15 1.39e+22
34.7 -1.81e+22 1.07e+19 2.35e+15 1.81e+22
34.8 -2.36e+22 1.4e+19 2.84e+15 2.36e+22
34.9 -3.09e+22 1.83e+19 3.42e+15 3.09e+22
35.0 -4.03e+22 2.4e+19 4.13e+15 4.03e+22
35.1 -5.27e+22 3.13e+19 4.98e+15 5.27e+22
35.2 -6.88e+22 4.09e+19 6.01e+15 6.88e+22
35.3 -8.99e+22 5.35e+19 7.24e+15 8.99e+22
35.4 -1.17e+23 6.99e+19 8.74e+15 1.17e+23
35.5 -1.53e+23 9.14e+19 1.05e+16 1.53e+23
35.6 -2e+23 1.19e+20 1.27e+16 2e+23
35.7 -2.62e+23 1.56e+20 1.53e+16 2.62e+23
35.8 -3.42e+23 2.04e+20 1.85e+16 3.42e+23
35.9 -4.47e+23 2.67e+20 2.23e+16 4.47e+23
36.0 -5.84e+23 3.48e+20 2.69e+16 5.84e+23
36.1 -7.63e+23 4.55e+20 3.25e+16 7.63e+23
36.2 -9.96e+23 5.95e+20 3.92e+16 9.96e+23
36.3 -1.3e+24 7.78e+20 4.73e+16 1.3e+24
36.4 -1.7e+24 1.02e+21 5.71e+16 1.7e+24
36.5 -2.22e+24 1.33e+21 6.88e+16 2.22e+24
36.6 -2.9e+24 1.74e+21 8.3e+16 2.9e+24
36.7 -3.79e+24 2.27e+21 1e+17 3.79e+24
36.8 -4.95e+24 2.96e+21 1.21e+17 4.95e+24
36.9 -6.47e+24 3.87e+21 1.46e+17 6.47e+24
37.0 -8.45e+24 5.06e+21 1.76e+17 8.45e+24
37.1 -1.1e+25 6.62e+21 2.12e+17 1.1e+25
37.2 -1.44e+25 8.65e+21 2.56e+17 1.44e+25
37.3 -1.88e+25 1.13e+22 3.09e+17 1.88e+25
37.4 -2.46e+25 1.48e+22 3.72e+17 2.46e+25
37.5 -3.21e+25 1.93e+22 4.49e+17 3.21e+25
37.6 -4.2e+25 2.52e+22 5.42e+17 4.2e+25
37.7 -5.48e+25 3.3e+22 6.54e+17 5.48e+25
37.8 -7.16e+25 4.31e+22 7.89e+17 7.16e+25
37.9 -9.36e+25 5.63e+22 9.52e+17 9.36e+25
38.0 -1.22e+26 7.36e+22 1.15e+18 1.22e+26
38.1 -1.6e+26 9.62e+22 1.38e+18 1.6e+26
38.2 -2.09e+26 1.26e+23 1.67e+18 2.09e+26
38.3 -2.73e+26 1.64e+23 2.02e+18 2.73e+26
38.4 -3.56e+26 2.15e+23 2.43e+18 3.56e+26
38.5 -4.65e+26 2.81e+23 2.93e+18 4.65e+26
38.6 -6.08e+26 3.67e+23 3.54e+18 6.08e+26
38.7 -7.94e+26 4.79e+23 4.27e+18 7.94e+26
38.8 -1.04e+27 6.26e+23 5.15e+18 1.04e+27
38.9 -1.35e+27 8.18e+23 6.21e+18 1.35e+27
39.0 -1.77e+27 1.07e+24 7.49e+18 1.77e+27
39.1 -2.31e+27 1.4e+24 9.04e+18 2.31e+27
39.2 -3.02e+27 1.83e+24 1.09e+19 3.02e+27
39.3 -3.94e+27 2.39e+24 1.32e+19 3.94e+27
39.4 -5.15e+27 3.12e+24 1.59e+19 5.15e+27
39.5 -6.73e+27 4.08e+24 1.91e+19 6.73e+27
39.6 -8.79e+27 5.33e+24 2.31e+19 8.79e+27
39.7 -1.15e+28 6.96e+24 2.79e+19 1.15e+28
39.8 -1.5e+28 9.1e+24 3.36e+19 1.5e+28
39.9 -1.96e+28 1.19e+25 4.05e+19 1.96e+28
40.0 -2.56e+28 1.55e+25 4.89e+19 2.56e+28
40.1 -3.34e+28 2.03e+25 5.9e+19 3.34e+28
40.2 -4.37e+28 2.65e+25 7.12e+19 4.37e+28
40.3 -5.71e+28 3.47e+25 8.59e+19 5.71e+28
40.4 -7.46e+28 4.53e+25 1.04e+20 7.46e+28
40.5 -9.74e+28 5.92e+25 1.25e+20 9.74e+28
40.6 -1.27e+29 7.74e+25 1.51e+20 1.27e+29
40.7 -1.66e+29 1.01e+26 1.82e+20 1.66e+29
40.8 -2.17e+29 1.32e+26 2.19e+20 2.17e+29
40.9 -2.84e+29 1.73e+26 2.65e+20 2.84e+29
41.0 -3.71e+29 2.26e+26 3.19e+20 3.71e+29
41.1 -4.84e+29 2.95e+26 3.85e+20 4.84e+29
41.2 -6.32e+29 3.85e+26 4.65e+20 6.32e+29
41.3 -8.26e+29 5.03e+26 5.61e+20 8.26e+29
41.4 -1.08e+30 6.58e+26 6.76e+20 1.08e+30
41.5 -1.41e+30 8.6e+26 8.16e+20 1.41e+30
41.6 -1.84e+30 1.12e+27 9.84e+20 1.84e+30
41.7 -2.41e+30 1.47e+27 1.19e+21 2.41e+30
41.8 -3.14e+30 1.92e+27 1.43e+21 3.14e+30
41.9 -4.1e+30 2.51e+27 1.73e+21 4.1e+30
42.0 -5.36e+30 3.28e+27 2.08e+21 5.36e+30
42.1 -7e+30 4.28e+27 2.51e+21 7e+30
42.2 -9.15e+30 5.59e+27 3.03e+21 9.15e+30
42.3 -1.2e+31 7.31e+27 3.66e+21 1.2e+31
42.4 -1.56e+31 9.55e+27 4.41e+21 1.56e+31
42.5 -2.04e+31 1.25e+28 5.33e+21 2.04e+31
42.6 -2.66e+31 1.63e+28 6.42e+21 2.66e+31
42.7 -3.48e+31 2.13e+28 7.75e+21 3.48e+31
42.8 -4.55e+31 2.79e+28 9.35e+21 4.55e+31
42.9 -5.94e+31 3.64e+28 1.13e+22 5.94e+31
43.0 -7.76e+31 4.76e+28 1.36e+22 7.76e+31
43.1 -1.01e+32 6.22e+28 1.64e+22 1.01e+32
43.2 -1.32e+32 8.12e+28 1.98e+22 1.32e+32
43.3 -1.73e+32 1.06e+29 2.39e+22 1.73e+32
43.4 -2.26e+32 1.39e+29 2.88e+22 2.26e+32
43.5 -2.95e+32 1.81e+29 3.48e+22 2.95e+32
43.6 -3.86e+32 2.37e+29 4.19e+22 3.86e+32
43.7 -5.04e+32 3.09e+29 5.06e+22 5.04e+32
43.8 -6.58e+32 4.04e+29 6.1e+22 6.58e+32
43.9 -8.6e+32 5.28e+29 7.36e+22 8.6e+32
44.0 -1.12e+33 6.9e+29 8.88e+22 1.12e+33
44.1 -1.47e+33 9.02e+29 1.07e+23 1.47e+33
44.2 -1.92e+33 1.18e+30 1.29e+23 1.92e+33
44.3 -2.5e+33 1.54e+30 1.56e+23 2.5e+33
44.4 -3.27e+33 2.01e+30 1.88e+23 3.27e+33
44.5 -4.27e+33 2.63e+30 2.27e+23 4.27e+33
44.6 -5.58e+33 3.44e+30 2.74e+23 5.58e+33
44.7 -7.29e+33 4.49e+30 3.3e+23 7.29e+33
44.8 -9.52e+33 5.87e+30 3.98e+23 9.52e+33
44.9 -1.24e+34 7.67e+30 4.81e+23 1.24e+34
45.0 -1.63e+34 1e+31 5.8e+23 1.63e+34
45.1 -2.12e+34 1.31e+31 7e+23 2.12e+34
45.2 -2.77e+34 1.71e+31 8.44e+23 2.77e+34
45.3 -3.62e+34 2.24e+31 1.02e+24 3.62e+34
45.4 -4.73e+34 2.92e+31 1.23e+24 4.73e+34
45.5 -6.18e+34 3.82e+31 1.48e+24 6.18e+34
45.6 -8.08e+34 4.99e+31 1.79e+24 8.08e+34
45.7 -1.06e+35 6.52e+31 2.16e+24 1.06e+35
45.8 -1.38e+35 8.52e+31 2.6e+24 1.38e+35
45.9 -1.8e+35 1.11e+32 3.14e+24 1.8e+35
46.0 -2.35e+35 1.45e+32 3.79e+24 2.35e+35
46.1 -3.07e+35 1.9e+32 4.57e+24 3.07e+35
46.2 -4.01e+35 2.48e+32 5.51e+24 4.01e+35
46.3 -5.24e+35 3.24e+32 6.65e+24 5.24e+35
46.4 -6.85e+35 4.24e+32 8.02e+24 6.85e+35
46.5 -8.95e+35 5.54e+32 9.67e+24 8.95e+35
46.6 -1.17e+36 7.24e+32 1.17e+25 1.17e+36
46.7 -1.53e+36 9.46e+32 1.41e+25 1.53e+36
46.8 -1.99e+36 1.24e+33 1.7e+25 1.99e+36
46.9 -2.61e+36 1.62e+33 2.05e+25 2.61e+36
47.0 -3.4e+36 2.11e+33 2.47e+25 3.4e+36
47.1 -4.45e+36 2.76e+33 2.98e+25 4.45e+36
47.2 -5.81e+36 3.6e+33 3.6e+25 5.81e+36
47.3 -7.59e+36 4.71e+33 4.34e+25 7.59e+36
47.4 -9.91e+36 6.15e+33 5.23e+25 9.91e+36
47.5 -1.29e+37 8.04e+33 6.31e+25 1.29e+37
47.6 -1.69e+37 1.05e+34 7.62e+25 1.69e+37
47.7 -2.21e+37 1.37e+34 9.19e+25 2.21e+37
47.8 -2.89e+37 1.79e+34 1.11e+26 2.89e+37
47.9 -3.77e+37 2.34e+34 1.34e+26 3.77e+37
48.0 -4.93e+37 3.06e+34 1.61e+26 4.93e+37
48.1 -6.43e+37 4e+34 1.95e+26 6.43e+37
48.2 -8.41e+37 5.23e+34 2.35e+26 8.41e+37
48.3 -1.1e+38 6.83e+34 2.83e+26 1.1e+38
48.4 -1.43e+38 8.93e+34 3.42e+26 1.43e+38
48.5 -1.87e+38 1.17e+35 4.12e+26 1.87e+38
48.6 -2.45e+38 1.52e+35 4.97e+26 2.45e+38
48.7 -3.2e+38 1.99e+35 6e+26 3.2e+38
48.8 -4.18e+38 2.6e+35 7.24e+26 4.18e+38
48.9 -5.46e+38 3.4e+35 8.73e+26 5.46e+38
49.0 -7.13e+38 4.44e+35 1.05e+27 7.13e+38
49.1 -9.31e+38 5.8e+35 1.27e+27 9.31e+38
49.2 -1.22e+39 7.58e+35 1.53e+27 1.22e+39
49.3 -1.59e+39 9.91e+35 1.85e+27 1.59e+39
49.4 -2.08e+39 1.29e+36 2.23e+27 2.08e+39
49.5 -2.71e+39 1.69e+36 2.69e+27 2.71e+39
49.6 -3.54e+39 2.21e+36 3.25e+27 3.54e+39
49.7 -4.63e+39 2.89e+36 3.92e+27 4.63e+39
49.8 -6.05e+39 3.77e+36 4.72e+27 6.05e+39
49.9 -7.9e+39 4.93e+36 5.7e+27 7.9e+39
