0.0 0.0
0.1 1.42e-19
0.2 -2.1e-12
0.3 -3.17e-11
0.4 -1.59e-10
0.5 -4.94e-10
0.6 -1.22e-09
0.7 -2.62e-09
0.8 -5.19e-09
0.9 -9.51e-09
1.0 -1.62e-08
1.1 -2.56e-08
1.2 -3.89e-08
1.3 -5.54e-08
1.4 -7.69e-08
1.5 -1.03e-07
1.6 -1.35e-07
1.7 -1.72e-07
1.8 -2.11e-07
1.9 -2.62e-07
2.0 -3.16e-07
2.1 -3.76e-07
2.2 -4.41e-07
2.3 -5.12e-07
2.4 -5.98e-07
2.5 -6.81e-07
2.6 -7.81e-07
2.7 -8.76e-07
2.8 -9.9e-07
2.9 -1.11e-06
3.0 -1.24e-06
3.1 -1.38e-06
3.2 -1.52e-06
3.3 -1.67e-06
3.4 -1.83e-06
3.5 -1.99e-06
3.6 -2.16e-06
3.7 -2.33e-06
3.8 -2.54e-06
3.9 -2.72e-06
4.0 -2.95e-06
4.1 -3.14e-06
4.2 -3.38e-06
4.3 -3.62e-06
4.4 -3.87e-06
4.5 -4.12e-06
4.6 -4.38e-06
4.7 -4.64e-06
4.8 -4.89e-06
4.9 -5.23e-06
5.0 -5.49e-06
5.1 -5.82e-06
5.2 -6.08e-06
5.3 -6.41e-06
5.4 -6.75e-06
5.5 -7.08e-06
5.6 -7.41e-06
5.7 -7.83e-06
5.8 -8.15e-06
5.9 -8.56e-06
6.0 -8.98e-06
6.1 -9.38e-06
6.2 -9.77e-06
6.3 -1.01e-05
6.4 -1.06e-05
6.5 -1.11e-05
6.6 -1.16e-05
6.7 -1.2e-05
6.8 -1.24e-05
6.9 -1.3e-05
7.0 -1.35e-05
7.1 -1.42e-05
7.2 -1.46e-05
7.3 -1.52e-05
7.4 -1.59e-05
7.5 -1.64e-05
7.6 -1.72e-05
7.7 -1.78e-05
7.8 -1.87e-05
7.9 -1.93e-05
8.0 -2.02e-05
8.1 -2.1e-05
8.2 -2.19e-05
8.3 -2.28e-05
8.4 -2.31e-05
8.5 -2.37e-05
8.6 -2.5e-05
8.7 0.0
8.8 0.0
8.9 0.0
9.0 0.0
9.1 0.0
9.2 0.0
9.3 0.0
9.4 -2.31e-05
9.5 -2.07e-05
9.6 -1.86e-05
9.7 -1.65e-05
9.8 -1.45e-05
9.9 -1.25e-05
10.0 -1.05e-05
10.1 -8.81e-06
10.2 -7.41e-06
10.3 -6.27e-06
10.4 -5.45e-06
10.5 -4.71e-06
10.6 -4.19e-06
10.7 -3.65e-06
10.8 -3.29e-06
10.9 -2.93e-06
11.0 -2.62e-06
11.1 -2.4e-06
11.2 -2.16e-06
11.3 -1.97e-06
11.4 -1.81e-06
11.5 -1.7e-06
11.6 -1.59e-06
11.7 -1.5e-06
11.8 -1.41e-06
11.9 -1.32e-06
12.0 -1.26e-06
12.1 -1.2e-06
12.2 -1.14e-06
12.3 -1.06e-06
12.4 -1.03e-06
12.5 -9.98e-07
12.6 -9.56e-07
12.7 -9.16e-07
12.8 -9.18e-07
12.9 -8.64e-07
13.0 -8.64e-07
13.1 -8.57e-07
13.2 -8.44e-07
13.3 -8.25e-07
13.4 -8.14e-07
13.5 -7.85e-07
13.6 -7.64e-07
13.7 -7.5e-07
13.8 -7.68e-07
13.9 -7.33e-07
14.0 -7.58e-07
14.1 -7.3e-07
14.2 -7.33e-07
14.3 -7.45e-07
14.4 -7.36e-07
14.5 -7.69e-07
14.6 -7.92e-07
14.7 -8.52e-07
14.8 -9.33e-07
14.9 -1.03e-06
15.0 -1.18e-06
15.1 -1.39e-06
15.2 -1.72e-06
15.3 -2.15e-06
15.4 -2.76e-06
15.5 -3.59e-06
15.6 -4.73e-06
15.7 -6.53e-06
15.8 -1.04e-05
15.9 -8.57e-06
16.0 -9.06e-05
16.1 0.0
16.2 0.0
16.3 0.0
16.4 0.0
16.5 0.0
16.6 0.0
16.7 0.0
16.8 0.0
16.9 0.0
17.0 0.0
17.1 0.0
17.2 0.0
17.3 0.0
17.4 0.0
17.5 0.0
17.6 0.0
17.7 0.0
17.8 0.0
17.9 0.0
18.0 0.0
18.1 0.0
18.2 0.0
18.3 0.0
18.4 0.0
18.5 0.0
18.6 0.0
18.7 0.0
18.8 0.0
18.9 0.0
19.0 0.0
19.1 0.0
19.2 0.0
19.3 0.0
19.4 0.0
19.5 0.0
19.6 0.0
19.7 0.0
19.8 0.0
19.9 0.0
20.0 0.0
20.1 0.0
20.2 0.0
20.3 0.0
20.4 0.0
20.5 0.0
20.6 0.0
20.7 0.0
20.8 0.0
20.9 0.0
21.0 0.0
21.1 0.0
21.2 0.0
21.3 0.0
21.4 0.0
21.5 0.0
21.6 0.0
21.7 0.0
21.8 0.0
21.9 0.0
22.0 0.0
22.1 0.0
22.2 0.0
22.3 0.0
22.4 0.0
22.5 0.0
22.6 0.0
22.7 0.0
22.8 0.0
22.9 0.0
23.0 0.0
23.1 0.0
23.2 0.0
23.3 0.0
23.4 0.0
23.5 0.0
23.6 0.0
23.7 0.0
23.8 0.0
23.9 0.0
24.0 0.0
24.1 0.0
24.2 0.0
24.3 0.0
24.4 0.0
24.5 0.0
24.6 0.0
24.7 0.0
24.8 0.0
24.9 0.0
25.0 0.0
25.1 0.0
25.2 0.0
25.3 0.0
25.4 0.0
25.5 0.0
25.6 0.0
25.7 0.0
25.8 0.0
25.9 0.0
26.0 0.0
26.1 0.0
26.2 0.0
26.3 0.0
26.4 0.0
26.5 0.0
26.6 0.0
26.7 0.0
26.8 0.0
26.9 0.0
27.0 0.0
27.1 0.0
27.2 0.0
27.3 0.0
27.4 0.0
27.5 0.0
27.6 0.0
27.7 0.0
27.8 0.0
27.9 0.0
28.0 0.0
28.1 0.0
28.2 0.0
28.3 0.0
28.4 0.0
28.5 0.0
28.6 0.0
28.7 0.0
28.8 0.0
28.9 0.0
29.0 0.0
29.1 0.0
29.2 0.0
29.3 0.0
29.4 0.0
29.5 0.0
29.6 0.0
29.7 0.0
29.8 0.0
29.9 0.0
30.0 0.0
30.1 0.0
30.2 0.0
30.3 0.0
30.4 0.0
30.5 0.0
30.6 0.0
30.7 0.0
30.8 0.0
30.9 0.0
31.0 0.0
31.1 0.0
31.2 0.0
31.3 0.0
31.4 0.0
31.5 0.0
31.6 0.0
31.7 0.0
31.8 0.0
31.9 0.0
32.0 0.0
32.1 0.0
32.2 0.0
32.3 0.0
32.4 0.0
32.5 0.0
32.6 0.0
32.7 0.0
32.8 0.0
32.9 0.0
33.0 0.0
33.1 0.0
33.2 0.0
33.3 0.0
33.4 0.0
33.5 0.0
33.6 0.0
33.7 0.0
33.8 0.0
33.9 0.0
34.0 0.0
34.1 0.0
34.2 0.0
34.3 0.0
34.4 0.0
34.5 0.0
34.6 0.0
34.7 0.0
34.8 0.0
34.9 0.0
35.0 0.0
35.1 0.0
35.2 0.0
35.3 0.0
35.4 0.0
35.5 0.0
35.6 0.0
35.7 0.0
35.8 0.0
35.9 0.0
36.0 0.0
36.1 0.0
36.2 0.0
36.3 0.0
36.4 0.0
36.5 0.0
36.6 0.0
36.7 0.0
36.8 0.0
36.9 0.0
37.0 0.0
37.1 0.0
37.2 0.0
37.3 0.0
37.4 0.0
37.5 0.0
37.6 0.0
37.7 0.0
37.8 0.0
37.9 0.0
38.0 0.0
38.1 0.0
38.2 0.0
38.3 0.0
38.4 0.0
38.5 0.0
38.6 0.0
38.7 0.0
38.8 0.0
38.9 0.0
39.0 0.0
39.1 0.0
39.2 0.0
39.3 0.0
39.4 0.0
39.5 0.0
39.6 0.0
39.7 0.0
39.8 0.0
39.9 0.0
40.0 0.0
40.1 0.0
40.2 0.0
40.3 0.0
40.4 0.0
40.5 0.0
40.6 0.0
40.7 0.0
40.8 0.0
40.9 0.0
41.0 0.0
41.1 0.0
41.2 0.0
41.3 0.0
41.4 0.0
41.5 0.0
41.6 0.0
41.7 0.0
41.8 0.0
41.9 0.0
42.0 0.0
42.1 0.0
42.2 0.0
42.3 0.0
42.4 0.0
42.5 0.0
42.6 0.0
42.7 0.0
42.8 0.0
42.9 0.0
43.0 0.0
43.1 0.0
43.2 0.0
43.3 0.0
43.4 0.0
43.5 0.0
43.6 0.0
43.7 0.0
43.8 0.0
43.9 0.0
44.0 0.0
44.1 0.0
44.2 0.0
44.3 0.0
44.4 0.0
44.5 0.0
44.6 0.0
44.7 0.0
44.8 0.0
44.9 0.0
45.0 0.0
45.1 0.0
45.2 0.0
45.3 0.0
45.4 0.0
45.5 0.0
45.6 0.0
45.7 0.0
45.8 0.0
45.9 0.0
46.0 0.0
46.1 0.0
46.2 0.0
46.3 0.0
46.4 0.0
46.5 0.0
46.6 0.0
46.7 0.0
46.8 0.0
46.9 0.0
47.0 0.0
47.1 0.0
47.2 0.0
47.3 0.0
47.4 0.0
47.5 0.0
47.6 0.0
47.7 0.0
47.8 0.0
47.9 0.0
48.0 0.0
48.1 0.0
48.2 0.0
48.3 0.0
48.4 0.0
48.5 0.0
48.6 0.0
48.7 0.0
48.8 0.0
48.9 0.0
49.0 0.0
49.1 0.0
49.2 0.0
49.3 0.0
49.4 0.0
49.5 0.0
49.6 0.0
49.7 0.0
49.8 0.0
49.9 0.0
