0.0 -4.84 -4.9 -4.94
0.1 -4.84 -4.9 -4.94
0.2 -4.84 -4.9 -4.94
0.3 -4.84 -4.9 -4.94
0.4 -4.84 -4.9 -4.94
0.5 -4.84 -4.9 -4.94
0.6 -4.84 -4.9 -4.94
0.7 -4.84 -4.9 -4.94
0.8 -4.84 -4.9 -4.94
0.9 -4.84 -4.9 -4.94
1.0 -4.84 -4.9 -4.94
1.1 -4.84 -4.9 -4.94
1.2 -4.84 -4.9 -4.94
1.3 -4.84 -4.9 -4.94
1.4 -4.84 -4.9 -4.94
1.5 -4.84 -4.9 -4.94
1.6 -4.83 -4.9 -4.93
1.7 -4.83 -4.9 -4.93
1.8 -4.83 -4.9 -4.93
1.9 -4.83 -4.9 -4.93
2.0 -4.83 -4.9 -4.93
2.1 -4.83 -4.89 -4.93
2.2 -4.83 -4.89 -4.93
2.3 -4.83 -4.89 -4.93
2.4 -4.83 -4.89 -4.93
2.5 -4.83 -4.89 -4.93
2.6 -4.83 -4.89 -4.93
2.7 -4.83 -4.89 -4.93
2.8 -4.82 -4.89 -4.93
2.9 -4.82 -4.89 -4.93
3.0 -4.82 -4.89 -4.93
3.1 -4.82 -4.89 -4.93
3.2 -4.82 -4.89 -4.93
3.3 -4.82 -4.89 -4.93
3.4 -4.82 -4.89 -4.93
3.5 -4.82 -4.89 -4.93
3.6 -4.82 -4.89 -4.93
3.7 -4.81 -4.89 -4.93
3.8 -4.81 -4.89 -4.93
3.9 -4.81 -4.89 -4.93
4.0 -4.81 -4.89 -4.93
4.1 -4.81 -4.89 -4.93
4.2 -4.81 -4.89 -4.93
4.3 -4.81 -4.89 -4.93
4.4 -4.81 -4.89 -4.93
4.5 -4.8 -4.89 -4.93
4.6 -4.8 -4.89 -4.93
4.7 -4.8 -4.89 -4.93
4.8 -4.8 -4.89 -4.92
4.9 -4.8 -4.89 -4.92
5.0 -4.8 -4.89 -4.92
5.1 -4.8 -4.89 -4.92
5.2 -4.79 -4.89 -4.92
5.3 -4.79 -4.89 -4.92
5.4 -4.79 -4.89 -4.92
5.5 -4.79 -4.89 -4.92
5.6 -4.79 -4.89 -4.92
5.7 -4.79 -4.89 -4.92
5.8 -4.79 -4.89 -4.92
5.9 -4.79 -4.89 -4.92
6.0 -4.79 -4.89 -4.92
6.1 -4.79 -4.89 -4.92
6.2 -4.79 -4.89 -4.92
6.3 -4.79 -4.89 -4.92
6.4 -4.79 -4.89 -4.92
6.5 -4.79 -4.89 -4.92
6.6 -4.79 -4.89 -4.92
6.7 -4.79 -4.89 -4.92
6.8 -4.79 -4.89 -4.92
6.9 -4.79 -4.89 -4.92
7.0 -4.79 -4.89 -4.92
7.1 -4.79 -4.89 -4.92
7.2 -4.79 -4.88 -4.92
7.3 -4.8 -4.88 -4.92
7.4 -4.8 -4.88 -4.92
7.5 -4.81 -4.88 -4.92
7.6 -4.82 -4.88 -4.92
7.7 -4.83 -4.88 -4.92
7.8 -4.84 -4.88 -4.92
7.9 -4.86 -4.88 -4.92
8.0 -4.87 -4.88 -4.92
8.1 -4.82 -4.88 -4.92
8.2 -4.69 -4.88 -4.92
8.3 -4.88 -4.88 -4.92
8.4 -4.88 -4.88 -4.92
8.5 -4.88 -4.88 -4.92
8.6 -4.88 -4.88 -4.91
8.7 -4.88 -4.88 -4.91
8.8 -4.88 -4.88 -4.91
8.9 -4.88 -4.88 -4.91
9.0 -4.88 -4.88 -4.91
9.1 -4.88 -4.88 -4.91
9.2 -4.88 -4.88 -4.91
9.3 -4.87 -4.88 -4.91
9.4 -4.87 -4.88 -4.91
9.5 -4.86 -4.87 -4.91
9.6 -4.86 -4.87 -4.91
9.7 -4.85 -4.87 -4.91
9.8 -4.78 -4.86 -4.91
9.9 -4.79 -4.86 -4.91
10.0 -4.76 -4.85 -4.91
10.1 -4.73 -4.85 -4.91
10.2 -4.71 -4.85 -4.91
10.3 -4.69 -4.84 -4.91
10.4 -4.68 -4.84 -4.91
10.5 -4.66 -4.84 -4.91
10.6 -4.65 -4.84 -4.91
10.7 -4.64 -4.84 -4.91
10.8 -4.63 -4.84 -4.91
10.9 -4.62 -4.84 -4.91
11.0 -4.61 -4.83 -4.91
11.1 -4.6 -4.84 -4.91
11.2 -4.59 -4.84 -4.91
11.3 -4.58 -4.84 -4.91
11.4 -4.57 -4.84 -4.91
11.5 -4.56 -4.84 -4.91
11.6 -4.55 -4.84 -4.91
11.7 -4.54 -4.84 -4.91
11.8 -4.53 -4.84 -4.91
11.9 -4.52 -4.84 -4.91
12.0 -4.51 -4.84 -4.91
12.1 -4.5 -4.85 -4.91
12.2 -4.49 -4.85 -4.91
12.3 -4.48 -4.85 -4.91
12.4 -4.47 -4.85 -4.91
12.5 -4.46 -4.85 -4.91
12.6 -4.45 -4.85 -4.91
12.7 -4.44 -4.85 -4.91
12.8 -4.43 -4.86 -4.91
12.9 -4.41 -4.86 -4.91
13.0 -4.4 -4.86 -4.91
13.1 -4.38 -4.86 -4.91
13.2 -4.35 -4.86 -4.91
13.3 -4.31 -4.86 -4.91
13.4 -4.22 -4.86 -4.91
13.5 -4.19 -4.86 -4.91
13.6 -4.18 -4.86 -4.91
13.7 -4.18 -4.86 -4.91
13.8 -4.17 -4.86 -4.91
13.9 -4.16 -4.86 -4.91
14.0 -4.15 -4.86 -4.91
14.1 -4.13 -4.86 -4.91
14.2 -4.1 -4.86 -4.91
14.3 -4.07 -4.86 -4.91
14.4 -4.01 -4.86 -4.91
14.5 -3.92 -4.86 -4.91
14.6 -3.8 -4.86 -4.91
14.7 -3.61 -4.85 -4.91
14.8 -3.34 -4.85 -4.91
14.9 -2.98 -4.85 -4.91
15.0 -2.53 -4.85 -4.91
15.1 -2.05 -4.85 -4.91
15.2 -1.67 -4.85 -4.91
15.3 -1.61 -4.85 -4.91
15.4 -2.04 -4.85 -4.91
15.5 -2.87 -4.86 -4.91
15.6 -3.63 -4.87 -4.91
15.7 -3.96 -4.88 -4.91
15.8 -4.01 -4.89 -4.91
15.9 -4.01 -4.87 -4.91
16.0 -4.0 -4.87 -4.91
16.1 -4.0 -4.86 -4.9
16.2 -4.02 -4.84 -4.89
16.3 -4.07 -4.8 -4.88
16.4 -4.17 -4.73 -4.85
16.5 -4.35 -4.61 -4.74
16.6 -4.61 -4.41 -4.41
16.7 -4.89 -4.01 -4.01
16.8 -4.99 -4.01 -4.01
16.9 -4.59 -4.42 -4.42
17.0 -4.01 -5.01 -5.01
17.1 -4.58 -4.11 -4.11
17.2 -4.7 -4.98 -4.98
17.3 -4.41 -4.24 -4.24
17.4 -4.06 -4.17 -4.17
17.5 -4.25 -4.97 -4.97
17.6 -4.01 -4.21 -4.21
17.7 -4.92 -5.0 -5.0
17.8 -4.85 -5.04 -5.04
17.9 -4.65 -5.03 -5.03
18.0 -4.4 -5.09 -5.09
18.1 -4.78 -5.27 -5.27
18.2 -4.66 -5.26 -5.26
18.3 -4.1 -5.43 -5.43
18.4 -4.6 -4.82 -4.82
18.5 -4.99 -5.22 -5.22
18.6 -4.08 -5.53 -5.53
18.7 -4.7 -4.91 -4.91
18.8 -5.13 -5.36 -5.36
18.9 -4.8 -5.49 -5.49
19.0 -4.31 -4.79 -4.79
19.1 -5.04 -5.12 -5.12
19.2 -4.7 -4.08 -4.08
19.3 -4.73 -3.95 -3.95
19.4 -5.36 -4.45 -4.45
19.5 -5.37 -5.72 -5.72
19.6 -4.93 -4.38 -4.38
19.7 -5.13 -3.58 -3.58
19.8 -4.43 -5.3 -5.3
19.9 -3.77 -4.97 -4.97
20.0 -4.31 -4.06 -4.06
20.1 -4.72 -3.81 -3.81
20.2 -3.13 -5.6 -5.6
20.3 -5.14 -5.72 -5.72
20.4 -5.35 -4.33 -4.33
20.5 -5.27 -5.25 -5.25
20.6 -4.33 -4.95 -4.95
20.7 -5.2 -5.64 -5.64
20.8 -3.01 -3.82 -3.82
20.9 -4.19 -5.58 -5.58
21.0 -4.33 -4.4 -4.4
21.1 -5.88 -5.14 -5.14
21.2 -5.28 -5.05 -5.05
21.3 -3.67 -5.07 -5.07
21.4 -3.91 -4.66 -4.66
21.5 -4.46 -4.73 -4.73
21.6 -4.7 -5.63 -5.63
21.7 -3.1 -4.66 -4.66
21.8 -4.47 -4.57 -4.57
21.9 -5.43 -4.98 -4.98
22.0 -4.12 -5.88 -5.88
22.1 -5.16 -4.29 -4.29
22.2 -3.5 -3.48 -3.48
22.3 -3.73 -4.98 -4.98
22.4 -5.46 -4.12 -4.12
22.5 -4.43 -5.06 -5.06
22.6 -4.2 -3.47 -3.47
22.7 -3.7 -4.41 -4.41
22.8 -5.16 -3.88 -3.88
22.9 -5.29 -3.85 -3.85
23.0 -4.73 -3.53 -3.53
23.1 -3.73 -5.51 -5.51
23.2 -3.68 -3.11 -3.11
23.3 -3.72 -4.99 -4.99
23.4 -4.72 -4.19 -4.19
23.5 -4.9 -3.99 -3.99
23.6 -5.1 -4.52 -4.52
23.7 -4.84 -3.24 -3.24
23.8 -4.48 -5.71 -5.71
23.9 -4.81 -4.66 -4.66
24.0 -3.71 -4.79 -4.79
24.1 -4.59 -3.22 -3.22
24.2 -5.48 -5.87 -5.87
24.3 -5.41 -3.92 -3.92
24.4 -4.64 -5.42 -5.42
24.5 -5.92 -5.18 -5.18
24.6 -3.24 -5.74 -5.74
24.7 -5.29 -5.48 -5.48
24.8 -4.41 -3.94 -3.94
24.9 -3.45 -4.19 -4.19
25.0 -4.05 -5.73 -5.73
25.1 -3.93 -3.46 -3.46
25.2 -4.04 -5.42 -5.42
25.3 -4.93 -5.5 -5.5
25.4 -3.93 -5.33 -5.33
25.5 -3.96 -3.71 -3.71
25.6 -4.61 -5.15 -5.15
25.7 -4.24 -4.06 -4.06
25.8 -3.71 -5.89 -5.89
25.9 -5.28 -5.97 -5.97
26.0 -4.7 -4.79 -4.79
26.1 -3.99 -4.38 -4.38
26.2 -4.08 -5.31 -5.31
26.3 -5.7 -4.11 -4.11
26.4 -5.16 -5.06 -5.06
26.5 -4.02 -3.42 -3.42
26.6 -4.67 -5.28 -5.28
26.7 -3.2 -4.11 -4.11
26.8 -4.81 -4.77 -4.77
26.9 -5.16 -4.95 -4.95
27.0 -3.06 -5.34 -5.34
27.1 -4.91 -4.21 -4.21
27.2 -5.6 -4.42 -4.42
27.3 -3.43 -5.15 -5.15
27.4 -4.37 -4.73 -4.73
27.5 -3.58 -4.31 -4.31
27.6 -5.3 -5.45 -5.45
27.7 -4.59 -5.36 -5.36
27.8 -5.21 -5.29 -5.29
27.9 -4.99 -4.28 -4.28
28.0 -5.02 -4.58 -4.58
28.1 -4.08 -5.3 -5.3
28.2 -3.41 -4.92 -4.92
28.3 -4.91 -4.56 -4.56
28.4 -4.48 -4.33 -4.33
28.5 -3.95 -3.32 -3.32
28.6 -5.46 -5.49 -5.49
28.7 -3.8 -4.88 -4.88
28.8 -4.52 -5.75 -5.75
28.9 -5.76 -3.92 -3.92
29.0 -4.03 -5.97 -5.97
29.1 -3.15 -3.09 -3.09
29.2 -4.94 -5.18 -5.18
29.3 -4.98 -5.58 -5.58
29.4 -5.84 -5.15 -5.15
29.5 -3.95 -5.58 -5.58
29.6 -4.97 -4.05 -4.05
29.7 -3.97 -4.84 -4.84
29.8 -5.01 -4.11 -4.11
29.9 -5.02 -3.31 -3.31
30.0 -4.69 -4.63 -4.63
30.1 -5.58 -5.29 -5.29
30.2 -3.71 -5.09 -5.09
30.3 -5.32 -4.96 -4.96
30.4 -3.78 -5.33 -5.33
30.5 -4.36 -5.39 -5.39
30.6 -4.84 -5.69 -5.69
30.7 -4.46 -4.37 -4.37
30.8 -5.11 -4.08 -4.08
30.9 -5.28 -4.35 -4.35
31.0 -5.51 -3.5 -3.5
31.1 -3.23 -3.73 -3.73
31.2 -3.27 -4.78 -4.78
31.3 -5.04 -4.2 -4.2
31.4 -3.39 -5.26 -5.26
31.5 -4.06 -5.0 -5.0
31.6 -4.78 -5.66 -5.66
31.7 -3.94 -4.99 -4.99
31.8 -3.85 -4.94 -4.94
31.9 -4.3 -5.01 -5.01
32.0 -3.43 -5.48 -5.48
32.1 -5.06 -3.84 -3.84
32.2 -5.59 -4.09 -4.09
32.3 -5.03 -3.31 -3.31
32.4 -5.3 -3.91 -3.91
32.5 -3.27 -3.17 -3.17
32.6 -3.56 -5.82 -5.82
32.7 -5.96 -4.85 -4.85
32.8 -4.66 -4.66 -4.66
32.9 -4.87 -4.4 -4.4
33.0 -5.0 -3.98 -3.98
33.1 -5.88 -3.78 -3.78
33.2 -3.8 -5.31 -5.31
33.3 -4.38 -3.93 -3.93
33.4 -4.11 -5.71 -5.71
33.5 -4.06 -4.09 -4.09
33.6 -5.54 -4.32 -4.32
33.7 -4.09 -4.86 -4.86
33.8 -4.79 -4.08 -4.08
33.9 -3.3 -3.84 -3.84
34.0 -3.74 -3.94 -3.94
34.1 -4.24 -4.04 -4.04
34.2 -4.12 -3.03 -3.03
34.3 -3.99 -5.55 -5.55
34.4 -3.75 -5.66 -5.66
34.5 -4.71 -5.16 -5.16
34.6 -3.19 -4.02 -4.02
34.7 -4.21 -4.27 -4.27
34.8 -4.01 -5.73 -5.73
34.9 -4.48 -5.29 -5.29
35.0 -5.66 -3.1 -3.1
35.1 -3.18 -5.02 -5.02
35.2 -3.89 -5.07 -5.07
35.3 -4.63 -4.96 -4.96
35.4 -4.02 -5.38 -5.38
35.5 -3.45 -3.69 -3.69
35.6 -4.95 -5.09 -5.09
35.7 -5.07 -3.63 -3.63
35.8 -5.52 -4.94 -4.94
35.9 -4.12 -4.79 -4.79
36.0 -3.22 -3.19 -3.19
36.1 -4.34 -5.61 -5.61
36.2 -5.51 -5.43 -5.43
36.3 -4.04 -4.46 -4.46
36.4 -3.33 -4.08 -4.08
36.5 -3.5 -5.12 -5.12
36.6 -3.72 -4.28 -4.28
36.7 -4.3 -5.06 -5.06
36.8 -3.51 -3.1 -3.1
36.9 -4.77 -4.6 -4.6
37.0 -5.31 -3.12 -3.12
37.1 -5.85 -5.78 -5.78
37.2 -5.53 -4.48 -4.48
37.3 -5.66 -4.61 -4.61
37.4 -4.35 -4.14 -4.14
37.5 -4.72 -3.97 -3.97
37.6 -3.88 -5.59 -5.59
37.7 -5.73 -3.59 -3.59
37.8 -3.56 -4.09 -4.09
37.9 -4.56 -5.58 -5.58
38.0 -5.15 -5.88 -5.88
38.1 -3.97 -3.77 -3.77
38.2 -4.11 -3.53 -3.53
38.3 -4.8 -5.02 -5.02
38.4 -3.12 -3.35 -3.35
38.5 -4.06 -5.95 -5.95
38.6 -5.89 -5.31 -5.31
38.7 -4.3 -4.39 -4.39
38.8 -5.31 -4.0 -4.0
38.9 -4.87 -4.86 -4.86
39.0 -5.38 -3.59 -3.59
39.1 -4.24 -4.79 -4.79
39.2 -5.73 -4.92 -4.92
39.3 -3.98 -5.15 -5.15
39.4 -5.36 -4.1 -4.1
39.5 -4.17 -4.4 -4.4
39.6 -3.97 -4.67 -4.67
39.7 -3.47 -3.24 -3.24
39.8 -3.69 -3.92 -3.92
39.9 -5.87 -5.63 -5.63
40.0 -4.51 -5.1 -5.1
40.1 -3.83 -4.91 -4.91
40.2 -3.61 -4.67 -4.67
40.3 -4.38 -4.18 -4.18
40.4 -3.88 -3.72 -3.72
40.5 -4.88 -4.23 -4.23
40.6 -4.01 -4.06 -4.06
40.7 -5.53 -3.54 -3.54
40.8 -5.25 -3.79 -3.79
40.9 -5.1 -3.45 -3.45
41.0 -4.43 -5.11 -5.11
41.1 -4.06 -3.5 -3.5
41.2 -5.09 -4.86 -4.86
41.3 -4.49 -4.58 -4.58
41.4 -4.78 -3.24 -3.24
41.5 -4.04 -3.98 -3.98
41.6 -3.69 -5.09 -5.09
41.7 -4.78 -4.84 -4.84
41.8 -4.2 -5.2 -5.2
41.9 -5.39 -3.89 -3.89
42.0 -3.93 -3.5 -3.5
42.1 -5.71 -5.04 -5.04
42.2 -4.84 -5.0 -5.0
42.3 -3.88 -3.74 -3.74
42.4 -3.32 -3.53 -3.53
42.5 -4.2 -5.86 -5.86
42.6 -5.68 -3.25 -3.25
42.7 -4.53 -5.38 -5.38
42.8 -5.18 -4.75 -4.75
42.9 -5.45 -5.19 -5.19
43.0 -5.84 -5.91 -5.91
43.1 -3.13 -5.17 -5.17
43.2 -5.12 -5.67 -5.67
43.3 -5.16 -5.06 -5.06
43.4 -4.05 -4.34 -4.34
43.5 -3.9 -5.79 -5.79
43.6 -5.48 -4.55 -4.55
43.7 -3.15 -4.02 -4.02
43.8 -4.75 -5.61 -5.61
43.9 -4.65 -3.18 -3.18
44.0 -5.5 -5.09 -5.09
44.1 -4.55 -4.44 -4.44
44.2 -5.93 -4.62 -4.62
44.3 -5.07 -4.76 -4.76
44.4 -3.99 -3.09 -3.09
44.5 -4.64 -3.37 -3.37
44.6 -5.58 -3.62 -3.62
44.7 -3.66 -5.06 -5.06
44.8 -5.56 -4.17 -4.17
44.9 -5.12 -4.25 -4.25
45.0 -4.0 -4.1 -4.1
45.1 -5.59 -3.12 -3.12
45.2 -5.79 -3.91 -3.91
45.3 -3.08 -4.31 -4.31
45.4 -3.6 -5.59 -5.59
45.5 -3.12 -3.01 -3.01
45.6 -5.76 -4.63 -4.63
45.7 -4.15 -4.73 -4.73
45.8 -4.26 -4.89 -4.89
45.9 -5.92 -5.69 -5.69
46.0 -4.58 -4.62 -4.62
46.1 -3.52 -5.04 -5.04
46.2 -5.84 -4.4 -4.4
46.3 -5.01 -3.81 -3.81
46.4 -3.33 -4.05 -4.05
46.5 -4.48 -3.91 -3.91
46.6 -4.02 -4.53 -4.53
46.7 -3.55 -5.03 -5.03
46.8 -3.69 -5.72 -5.72
46.9 -5.12 -4.5 -4.5
47.0 -3.74 -4.12 -4.12
47.1 -3.54 -4.59 -4.59
47.2 -5.49 -5.33 -5.33
47.3 -4.26 -4.37 -4.37
47.4 -4.39 -4.85 -4.85
47.5 -3.45 -5.11 -5.11
47.6 -5.52 -5.7 -5.7
47.7 -4.41 -3.27 -3.27
47.8 -4.61 -5.8 -5.8
47.9 -4.45 -4.4 -4.4
48.0 -4.34 -5.78 -5.78
48.1 -3.25 -4.94 -4.94
48.2 -3.78 -5.13 -5.13
48.3 -4.25 -3.6 -3.6
48.4 -4.31 -5.4 -5.4
48.5 -3.48 -5.05 -5.05
48.6 -4.66 -3.81 -3.81
48.7 -5.84 -4.57 -4.57
48.8 -4.92 -4.93 -4.93
48.9 -3.83 -3.71 -3.71
49.0 -4.96 -3.37 -3.37
49.1 -4.5 -4.48 -4.48
49.2 -5.74 -5.3 -5.3
49.3 -3.56 -5.81 -5.81
49.4 -4.84 -3.31 -3.31
49.5 -5.15 -4.97 -4.97
49.6 -5.07 -3.78 -3.78
49.7 -4.29 -5.76 -5.76
49.8 -3.99 -5.75 -5.75
49.9 -3.3 -5.71 -5.71
