0.0 0.439 0.436 0.927
0.1 0.446 0.436 0.906
0.2 0.457 0.436 0.873
0.3 0.47 0.436 0.833
0.4 0.484 0.436 0.791
0.5 0.498 0.436 0.75
0.6 0.511 0.436 0.713
0.7 0.523 0.436 0.681
0.8 0.534 0.437 0.655
0.9 0.543 0.437 0.634
1.0 0.551 0.438 0.618
1.1 0.557 0.438 0.606
1.2 0.561 0.439 0.598
1.3 0.564 0.44 0.594
1.4 0.565 0.442 0.594
1.5 0.565 0.443 0.596
1.6 0.563 0.445 0.601
1.7 0.561 0.446 0.608
1.8 0.557 0.448 0.618
1.9 0.553 0.45 0.629
2.0 0.547 0.452 0.643
2.1 0.541 0.455 0.657
2.2 0.534 0.457 0.673
2.3 0.527 0.46 0.69
2.4 0.519 0.462 0.707
2.5 0.51 0.465 0.725
2.6 0.501 0.468 0.743
2.7 0.492 0.471 0.761
2.8 0.482 0.474 0.778
2.9 0.471 0.477 0.793
3.0 0.46 0.48 0.807
3.1 0.448 0.483 0.819
3.2 0.436 0.486 0.828
3.3 0.423 0.49 0.834
3.4 0.409 0.493 0.837
3.5 0.394 0.496 0.838
3.6 0.379 0.5 0.836
3.7 0.363 0.503 0.833
3.8 0.346 0.506 0.828
3.9 0.328 0.51 0.823
4.0 0.31 0.513 0.818
4.1 0.29 0.516 0.814
4.2 0.27 0.52 0.81
4.3 0.248 0.523 0.807
4.4 0.225 0.526 0.806
4.5 0.201 0.53 0.805
4.6 0.177 0.533 0.806
4.7 0.151 0.536 0.808
4.8 0.123 0.539 0.81
4.9 0.0949 0.541 0.814
5.0 0.0653 0.544 0.818
5.1 0.0344 0.547 0.823
5.2 0.00227 0.549 0.829
5.3 -0.0311 0.552 0.834
5.4 -0.0658 0.554 0.84
5.5 -0.102 0.556 0.846
5.6 -0.139 0.558 0.851
5.7 -0.178 0.559 0.856
5.8 -0.218 0.561 0.861
5.9 -0.259 0.562 0.865
6.0 -0.301 0.563 0.869
6.1 -0.345 0.564 0.872
6.2 -0.391 0.564 0.874
6.3 -0.437 0.564 0.875
6.4 -0.485 0.564 0.876
6.5 -0.534 0.564 0.877
6.6 -0.585 0.563 0.877
6.7 -0.637 0.562 0.877
6.8 -0.69 0.561 0.877
6.9 -0.744 0.559 0.876
7.0 -0.8 0.557 0.875
7.1 -0.856 0.555 0.875
7.2 -0.914 0.552 0.874
7.3 -0.973 0.549 0.874
7.4 -1.03 0.546 0.873
7.5 -1.09 0.543 0.873
7.6 -1.15 0.539 0.873
7.7 -1.21 0.534 0.872
7.8 -1.27 0.529 0.872
7.9 -1.32 0.524 0.872
8.0 -1.34 0.518 0.871
8.1 -1.32 0.502 0.871
8.2 -1.16 0.475 0.87
8.3 -1.49 0.444 0.87
8.4 -1.56 0.413 0.869
8.5 -1.61 0.387 0.868
8.6 -1.67 0.359 0.866
8.7 -1.72 0.334 0.864
8.8 -1.76 0.31 0.862
8.9 -1.8 0.287 0.86
9.0 -1.84 0.266 0.858
9.1 -1.88 0.245 0.855
9.2 -1.92 0.221 0.852
9.3 -1.96 0.197 0.849
9.4 -1.99 0.172 0.846
9.5 -2.03 0.144 0.843
9.6 -2.08 0.113 0.84
9.7 -2.12 0.0762 0.836
9.8 -2.14 0.0332 0.833
9.9 -2.22 -0.0146 0.83
10.0 -2.24 -0.0641 0.827
10.1 -2.26 -0.111 0.825
10.2 -2.28 -0.156 0.822
10.3 -2.3 -0.199 0.82
10.4 -2.33 -0.239 0.819
10.5 -2.35 -0.277 0.817
10.6 -2.37 -0.313 0.815
10.7 -2.39 -0.347 0.814
10.8 -2.4 -0.379 0.813
10.9 -2.42 -0.409 0.811
11.0 -2.43 -0.438 0.81
11.1 -2.43 -0.465 0.809
11.2 -2.44 -0.49 0.807
11.3 -2.44 -0.514 0.806
11.4 -2.44 -0.537 0.805
11.5 -2.44 -0.558 0.803
11.6 -2.44 -0.578 0.802
11.7 -2.43 -0.596 0.8
11.8 -2.42 -0.613 0.799
11.9 -2.42 -0.629 0.797
12.0 -2.41 -0.644 0.795
12.1 -2.4 -0.657 0.793
12.2 -2.39 -0.67 0.791
12.3 -2.38 -0.681 0.79
12.4 -2.37 -0.692 0.788
12.5 -2.36 -0.701 0.786
12.6 -2.35 -0.71 0.784
12.7 -2.34 -0.718 0.782
12.8 -2.33 -0.726 0.779
12.9 -2.33 -0.733 0.777
13.0 -2.33 -0.739 0.775
13.1 -2.33 -0.745 0.773
13.2 -2.33 -0.751 0.771
13.3 -2.35 -0.756 0.769
13.4 -2.35 -0.761 0.767
13.5 -2.27 -0.765 0.765
13.6 -2.18 -0.77 0.763
13.7 -2.1 -0.774 0.761
13.8 -2.02 -0.778 0.759
13.9 -1.94 -0.782 0.757
14.0 -1.86 -0.786 0.755
14.1 -1.79 -0.789 0.753
14.2 -1.71 -0.792 0.751
14.3 -1.64 -0.795 0.749
14.4 -1.57 -0.797 0.747
14.5 -1.5 -0.798 0.745
14.6 -1.43 -0.798 0.743
14.7 -1.36 -0.796 0.741
14.8 -1.29 -0.792 0.739
14.9 -1.23 -0.785 0.737
15.0 -1.16 -0.775 0.736
15.1 -1.1 -0.762 0.734
15.2 -1.03 -0.744 0.732
15.3 -0.961 -0.723 0.73
15.4 -0.889 -0.7 0.728
15.5 -0.813 -0.678 0.726
15.6 -0.731 -0.666 0.724
15.7 -0.642 -0.735 0.721
15.8 -0.544 -0.821 0.718
15.9 -0.436 -0.855 0.72
16.0 -0.316 -0.817 0.733
16.1 -0.185 -0.74 0.752
16.2 -0.0457 -0.614 0.77
16.3 0.104 -0.433 0.767
16.4 0.273 -0.195 0.688
16.5 0.478 0.0963 0.258
16.6 0.737 0.44 0.44
16.7 1.07 0.857 0.857
16.8 1.5 1.37 1.37
16.9 2.04 2.01 2.01
17.0 2.74 2.79 2.79
17.1 3.6 3.77 3.77
17.2 4.68 4.97 4.97
17.3 6.02 6.45 6.45
17.4 7.66 8.26 8.26
17.5 9.67 10.5 10.5
17.6 12.1 13.2 13.2
17.7 15.1 16.6 16.6
17.8 18.7 20.6 20.6
17.9 23.1 25.6 25.6
18.0 28.4 31.6 31.6
18.1 34.9 39.0 39.0
18.2 42.6 48.0 48.0
18.3 52.0 58.8 58.8
18.4 63.3 72.0 72.0
18.5 77.0 88.1 88.1
18.6 93.5 1.08e+02 1.08e+02
18.7 1.13e+02 1.31e+02 1.31e+02
18.8 1.38e+02 1.6e+02 1.6e+02
18.9 1.67e+02 1.94e+02 1.94e+02
19.0 2.02e+02 2.36e+02 2.36e+02
19.1 2.44e+02 2.87e+02 2.87e+02
19.2 2.95e+02 3.48e+02 3.48e+02
19.3 3.57e+02 4.22e+02 4.22e+02
19.4 4.31e+02 5.12e+02 5.12e+02
19.5 5.2e+02 6.21e+02 6.21e+02
19.6 6.28e+02 7.52e+02 7.52e+02
19.7 7.58e+02 9.1e+02 9.1e+02
19.8 9.15e+02 1.1e+03 1.1e+03
19.9 1.1e+03 1.33e+03 1.33e+03
20.0 1.33e+03 1.61e+03 1.61e+03
20.1 1.61e+03 1.95e+03 1.95e+03
20.2 1.94e+03 2.36e+03 2.36e+03
20.3 2.34e+03 2.85e+03 2.85e+03
20.4 2.82e+03 3.45e+03 3.45e+03
20.5 3.4e+03 4.17e+03 4.17e+03
20.6 4.1e+03 5.04e+03 5.04e+03
20.7 4.95e+03 6.09e+03 6.09e+03
20.8 5.97e+03 7.35e+03 7.35e+03
20.9 7.2e+03 8.88e+03 8.88e+03
21.0 8.69e+03 1.07e+04 1.07e+04
21.1 1.05e+04 1.3e+04 1.3e+04
21.2 1.26e+04 1.57e+04 1.57e+04
21.3 1.52e+04 1.89e+04 1.89e+04
21.4 1.84e+04 2.28e+04 2.28e+04
21.5 2.22e+04 2.76e+04 2.76e+04
21.6 2.67e+04 3.33e+04 3.33e+04
21.7 3.22e+04 4.02e+04 4.02e+04
21.8 3.89e+04 4.85e+04 4.85e+04
21.9 4.69e+04 5.85e+04 5.85e+04
22.0 5.66e+04 7.07e+04 7.07e+04
22.1 6.83e+04 8.53e+04 8.53e+04
22.2 8.23e+04 1.03e+05 1.03e+05
22.3 9.93e+04 1.24e+05 1.24e+05
22.4 1.2e+05 1.5e+05 1.5e+05
22.5 1.44e+05 1.81e+05 1.81e+05
22.6 1.74e+05 2.18e+05 2.18e+05
22.7 2.1e+05 2.64e+05 2.64e+05
22.8 2.54e+05 3.18e+05 3.18e+05
22.9 3.06e+05 3.84e+05 3.84e+05
23.0 3.69e+05 4.63e+05 4.63e+05
23.1 4.45e+05 5.59e+05 5.59e+05
23.2 5.37e+05 6.75e+05 6.75e+05
23.3 6.48e+05 8.14e+05 8.14e+05
23.4 7.81e+05 9.82e+05 9.82e+05
23.5 9.42e+05 1.19e+06 1.19e+06
23.6 1.14e+06 1.43e+06 1.43e+06
23.7 1.37e+06 1.73e+06 1.73e+06
23.8 1.65e+06 2.08e+06 2.08e+06
23.9 2e+06 2.51e+06 2.51e+06
24.0 2.41e+06 3.03e+06 3.03e+06
24.1 2.9e+06 3.66e+06 3.66e+06
24.2 3.5e+06 4.41e+06 4.41e+06
24.3 4.23e+06 5.32e+06 5.32e+06
24.4 5.1e+06 6.42e+06 6.42e+06
24.5 6.15e+06 7.75e+06 7.75e+06
24.6 7.42e+06 9.35e+06 9.35e+06
24.7 8.95e+06 1.13e+07 1.13e+07
24.8 1.08e+07 1.36e+07 1.36e+07
24.9 1.3e+07 1.64e+07 1.64e+07
25.0 1.57e+07 1.98e+07 1.98e+07
25.1 1.89e+07 2.39e+07 2.39e+07
25.2 2.29e+07 2.88e+07 2.88e+07
25.3 2.76e+07 3.48e+07 3.48e+07
25.4 3.33e+07 4.2e+07 4.2e+07
25.5 4.01e+07 5.06e+07 5.06e+07
25.6 4.84e+07 6.11e+07 6.11e+07
25.7 5.84e+07 7.37e+07 7.37e+07
25.8 7.04e+07 8.89e+07 8.89e+07
25.9 8.5e+07 1.07e+08 1.07e+08
26.0 1.03e+08 1.29e+08 1.29e+08
26.1 1.24e+08 1.56e+08 1.56e+08
26.2 1.49e+08 1.88e+08 1.88e+08
26.3 1.8e+08 2.27e+08 2.27e+08
26.4 2.17e+08 2.74e+08 2.74e+08
26.5 2.62e+08 3.31e+08 3.31e+08
26.6 3.16e+08 3.99e+08 3.99e+08
26.7 3.81e+08 4.81e+08 4.81e+08
26.8 4.6e+08 5.8e+08 5.8e+08
26.9 5.55e+08 7e+08 7e+08
27.0 6.69e+08 8.45e+08 8.45e+08
27.1 8.07e+08 1.02e+09 1.02e+09
27.2 9.74e+08 1.23e+09 1.23e+09
27.3 1.17e+09 1.48e+09 1.48e+09
27.4 1.42e+09 1.79e+09 1.79e+09
27.5 1.71e+09 2.16e+09 2.16e+09
27.6 2.06e+09 2.6e+09 2.6e+09
27.7 2.49e+09 3.14e+09 3.14e+09
27.8 3e+09 3.79e+09 3.79e+09
27.9 3.62e+09 4.57e+09 4.57e+09
28.0 4.37e+09 5.52e+09 5.52e+09
28.1 5.27e+09 6.65e+09 6.65e+09
28.2 6.36e+09 8.03e+09 8.03e+09
28.3 7.67e+09 9.68e+09 9.68e+09
28.4 9.25e+09 1.17e+10 1.17e+10
28.5 1.12e+10 1.41e+10 1.41e+10
28.6 1.35e+10 1.7e+10 1.7e+10
28.7 1.62e+10 2.05e+10 2.05e+10
28.8 1.96e+10 2.47e+10 2.47e+10
28.9 2.36e+10 2.98e+10 2.98e+10
29.0 2.85e+10 3.6e+10 3.6e+10
29.1 3.44e+10 4.34e+10 4.34e+10
29.2 4.15e+10 5.24e+10 5.24e+10
29.3 5.01e+10 6.32e+10 6.32e+10
29.4 6.04e+10 7.63e+10 7.63e+10
29.5 7.28e+10 9.2e+10 9.2e+10
29.6 8.79e+10 1.11e+11 1.11e+11
29.7 1.06e+11 1.34e+11 1.34e+11
29.8 1.28e+11 1.62e+11 1.62e+11
29.9 1.54e+11 1.95e+11 1.95e+11
30.0 1.86e+11 2.35e+11 2.35e+11
30.1 2.25e+11 2.84e+11 2.84e+11
30.2 2.71e+11 3.42e+11 3.42e+11
30.3 3.27e+11 4.13e+11 4.13e+11
30.4 3.94e+11 4.98e+11 4.98e+11
30.5 4.76e+11 6.01e+11 6.01e+11
30.6 5.74e+11 7.25e+11 7.25e+11
30.7 6.92e+11 8.74e+11 8.74e+11
30.8 8.35e+11 1.05e+12 1.05e+12
30.9 1.01e+12 1.27e+12 1.27e+12
31.0 1.21e+12 1.53e+12 1.53e+12
31.1 1.47e+12 1.85e+12 1.85e+12
31.2 1.77e+12 2.23e+12 2.23e+12
31.3 2.13e+12 2.69e+12 2.69e+12
31.4 2.57e+12 3.25e+12 3.25e+12
31.5 3.1e+12 3.92e+12 3.92e+12
31.6 3.74e+12 4.73e+12 4.73e+12
31.7 4.52e+12 5.71e+12 5.71e+12
31.8 5.45e+12 6.88e+12 6.88e+12
31.9 6.57e+12 8.3e+12 8.3e+12
32.0 7.93e+12 1e+13 1e+13
32.1 9.57e+12 1.21e+13 1.21e+13
32.2 1.15e+13 1.46e+13 1.46e+13
32.3 1.39e+13 1.76e+13 1.76e+13
32.4 1.68e+13 2.12e+13 2.12e+13
32.5 2.03e+13 2.56e+13 2.56e+13
32.6 2.44e+13 3.09e+13 3.09e+13
32.7 2.95e+13 3.72e+13 3.72e+13
32.8 3.56e+13 4.49e+13 4.49e+13
32.9 4.29e+13 5.42e+13 5.42e+13
33.0 5.18e+13 6.54e+13 6.54e+13
33.1 6.25e+13 7.89e+13 7.89e+13
33.2 7.53e+13 9.52e+13 9.52e+13
33.3 9.09e+13 1.15e+14 1.15e+14
33.4 1.1e+14 1.38e+14 1.38e+14
33.5 1.32e+14 1.67e+14 1.67e+14
33.6 1.6e+14 2.02e+14 2.02e+14
33.7 1.92e+14 2.43e+14 2.43e+14
33.8 2.32e+14 2.93e+14 2.93e+14
33.9 2.8e+14 3.54e+14 3.54e+14
34.0 3.38e+14 4.27e+14 4.27e+14
34.1 4.08e+14 5.15e+14 5.15e+14
34.2 4.92e+14 6.21e+14 6.21e+14
34.3 5.93e+14 7.49e+14 7.49e+14
34.4 7.16e+14 9.04e+14 9.04e+14
34.5 8.63e+14 1.09e+15 1.09e+15
34.6 1.04e+15 1.32e+15 1.32e+15
34.7 1.26e+15 1.59e+15 1.59e+15
34.8 1.52e+15 1.91e+15 1.91e+15
34.9 1.83e+15 2.31e+15 2.31e+15
35.0 2.21e+15 2.79e+15 2.79e+15
35.1 2.66e+15 3.36e+15 3.36e+15
35.2 3.21e+15 4.06e+15 4.06e+15
35.3 3.87e+15 4.89e+15 4.89e+15
35.4 4.67e+15 5.9e+15 5.9e+15
35.5 5.64e+15 7.12e+15 7.12e+15
35.6 6.8e+15 8.59e+15 8.59e+15
35.7 8.2e+15 1.04e+16 1.04e+16
35.8 9.9e+15 1.25e+16 1.25e+16
35.9 1.19e+16 1.51e+16 1.51e+16
36.0 1.44e+16 1.82e+16 1.82e+16
36.1 1.74e+16 2.19e+16 2.19e+16
36.2 2.1e+16 2.65e+16 2.65e+16
36.3 2.53e+16 3.19e+16 3.19e+16
36.4 3.05e+16 3.85e+16 3.85e+16
36.5 3.68e+16 4.65e+16 4.65e+16
36.6 4.44e+16 5.61e+16 5.61e+16
36.7 5.35e+16 6.76e+16 6.76e+16
36.8 6.46e+16 8.16e+16 8.16e+16
36.9 7.79e+16 9.84e+16 9.84e+16
37.0 9.4e+16 1.19e+17 1.19e+17
37.1 1.13e+17 1.43e+17 1.43e+17
37.2 1.37e+17 1.73e+17 1.73e+17
37.3 1.65e+17 2.08e+17 2.08e+17
37.4 1.99e+17 2.51e+17 2.51e+17
37.5 2.4e+17 3.03e+17 3.03e+17
37.6 2.9e+17 3.66e+17 3.66e+17
37.7 3.5e+17 4.42e+17 4.42e+17
37.8 4.22e+17 5.33e+17 5.33e+17
37.9 5.09e+17 6.43e+17 6.43e+17
38.0 6.14e+17 7.75e+17 7.75e+17
38.1 7.4e+17 9.35e+17 9.35e+17
38.2 8.93e+17 1.13e+18 1.13e+18
38.3 1.08e+18 1.36e+18 1.36e+18
38.4 1.3e+18 1.64e+18 1.64e+18
38.5 1.57e+18 1.98e+18 1.98e+18
38.6 1.89e+18 2.39e+18 2.39e+18
38.7 2.28e+18 2.88e+18 2.88e+18
38.8 2.75e+18 3.48e+18 3.48e+18
38.9 3.32e+18 4.19e+18 4.19e+18
39.0 4.01e+18 5.06e+18 5.06e+18
39.1 4.83e+18 6.1e+18 6.1e+18
39.2 5.83e+18 7.36e+18 7.36e+18
39.3 7.03e+18 8.88e+18 8.88e+18
39.4 8.48e+18 1.07e+19 1.07e+19
39.5 1.02e+19 1.29e+19 1.29e+19
39.6 1.23e+19 1.56e+19 1.56e+19
39.7 1.49e+19 1.88e+19 1.88e+19
39.8 1.8e+19 2.27e+19 2.27e+19
39.9 2.17e+19 2.74e+19 2.74e+19
40.0 2.62e+19 3.3e+19 3.3e+19
40.1 3.15e+19 3.98e+19 3.98e+19
40.2 3.81e+19 4.81e+19 4.81e+19
40.3 4.59e+19 5.8e+19 5.8e+19
40.4 5.54e+19 7e+19 7e+19
40.5 6.68e+19 8.44e+19 8.44e+19
40.6 8.06e+19 1.02e+20 1.02e+20
40.7 9.72e+19 1.23e+20 1.23e+20
40.8 1.17e+20 1.48e+20 1.48e+20
40.9 1.42e+20 1.79e+20 1.79e+20
41.0 1.71e+20 2.16e+20 2.16e+20
41.1 2.06e+20 2.6e+20 2.6e+20
41.2 2.48e+20 3.14e+20 3.14e+20
41.3 3e+20 3.79e+20 3.79e+20
41.4 3.62e+20 4.57e+20 4.57e+20
41.5 4.36e+20 5.51e+20 5.51e+20
41.6 5.26e+20 6.65e+20 6.65e+20
41.7 6.35e+20 8.02e+20 8.02e+20
41.8 7.66e+20 9.67e+20 9.67e+20
41.9 9.24e+20 1.17e+21 1.17e+21
42.0 1.11e+21 1.41e+21 1.41e+21
42.1 1.34e+21 1.7e+21 1.7e+21
42.2 1.62e+21 2.05e+21 2.05e+21
42.3 1.96e+21 2.47e+21 2.47e+21
42.4 2.36e+21 2.98e+21 2.98e+21
42.5 2.85e+21 3.6e+21 3.6e+21
42.6 3.43e+21 4.34e+21 4.34e+21
42.7 4.14e+21 5.23e+21 5.23e+21
42.8 5e+21 6.31e+21 6.31e+21
42.9 6.03e+21 7.62e+21 7.62e+21
43.0 7.27e+21 9.19e+21 9.19e+21
43.1 8.78e+21 1.11e+22 1.11e+22
43.2 1.06e+22 1.34e+22 1.34e+22
43.3 1.28e+22 1.61e+22 1.61e+22
43.4 1.54e+22 1.95e+22 1.95e+22
43.5 1.86e+22 2.35e+22 2.35e+22
43.6 2.24e+22 2.83e+22 2.83e+22
43.7 2.7e+22 3.42e+22 3.42e+22
43.8 3.26e+22 4.12e+22 4.12e+22
43.9 3.94e+22 4.97e+22 4.97e+22
44.0 4.75e+22 6e+22 6e+22
44.1 5.73e+22 7.24e+22 7.24e+22
44.2 6.91e+22 8.73e+22 8.73e+22
44.3 8.34e+22 1.05e+23 1.05e+23
44.4 1.01e+23 1.27e+23 1.27e+23
44.5 1.21e+23 1.53e+23 1.53e+23
44.6 1.46e+23 1.85e+23 1.85e+23
44.7 1.77e+23 2.23e+23 2.23e+23
44.8 2.13e+23 2.69e+23 2.69e+23
44.9 2.57e+23 3.25e+23 3.25e+23
45.0 3.1e+23 3.92e+23 3.92e+23
45.1 3.74e+23 4.72e+23 4.72e+23
45.2 4.51e+23 5.7e+23 5.7e+23
45.3 5.44e+23 6.87e+23 6.87e+23
45.4 6.57e+23 8.29e+23 8.29e+23
45.5 7.92e+23 1e+24 1e+24
45.6 9.55e+23 1.21e+24 1.21e+24
45.7 1.15e+24 1.46e+24 1.46e+24
45.8 1.39e+24 1.76e+24 1.76e+24
45.9 1.68e+24 2.12e+24 2.12e+24
46.0 2.02e+24 2.56e+24 2.56e+24
46.1 2.44e+24 3.08e+24 3.08e+24
46.2 2.94e+24 3.72e+24 3.72e+24
46.3 3.55e+24 4.49e+24 4.49e+24
46.4 4.29e+24 5.41e+24 5.41e+24
46.5 5.17e+24 6.53e+24 6.53e+24
46.6 6.24e+24 7.88e+24 7.88e+24
46.7 7.52e+24 9.5e+24 9.5e+24
46.8 9.08e+24 1.15e+25 1.15e+25
46.9 1.09e+25 1.38e+25 1.38e+25
47.0 1.32e+25 1.67e+25 1.67e+25
47.1 1.59e+25 2.01e+25 2.01e+25
47.2 1.92e+25 2.43e+25 2.43e+25
47.3 2.32e+25 2.93e+25 2.93e+25
47.4 2.8e+25 3.53e+25 3.53e+25
47.5 3.37e+25 4.26e+25 4.26e+25
47.6 4.07e+25 5.14e+25 5.14e+25
47.7 4.91e+25 6.2e+25 6.2e+25
47.8 5.93e+25 7.48e+25 7.48e+25
47.9 7.15e+25 9.03e+25 9.03e+25
48.0 8.62e+25 1.09e+26 1.09e+26
48.1 1.04e+26 1.31e+26 1.31e+26
48.2 1.25e+26 1.59e+26 1.59e+26
48.3 1.51e+26 1.91e+26 1.91e+26
48.4 1.83e+26 2.31e+26 2.31e+26
48.5 2.2e+26 2.78e+26 2.78e+26
48.6 2.66e+26 3.36e+26 3.36e+26
48.7 3.21e+26 4.05e+26 4.05e+26
48.8 3.87e+26 4.89e+26 4.89e+26
48.9 4.67e+26 5.89e+26 5.89e+26
49.0 5.63e+26 7.11e+26 7.11e+26
49.1 6.79e+26 8.58e+26 8.58e+26
49.2 8.19e+26 1.03e+27 1.03e+27
49.3 9.88e+26 1.25e+27 1.25e+27
49.4 1.19e+27 1.51e+27 1.51e+27
49.5 1.44e+27 1.82e+27 1.82e+27
49.6 1.73e+27 2.19e+27 2.19e+27
49.7 2.09e+27 2.64e+27 2.64e+27
49.8 2.52e+27 3.19e+27 3.19e+27
49.9 3.05e+27 3.85e+27 3.85e+27
