0.0 0.0 0.0 -7.99e-22
0.1 0.0 0.0 -3.44e-21
0.2 0.0 0.0 -7.51e-20
0.3 0.0 0.0 -1.14e-18
0.4 0.0 0.0 -8.22e-18
0.5 0.0 0.0 -3.92e-17
0.6 0.0 0.0 -1.44e-16
0.7 0.0 0.0 -4.37e-16
0.8 0.0 0.0 -1.16e-15
0.9 0.0 0.0 -2.78e-15
1.0 0.0 0.0 -6.12e-15
1.1 0.0 0.0 -1.26e-14
1.2 0.0 0.0 -2.43e-14
1.3 0.0 0.0 -4.47e-14
1.4 0.0 0.0 -7.85e-14
1.5 0.0 0.0 -1.32e-13
1.6 0.0 0.0 -2.15e-13
1.7 0.0 0.0 -3.38e-13
1.8 0.0 0.0 -5.16e-13
1.9 0.0 0.0 -7.67e-13
2.0 0.0 0.0 -1.11e-12
2.1 0.0 0.0 -1.58e-12
2.2 0.0 0.0 -2.21e-12
2.3 0.0 0.0 -3.02e-12
2.4 0.0 0.0 -4.08e-12
2.5 0.0 0.0 -5.42e-12
2.6 0.0 0.0 -7.11e-12
2.7 0.0 0.0 -9.21e-12
2.8 0.0 0.0 -1.18e-11
2.9 0.0 0.0 -1.49e-11
3.0 0.0 0.0 -1.87e-11
3.1 0.0 0.0 -2.32e-11
3.2 0.0 0.0 -2.86e-11
3.3 0.0 0.0 -3.49e-11
3.4 0.0 0.0 -4.22e-11
3.5 0.0 0.0 -5.08e-11
3.6 0.0 0.0 -6.07e-11
3.7 0.0 0.0 -7.2e-11
3.8 0.0 0.0 -8.49e-11
3.9 0.0 0.0 -9.95e-11
4.0 0.0 0.0 -1.16e-10
4.1 0.0 0.0 -1.35e-10
4.2 0.0 0.0 -1.55e-10
4.3 0.0 0.0 -1.78e-10
4.4 0.0 0.0 -2.04e-10
4.5 0.0 0.0 -2.32e-10
4.6 0.0 0.0 -2.63e-10
4.7 0.0 0.0 -2.97e-10
4.8 0.0 0.0 -3.34e-10
4.9 0.0 0.0 -3.74e-10
5.0 0.0 0.0 -4.17e-10
5.1 0.0 0.0 -4.64e-10
5.2 0.0 0.0 -5.14e-10
5.3 0.0 0.0 -5.68e-10
5.4 0.0 0.0 -6.26e-10
5.5 0.0 0.0 -6.87e-10
5.6 0.0 0.0 -7.52e-10
5.7 0.0 0.0 -8.21e-10
5.8 0.0 0.0 -8.93e-10
5.9 0.0 0.0 -9.69e-10
6.0 0.0 0.0 -1.05e-09
6.1 0.0 0.0 -1.13e-09
6.2 0.0 0.0 -1.22e-09
6.3 0.0 0.0 -1.31e-09
6.4 0.0 0.0 -1.4e-09
6.5 0.0 0.0 -1.5e-09
6.6 0.0 0.0 -1.6e-09
6.7 0.0 0.0 -1.7e-09
6.8 0.0 0.0 -1.81e-09
6.9 0.0 0.0 -1.92e-09
7.0 0.0 0.0 -2.03e-09
7.1 0.0 0.0 -2.14e-09
7.2 0.0 0.0 -2.26e-09
7.3 0.0 0.0 -2.38e-09
7.4 0.0 0.0 -2.5e-09
7.5 0.0 0.0 -2.62e-09
7.6 0.0 0.0 -2.74e-09
7.7 0.0 0.0 -2.87e-09
7.8 0.0 0.0 -3e-09
7.9 0.0 0.0 -3.14e-09
8.0 0.0 0.0 -3.28e-09
8.1 0.0 0.0 -3.68e-09
8.2 0.0 0.0 -4.35e-09
8.3 0.0 0.0 -5.13e-09
8.4 0.0 0.0 -5.92e-09
8.5 0.0 0.0 -6.6e-09
8.6 0.0 0.0 -7.21e-09
8.7 0.0 0.0 -7.73e-09
8.8 0.0 0.0 -8.19e-09
8.9 0.0 0.0 -8.59e-09
9.0 0.0 0.0 -8.94e-09
9.1 0.0 0.0 -9.24e-09
9.2 0.0 0.0 -9.51e-09
9.3 0.0 0.0 -9.74e-09
9.4 0.0 0.0 -9.95e-09
9.5 0.0 0.0 -1.01e-08
9.6 0.0 0.0 -1.03e-08
9.7 0.0 0.0 -1.04e-08
9.8 0.0 0.0 -1.05e-08
9.9 0.0 0.0 -1.08e-08
10.0 0.0 0.0 -1.12e-08
10.1 0.0 0.0 -1.16e-08
10.2 0.0 0.0 -1.2e-08
10.3 0.0 0.0 -1.23e-08
10.4 0.0 0.0 -1.27e-08
10.5 0.0 0.0 -1.3e-08
10.6 0.0 0.0 -1.34e-08
10.7 0.0 0.0 -1.38e-08
10.8 0.0 0.0 -1.41e-08
10.9 0.0 0.0 -1.45e-08
11.0 0.0 0.0 -1.48e-08
11.1 0.0 0.0 -1.52e-08
11.2 0.0 0.0 -1.56e-08
11.3 0.0 0.0 -1.61e-08
11.4 0.0 0.0 -1.65e-08
11.5 0.0 0.0 -1.7e-08
11.6 0.0 0.0 -1.75e-08
11.7 0.0 0.0 -1.8e-08
11.8 0.0 0.0 -1.86e-08
11.9 0.0 0.0 -1.93e-08
12.0 0.0 0.0 -1.99e-08
12.1 0.0 0.0 -2.07e-08
12.2 0.0 0.0 -2.14e-08
12.3 0.0 0.0 -2.23e-08
12.4 0.0 0.0 -2.32e-08
12.5 0.0 0.0 -2.41e-08
12.6 0.0 0.0 -2.51e-08
12.7 0.0 0.0 -2.62e-08
12.8 0.0 0.0 -2.74e-08
12.9 0.0 0.0 -2.86e-08
13.0 0.0 0.0 -2.98e-08
13.1 0.0 0.0 -3.12e-08
13.2 0.0 0.0 -3.26e-08
13.3 0.0 0.0 -3.4e-08
13.4 0.0 0.0 -3.55e-08
13.5 0.0 0.0 -3.71e-08
13.6 0.0 0.0 -3.87e-08
13.7 0.0 0.0 -4.01e-08
13.8 0.0 0.0 -4.12e-08
13.9 0.0 0.0 -4.23e-08
14.0 0.0 0.0 -4.32e-08
14.1 0.0 0.0 -4.4e-08
14.2 0.0 0.0 -4.47e-08
14.3 0.0 0.0 -4.53e-08
14.4 0.0 0.0 -4.58e-08
14.5 0.0 0.0 -4.63e-08
14.6 0.0 0.0 -4.67e-08
14.7 0.0 0.0 -4.71e-08
14.8 0.0 0.0 -4.74e-08
14.9 0.0 0.0 -4.76e-08
15.0 0.0 0.0 -4.79e-08
15.1 0.0 0.0 -4.81e-08
15.2 0.0 0.0 -4.83e-08
15.3 0.0 0.0 -4.84e-08
15.4 0.0 0.0 -4.86e-08
15.5 0.0 0.0 -4.87e-08
15.6 0.0 0.0 -4.88e-08
15.7 0.0 0.0 -4.89e-08
15.8 0.0 0.0 -4.9e-08
15.9 0.0 0.0 -4.9e-08
16.0 0.0 0.0 -4.91e-08
16.1 0.0 0.0 -4.91e-08
16.2 0.0 0.0 -4.92e-08
16.3 0.0 0.0 -4.92e-08
16.4 0.0 0.0 -4.93e-08
16.5 0.0 0.0 -4.93e-08
16.6 0.0 0.0 -4.93e-08
16.7 0.0 0.0 -4.94e-08
16.8 0.0 0.0 -4.94e-08
16.9 0.0 0.0 -4.94e-08
17.0 0.0 0.0 -4.94e-08
17.1 0.0 0.0 -4.94e-08
17.2 0.0 0.0 -4.94e-08
17.3 0.0 0.0 -4.94e-08
17.4 0.0 0.0 -4.95e-08
17.5 0.0 0.0 -4.95e-08
17.6 0.0 0.0 -4.95e-08
17.7 0.0 0.0 -4.95e-08
17.8 0.0 0.0 -4.95e-08
17.9 0.0 0.0 -4.95e-08
18.0 0.0 0.0 -4.95e-08
18.1 0.0 0.0 -4.95e-08
18.2 0.0 0.0 -4.95e-08
18.3 0.0 0.0 -4.95e-08
18.4 0.0 0.0 -4.95e-08
18.5 0.0 0.0 -4.95e-08
18.6 0.0 0.0 -4.95e-08
18.7 0.0 0.0 -4.95e-08
18.8 0.0 0.0 -4.95e-08
18.9 0.0 0.0 -4.95e-08
19.0 0.0 0.0 -4.95e-08
19.1 0.0 0.0 -4.95e-08
19.2 0.0 0.0 -4.95e-08
19.3 0.0 0.0 -4.95e-08
19.4 0.0 0.0 -4.95e-08
19.5 0.0 0.0 -4.95e-08
19.6 0.0 0.0 -4.95e-08
19.7 0.0 0.0 -4.95e-08
19.8 0.0 0.0 -4.95e-08
19.9 0.0 0.0 -4.95e-08
20.0 0.0 0.0 -4.95e-08
20.1 0.0 0.0 -4.95e-08
20.2 0.0 0.0 -4.95e-08
20.3 0.0 0.0 -4.95e-08
20.4 0.0 0.0 -4.95e-08
20.5 0.0 0.0 -4.95e-08
20.6 0.0 0.0 -4.95e-08
20.7 0.0 0.0 -4.95e-08
20.8 0.0 0.0 -4.95e-08
20.9 0.0 0.0 -4.95e-08
21.0 0.0 0.0 -4.95e-08
21.1 0.0 0.0 -4.95e-08
21.2 0.0 0.0 -4.95e-08
21.3 0.0 0.0 -4.95e-08
21.4 0.0 0.0 -4.95e-08
21.5 0.0 0.0 -4.95e-08
21.6 0.0 0.0 -4.95e-08
21.7 0.0 0.0 -4.95e-08
21.8 0.0 0.0 -4.95e-08
21.9 0.0 0.0 -4.95e-08
22.0 0.0 0.0 -4.95e-08
22.1 0.0 0.0 -4.95e-08
22.2 0.0 0.0 -4.95e-08
22.3 0.0 0.0 -4.95e-08
22.4 0.0 0.0 -4.95e-08
22.5 0.0 0.0 -4.95e-08
22.6 0.0 0.0 -4.95e-08
22.7 0.0 0.0 -4.95e-08
22.8 0.0 0.0 -4.95e-08
22.9 0.0 0.0 -4.95e-08
23.0 0.0 0.0 -4.95e-08
23.1 0.0 0.0 -4.95e-08
23.2 0.0 0.0 -4.95e-08
23.3 0.0 0.0 -4.95e-08
23.4 0.0 0.0 -4.95e-08
23.5 0.0 0.0 -4.95e-08
23.6 0.0 0.0 -4.95e-08
23.7 0.0 0.0 -4.95e-08
23.8 0.0 0.0 -4.95e-08
23.9 0.0 0.0 -4.95e-08
24.0 0.0 0.0 -4.95e-08
24.1 0.0 0.0 -4.95e-08
24.2 0.0 0.0 -4.95e-08
24.3 0.0 0.0 -4.95e-08
24.4 0.0 0.0 -4.95e-08
24.5 0.0 0.0 -4.95e-08
24.6 0.0 0.0 -4.95e-08
24.7 0.0 0.0 -4.95e-08
24.8 0.0 0.0 -4.95e-08
24.9 0.0 0.0 -4.95e-08
25.0 0.0 0.0 -4.95e-08
25.1 0.0 0.0 -4.95e-08
25.2 0.0 0.0 -4.95e-08
25.3 0.0 0.0 -4.95e-08
25.4 0.0 0.0 -4.95e-08
25.5 0.0 0.0 -4.95e-08
25.6 0.0 0.0 -4.95e-08
25.7 0.0 0.0 -4.95e-08
25.8 0.0 0.0 -4.95e-08
25.9 0.0 0.0 -4.95e-08
26.0 0.0 0.0 -4.95e-08
26.1 0.0 0.0 -4.95e-08
26.2 0.0 0.0 -4.95e-08
26.3 0.0 0.0 -4.95e-08
26.4 0.0 0.0 -4.95e-08
26.5 0.0 0.0 -4.95e-08
26.6 0.0 0.0 -4.95e-08
26.7 0.0 0.0 -4.95e-08
26.8 0.0 0.0 -4.95e-08
26.9 0.0 0.0 -4.95e-08
27.0 0.0 0.0 -4.95e-08
27.1 0.0 0.0 -4.95e-08
27.2 0.0 0.0 -4.95e-08
27.3 0.0 0.0 -4.95e-08
27.4 0.0 0.0 -4.95e-08
27.5 0.0 0.0 -4.95e-08
27.6 0.0 0.0 -4.95e-08
27.7 0.0 0.0 -4.95e-08
27.8 0.0 0.0 -4.95e-08
27.9 0.0 0.0 -4.95e-08
28.0 0.0 0.0 -4.95e-08
28.1 0.0 0.0 -4.95e-08
28.2 0.0 0.0 -4.95e-08
28.3 0.0 0.0 -4.95e-08
28.4 0.0 0.0 -4.95e-08
28.5 0.0 0.0 -4.95e-08
28.6 0.0 0.0 -4.95e-08
28.7 0.0 0.0 -4.95e-08
28.8 0.0 0.0 -4.95e-08
28.9 0.0 0.0 -4.95e-08
29.0 0.0 0.0 -4.95e-08
29.1 0.0 0.0 -4.95e-08
29.2 0.0 0.0 -4.95e-08
29.3 0.0 0.0 -4.95e-08
29.4 0.0 0.0 -4.95e-08
29.5 0.0 0.0 -4.95e-08
29.6 0.0 0.0 -4.95e-08
29.7 0.0 0.0 -4.95e-08
29.8 0.0 0.0 -4.95e-08
29.9 0.0 0.0 -4.95e-08
30.0 0.0 0.0 -4.95e-08
30.1 0.0 0.0 -4.95e-08
30.2 0.0 0.0 -4.95e-08
30.3 0.0 0.0 -4.95e-08
30.4 0.0 0.0 -4.95e-08
30.5 0.0 0.0 -4.95e-08
30.6 0.0 0.0 -4.95e-08
30.7 0.0 0.0 -4.95e-08
30.8 0.0 0.0 -4.95e-08
30.9 0.0 0.0 -4.95e-08
31.0 0.0 0.0 -4.95e-08
31.1 0.0 0.0 -4.95e-08
31.2 0.0 0.0 -4.95e-08
31.3 0.0 0.0 -4.95e-08
31.4 0.0 0.0 -4.95e-08
31.5 0.0 0.0 -4.95e-08
31.6 0.0 0.0 -4.95e-08
31.7 0.0 0.0 -4.95e-08
31.8 0.0 0.0 -4.95e-08
31.9 0.0 0.0 -4.95e-08
32.0 0.0 0.0 -4.95e-08
32.1 0.0 0.0 -4.95e-08
32.2 0.0 0.0 -4.95e-08
32.3 0.0 0.0 -4.95e-08
32.4 0.0 0.0 -4.95e-08
32.5 0.0 0.0 -4.95e-08
32.6 0.0 0.0 -4.95e-08
32.7 0.0 0.0 -4.95e-08
32.8 0.0 0.0 -4.95e-08
32.9 0.0 0.0 -4.95e-08
33.0 0.0 0.0 -4.95e-08
33.1 0.0 0.0 -4.95e-08
33.2 0.0 0.0 -4.95e-08
33.3 0.0 0.0 -4.95e-08
33.4 0.0 0.0 -4.95e-08
33.5 0.0 0.0 -4.95e-08
33.6 0.0 0.0 -4.95e-08
33.7 0.0 0.0 -4.95e-08
33.8 0.0 0.0 -4.95e-08
33.9 0.0 0.0 -4.95e-08
34.0 0.0 0.0 -4.95e-08
34.1 0.0 0.0 -4.95e-08
34.2 0.0 0.0 -4.95e-08
34.3 0.0 0.0 -4.95e-08
34.4 0.0 0.0 -4.95e-08
34.5 0.0 0.0 -4.95e-08
34.6 0.0 0.0 -4.95e-08
34.7 0.0 0.0 -4.95e-08
34.8 0.0 0.0 -4.95e-08
34.9 0.0 0.0 -4.95e-08
35.0 0.0 0.0 -4.95e-08
35.1 0.0 0.0 -4.95e-08
35.2 0.0 0.0 -4.95e-08
35.3 0.0 0.0 -4.95e-08
35.4 0.0 0.0 -4.95e-08
35.5 0.0 0.0 -4.95e-08
35.6 0.0 0.0 -4.95e-08
35.7 0.0 0.0 -4.95e-08
35.8 0.0 0.0 -4.95e-08
35.9 0.0 0.0 -4.95e-08
36.0 0.0 0.0 -4.95e-08
36.1 0.0 0.0 -4.95e-08
36.2 0.0 0.0 -4.95e-08
36.3 0.0 0.0 -4.95e-08
36.4 0.0 0.0 -4.95e-08
36.5 0.0 0.0 -4.95e-08
36.6 0.0 0.0 -4.95e-08
36.7 0.0 0.0 -4.95e-08
36.8 0.0 0.0 -4.95e-08
36.9 0.0 0.0 -4.95e-08
37.0 0.0 0.0 -4.95e-08
37.1 0.0 0.0 -4.95e-08
37.2 0.0 0.0 -4.95e-08
37.3 0.0 0.0 -4.95e-08
37.4 0.0 0.0 -4.95e-08
37.5 0.0 0.0 -4.95e-08
37.6 0.0 0.0 -4.95e-08
37.7 0.0 0.0 -4.95e-08
37.8 0.0 0.0 -4.95e-08
37.9 0.0 0.0 -4.95e-08
38.0 0.0 0.0 -4.95e-08
38.1 0.0 0.0 -4.95e-08
38.2 0.0 0.0 -4.95e-08
38.3 0.0 0.0 -4.95e-08
38.4 0.0 0.0 -4.95e-08
38.5 0.0 0.0 -4.95e-08
38.6 0.0 0.0 -4.95e-08
38.7 0.0 0.0 -4.95e-08
38.8 0.0 0.0 -4.95e-08
38.9 0.0 0.0 -4.95e-08
39.0 0.0 0.0 -4.95e-08
39.1 0.0 0.0 -4.95e-08
39.2 0.0 0.0 -4.95e-08
39.3 0.0 0.0 -4.95e-08
39.4 0.0 0.0 -4.95e-08
39.5 0.0 0.0 -4.95e-08
39.6 0.0 0.0 -4.95e-08
39.7 0.0 0.0 -4.95e-08
39.8 0.0 0.0 -4.95e-08
39.9 0.0 0.0 -4.95e-08
40.0 0.0 0.0 -4.95e-08
40.1 0.0 0.0 -4.95e-08
40.2 0.0 0.0 -4.95e-08
40.3 0.0 0.0 -4.95e-08
40.4 0.0 0.0 -4.95e-08
40.5 0.0 0.0 -4.95e-08
40.6 0.0 0.0 -4.95e-08
40.7 0.0 0.0 -4.95e-08
40.8 0.0 0.0 -4.95e-08
40.9 0.0 0.0 -4.95e-08
41.0 0.0 0.0 -4.95e-08
41.1 0.0 0.0 -4.95e-08
41.2 0.0 0.0 -4.95e-08
41.3 0.0 0.0 -4.95e-08
41.4 0.0 0.0 -4.95e-08
41.5 0.0 0.0 -4.95e-08
41.6 0.0 0.0 -4.95e-08
41.7 0.0 0.0 -4.95e-08
41.8 0.0 0.0 -4.95e-08
41.9 0.0 0.0 -4.95e-08
42.0 0.0 0.0 -4.95e-08
42.1 0.0 0.0 -4.95e-08
42.2 0.0 0.0 -4.95e-08
42.3 0.0 0.0 -4.95e-08
42.4 0.0 0.0 -4.95e-08
42.5 0.0 0.0 -4.95e-08
42.6 0.0 0.0 -4.95e-08
42.7 0.0 0.0 -4.95e-08
42.8 0.0 0.0 -4.95e-08
42.9 0.0 0.0 -4.95e-08
43.0 0.0 0.0 -4.95e-08
43.1 0.0 0.0 -4.95e-08
43.2 0.0 0.0 -4.95e-08
43.3 0.0 0.0 -4.95e-08
43.4 0.0 0.0 -4.95e-08
43.5 0.0 0.0 -4.95e-08
43.6 0.0 0.0 -4.95e-08
43.7 0.0 0.0 -4.95e-08
43.8 0.0 0.0 -4.95e-08
43.9 0.0 0.0 -4.95e-08
44.0 0.0 0.0 -4.95e-08
44.1 0.0 0.0 -4.95e-08
44.2 0.0 0.0 -4.95e-08
44.3 0.0 0.0 -4.95e-08
44.4 0.0 0.0 -4.95e-08
44.5 0.0 0.0 -4.95e-08
44.6 0.0 0.0 -4.95e-08
44.7 0.0 0.0 -4.95e-08
44.8 0.0 0.0 -4.95e-08
44.9 0.0 0.0 -4.95e-08
45.0 0.0 0.0 -4.95e-08
45.1 0.0 0.0 -4.95e-08
45.2 0.0 0.0 -4.95e-08
45.3 0.0 0.0 -4.95e-08
45.4 0.0 0.0 -4.95e-08
45.5 0.0 0.0 -4.95e-08
45.6 0.0 0.0 -4.95e-08
45.7 0.0 0.0 -4.95e-08
45.8 0.0 0.0 -4.95e-08
45.9 0.0 0.0 -4.95e-08
46.0 0.0 0.0 -4.95e-08
46.1 0.0 0.0 -4.95e-08
46.2 0.0 0.0 -4.95e-08
46.3 0.0 0.0 -4.95e-08
46.4 0.0 0.0 -4.95e-08
46.5 0.0 0.0 -4.95e-08
46.6 0.0 0.0 -4.95e-08
46.7 0.0 0.0 -4.95e-08
46.8 0.0 0.0 -4.95e-08
46.9 0.0 0.0 -4.95e-08
47.0 0.0 0.0 -4.95e-08
47.1 0.0 0.0 -4.95e-08
47.2 0.0 0.0 -4.95e-08
47.3 0.0 0.0 -4.95e-08
47.4 0.0 0.0 -4.95e-08
47.5 0.0 0.0 -4.95e-08
47.6 0.0 0.0 -4.95e-08
47.7 0.0 0.0 -4.95e-08
47.8 0.0 0.0 -4.95e-08
47.9 0.0 0.0 -4.95e-08
48.0 0.0 0.0 -4.95e-08
48.1 0.0 0.0 -4.95e-08
48.2 0.0 0.0 -4.95e-08
48.3 0.0 0.0 -4.95e-08
48.4 0.0 0.0 -4.95e-08
48.5 0.0 0.0 -4.95e-08
48.6 0.0 0.0 -4.95e-08
48.7 0.0 0.0 -4.95e-08
48.8 0.0 0.0 -4.95e-08
48.9 0.0 0.0 -4.95e-08
49.0 0.0 0.0 -4.95e-08
49.1 0.0 0.0 -4.95e-08
49.2 0.0 0.0 -4.95e-08
49.3 0.0 0.0 -4.95e-08
49.4 0.0 0.0 -4.95e-08
49.5 0.0 0.0 -4.95e-08
49.6 0.0 0.0 -4.95e-08
49.7 0.0 0.0 -4.95e-08
49.8 0.0 0.0 -4.95e-08
49.9 0.0 0.0 -4.95e-08
